3244
50
10
24.667722388530933

[0.0267265  0.08810187 0.07968282 0.06521589 0.06657013 0.08649917
 0.07986269 0.07321846 0.04636135 0.04336752 0.02582268 0.09214668
 0.06565231 0.06479952 0.06370769 0.02123474 0.06883775 0.02721053
 0.02356182 0.03761    0.09321648 0.04635309 0.0867178  0.02619491
 0.02772029 0.0842095  0.0795771  0.02304986 0.04045495 0.09158189
 0.05620118 0.08560914 0.07591922 0.04710832 0.05042384 0.06601214
 0.08505635 0.05839474 0.04800484 0.02185362 0.06505644 0.03659673
 0.05740094 0.07213071 0.06625586 0.09474843 0.02948938 0.04433318
 0.08476173 0.07142667]

[[29.9919015  19.98486799 19.79584613 19.79028917 20.15066039 20.09421341
  20.01978089 19.42393169 20.27838847 20.20228037 20.42279428 20.08970456
  20.50534056 19.51764924 20.55368381 20.12579232 20.5020212  20.47807842
  19.95700319 19.73944847 20.58126786 20.52168487 20.1607814  20.42774898
  19.86304023 20.61763352 20.3315913  20.20168659 20.60133963 20.11843562
  19.87272072 19.72920645 19.11473921 20.43217744 19.95969344 20.18930278
  20.1704195  19.98388779 20.28605464 19.80897366 19.76036008 20.33060918
  20.20505102 19.86911722 20.00701682 20.50249859 20.34587921 20.31719359
  20.82730055 19.48034533]
[19.98486799 29.73248392 19.43280979 19.51909802 20.12706047 20.11215823
  20.01306081 19.05156234 19.8028176  19.9110128  20.02434987 19.61387408
  20.15746649 20.06907193 20.21401065 19.84832965 20.43787502 20.33019236
  20.45955556 19.92719604 19.93088342 19.9307968  19.81768616 19.42082316
  19.94779821 20.34833298 20.29246569 20.24255768 20.30784919 19.86232396
  20.02885458 19.8609985  19.42412979 20.49860198 19.59354246 19.91070246
  19.69679807 19.92406783 20.34279652 19.81021604 20.14945685 19.66798891
  19.82174376 19.62662508 20.13028823 20.57503126 20.16866924 19.59217336
  20.48409834 19.79075815]
[19.79584613 19.43280979 28.97469887 19.25568247 20.02872103 19.91502479
  19.82174569 19.33796183 19.43261855 20.26011609 20.24864375 19.53662226
  20.19673046 19.69034555 20.07930858 19.2542914  19.8128133  20.08774409
  20.02080956 19.44659727 19.68202622 19.78858447 19.76656585 19.34706444
  19.36729115 20.141485   19.72549541 19.70628198 19.82471464 19.56521412
  19.82048385 19.31792202 19.23475235 20.15650026 19.67882684 19.38084854
  19.61191839 19.68537821 19.6969891  19.92189636 19.63983867 19.72934317
  19.72350674 19.5083044  19.59445394 20.0570329  19.42612822 19.37426077
  20.1991867  19.41008129]
[19.79028917 19.51909802 19.25568247 29.13398853 19.89034871 19.88893169
  19.25477195 19.05991305 19.83147964 20.13786277 19.90610627 19.45632692
  19.83874148 19.87484475 20.02821321 19.11760218 19.88222088 20.06634092
  19.71112041 19.48288893 19.75129093 19.84351798 19.95550922 19.66922472
  19.66402762 20.08604901 19.69191424 19.70992458 19.5332397  19.46447215
  19.8970189  19.53941052 19.40379072 20.00920252 19.4832404  19.13168271
  19.66796337 19.66896357 19.62928143 19.3828624  19.6994762  19.44961875
  19.43951254 19.56189986 19.65368889 20.14558574 19.75208283 19.60225931
  20.45554068 19.68915359]
[20.15066039 20.12706047 20.02872103 19.89034871 29.91510771 20.07895708
  20.05205794 19.21964391 20.24188123 20.45342883 20.5320904  19.98996665
  20.18778708 19.83701811 20.78642919 19.48021019 20.80586054 20.35583166
  19.65821661 19.94211664 20.39230318 20.31525951 20.27604228 20.02351351
  19.97520772 20.52806774 20.22340626 20.33405971 20.34721469 19.81555797
  20.11183022 19.78368543 19.70071456 20.73610393 20.21835345 19.77771436
  20.36689406 20.01347583 20.24071575 19.88471425 19.69782624 19.83011862
  20.37316965 19.68294444 20.60162411 20.05014294 20.27996502 20.01910358
  20.22583755 19.84630675]
[20.09421341 20.11215823 19.91502479 19.88893169 20.07895708 29.84783902
  19.63235281 19.22781934 19.79270727 20.5052623  20.46814305 20.44782277
  20.36180687 20.30283672 20.36822022 19.57045255 20.49474067 20.63775424
  19.87961896 20.08024301 20.44692032 20.49778715 20.1679121  19.40927359
  19.76283069 20.40318794 20.10974428 19.96428205 20.0203832  19.67815511
  19.73692617 19.61988681 19.2810532  20.98564034 19.7755534  20.20219605
  19.95607558 19.93513147 20.05714703 19.79479816 19.99410408 20.03360217
  20.4424247  19.92722183 19.82553741 20.38919051 20.13590007 19.9232111
  20.52340202 20.2456213 ]
[20.01978089 20.01306081 19.82174569 19.25477195 20.05205794 19.63235281
  29.40607979 19.38180401 19.81174375 20.00017717 20.27542154 19.62959639
  20.15169566 19.67416124 20.32959224 19.75808908 20.26235741 20.44205432
  19.58299948 19.92023951 19.84075749 20.30613858 19.68454822 19.46960235
  20.0426892  20.1360772  20.18501451 19.53966135 19.60025864 19.80844474
  19.84748475 19.4877599  19.68478163 20.66366173 19.5507424  19.5123758
  20.12400806 19.4935742  20.14371132 19.92636008 20.04777639 20.09774128
  19.84158826 19.58970066 19.90162383 20.41452174 20.26916241 19.56734649
  20.54974738 20.08617714]
[19.42393169 19.05156234 19.33796183 19.05991305 19.21964391 19.22781934
  19.38180401 28.61833316 19.04068718 19.58319693 19.57855526 19.37038964
  19.72123603 19.58075975 19.55156817 19.267423   19.76039594 19.75781348
  19.35621081 19.48985225 19.52022435 19.45311987 19.35045493 19.46141929
  19.41489    19.89325757 19.51092073 19.6487378  19.4059063  19.39620434
  19.35845204 18.81548893 18.91900404 20.00794748 19.37876869 19.27467644
  19.61676143 19.74737806 20.07835368 19.21265033 19.46605727 19.55328964
  19.46897506 19.14085059 19.41183664 19.94096942 19.51241724 19.12897002
  20.13319673 19.32613058]
[20.27838847 19.8028176  19.43261855 19.83147964 20.24188123 19.79270727
  19.81174375 19.04068718 30.10771795 19.97755964 20.22620156 20.37276175
  19.96246031 19.75563314 20.5038319  19.69148496 20.50900079 20.21427367
  20.05352658 19.80294849 19.84913153 19.84432434 19.5946771  19.61071907
  20.06268266 19.9815047  20.24977623 20.13216675 20.20726784 20.171602
  20.06975239 19.57390905 19.53453968 20.48755947 19.80788202 19.74558366
  20.16462311 19.83658832 19.89732373 19.5876417  19.66644977 20.1948066
  20.0646975  19.93103467 19.80468939 20.39541537 20.09399047 19.92620795
  20.31601771 19.97050556]
[20.20228037 19.9110128  20.26011609 20.13786277 20.45342883 20.5052623
  20.00017717 19.58319693 19.97755964 31.05598946 20.5919134  20.20146714
  20.33524453 20.00598462 20.7335457  20.01308827 20.74430659 20.51319833
  20.32446913 20.25790029 20.26865912 20.1839931  20.26233359 20.1409803
  20.11607336 20.98019569 20.55083946 20.50363196 20.37524664 20.46683051
  20.40525318 20.1831958  19.52522369 20.99454826 20.184072   20.45614197
  20.49277789 20.16703102 20.79949837 19.97408786 20.48261705 20.52142569
  20.51481067 19.85338275 20.59871982 20.701329   20.75296849 20.31521657
  20.62630496 20.17405076]
[20.42279428 20.02434987 20.24864375 19.90610627 20.5320904  20.46814305
  20.27542154 19.57855526 20.22620156 20.5919134  30.47744122 20.59189309
  20.38528881 20.20500015 20.71253371 19.60649093 20.66200464 20.77218064
  20.41738803 20.30636887 20.26628716 20.18750284 20.21569648 20.42322148
  20.22231518 20.62918926 20.41134354 20.16282347 20.44365485 20.28291662
  20.32914889 20.00905091 19.25544601 20.65424226 20.14976027 19.96271509
  20.25924262 20.41685888 20.83950801 20.3596233  20.05527152 20.09425866
  20.37889263 19.87720912 20.36606936 20.37242922 20.47404208 19.81845911
  20.52150064 20.64801048]
[20.08970456 19.61387408 19.53662226 19.45632692 19.98996665 20.44782277
  19.62959639 19.37038964 20.37276175 20.20146714 20.59189309 29.94608702
  20.37915492 19.50146488 20.2262433  19.57284902 20.15480334 20.3241782
  19.80992842 20.04335042 20.04862504 19.89151725 20.1333899  19.88218133
  19.93114401 20.27525648 19.90749299 19.90259526 19.70404329 19.97850982
  20.04369615 19.72453083 19.06278028 20.09883226 20.17353246 19.8171871
  19.87537453 19.77889525 19.98992546 19.65183799 19.90762273 19.80611767
  19.92726842 19.92587675 20.18628606 20.39595937 19.88190009 19.81435714
  19.99034209 20.01462152]
[20.50534056 20.15746649 20.19673046 19.83874148 20.18778708 20.36180687
  20.15169566 19.72123603 19.96246031 20.33524453 20.38528881 20.37915492
  30.25539179 19.99916506 20.72550961 19.94463404 20.83317504 20.49777621
  20.0114659  19.96485714 20.32218426 20.35330204 20.2469985  20.04847482
  20.29302015 20.53217501 20.35984227 20.24662837 20.39269593 20.52567837
  19.94809999 19.77766839 19.60281066 20.55745497 19.88903896 20.05463037
  20.10707075 20.01167066 20.52773723 19.87107346 20.28890746 20.18925993
  20.57592281 19.75845228 20.2585091  20.80524717 20.0273654  20.1665485
  20.44200011 19.90395233]
[19.51764924 20.06907193 19.69034555 19.87484475 19.83701811 20.30283672
  19.67416124 19.58075975 19.75563314 20.00598462 20.20500015 19.50146488
  19.99916506 30.0540933  20.27446934 19.54213698 20.49627621 20.50858907
  19.78432995 19.65231338 19.71394175 20.12371388 19.84054111 19.7591163
  20.17243255 20.58252089 20.12838654 20.11830464 20.12512255 19.53851964
  19.98869421 19.64832513 19.42536658 20.42047059 20.09305289 19.95565522
  19.72876822 19.93379275 19.94192791 19.7345184  19.78397739 20.27443681
  20.06966993 19.64543423 20.06959851 20.56288825 19.57626055 19.71091853
  20.33018746 19.69113745]
[20.55368381 20.21401065 20.07930858 20.02821321 20.78642919 20.36822022
  20.32959224 19.55156817 20.5038319  20.7335457  20.71253371 20.2262433
  20.72550961 20.27446934 30.5102995  19.94601704 20.31124623 20.82533645
  20.59615946 20.41924805 20.43382575 20.50740857 20.13097258 20.37627425
  20.26305498 20.76166824 20.87202427 20.31950302 20.36767324 20.386686
  20.79935063 20.03837222 20.275575   21.28454087 20.3304603  20.34027009
  20.38351582 19.97041057 20.86365948 20.18133626 20.64937973 20.36164041
  20.04699507 19.93311142 20.27710221 20.9615745  20.55665954 20.43294262
  20.99840047 20.42976825]
[20.12579232 19.84832965 19.2542914  19.11760218 19.48021019 19.57045255
  19.75808908 19.267423   19.69148496 20.01308827 19.60649093 19.57284902
  19.94463404 19.54213698 19.94601704 29.25114945 19.87902878 19.87191227
  19.38854733 19.82510804 19.93688446 19.77022214 19.36743514 19.61773114
  19.75730846 20.01721195 19.74656969 19.34557333 19.92372323 19.96772448
  19.87862481 19.06362938 19.0709291  20.15908549 19.19110674 19.42916208
  19.39022261 19.37416884 19.87128955 19.57122513 19.1933428  19.82192994
  19.19712263 19.25460563 19.56916444 20.21810329 19.5713478  19.67953436
  20.151314   19.65668909]
[20.5020212  20.43787502 19.8128133  19.88222088 20.80586054 20.49474067
  20.26235741 19.76039594 20.50900079 20.74430659 20.66200464 20.15480334
  20.83317504 20.49627621 20.31124623 19.87902878 30.54912299 20.85637021
  20.4340116  20.25999777 20.51949099 20.7365676  20.52549595 20.29794394
  20.30051315 20.90475548 20.52501322 20.25401498 20.35360295 20.42242051
  20.6922743  19.91527914 19.6997913  21.15446321 20.2308892  20.29283739
  20.35883038 20.20950819 20.815102   20.27010327 20.34509765 20.60559457
  20.40359613 20.21201298 20.53120882 20.66818292 21.14906373 20.34372461
  21.09914998 20.29195103]
[20.47807842 20.33019236 20.08774409 20.06634092 20.35583166 20.63775424
  20.44205432 19.75781348 20.21427367 20.51319833 20.77218064 20.3241782
  20.49777621 20.50858907 20.82533645 19.87191227 20.85637021 30.24829531
  20.17982898 20.1230078  20.31520323 20.45300843 20.11969156 20.00384369
  20.1313508  20.96978474 20.36719743 20.56012574 20.62233842 20.14734804
  20.5577806  19.93294203 19.73862145 21.31611953 20.30627257 20.43219921
  20.42830514 19.98009594 20.48406974 20.25372023 20.73864705 20.4133633
  20.55883681 20.11618716 20.94530357 20.94089035 20.52697862 20.12508913
  20.71273808 20.36490352]
[19.95700319 20.45955556 20.02080956 19.71112041 19.65821661 19.87961896
  19.58299948 19.35621081 20.05352658 20.32446913 20.41738803 19.80992842
  20.0114659  19.78432995 20.59615946 19.38854733 20.4340116  20.17982898
  30.12529351 20.15200382 20.22946527 19.89125864 19.78994607 19.79417801
  19.90561353 20.16981571 20.04405985 20.03769311 20.02656549 19.78663568
  19.68743161 19.53144617 19.66885213 20.36829274 19.9664434  19.61368185
  19.84867457 20.11429205 20.11965737 19.87523885 20.0332049  20.33437303
  19.98265119 19.7633759  20.13728975 20.4612412  20.06476657 20.12775636
  20.17725934 19.45039494]
[19.73944847 19.92719604 19.44659727 19.48288893 19.94211664 20.08024301
  19.92023951 19.48985225 19.80294849 20.25790029 20.30636887 20.04335042
  19.96485714 19.65231338 20.41924805 19.82510804 20.25999777 20.1230078
  20.15200382 29.46048221 20.18726359 20.22126013 19.71078988 19.84951179
  19.7788576  20.42442363 20.24367978 20.08511941 20.16655369 19.9489188
  19.62434698 19.70162381 19.26091416 20.54154809 19.47518792 19.81483001
  19.7989395  19.71371225 20.12975356 19.89689906 19.82039393 20.1413893
  20.27338268 19.3137599  19.75364414 20.36546796 20.44778292 20.18548412
  20.48024735 19.8405277 ]
[20.58126786 19.93088342 19.68202622 19.75129093 20.39230318 20.44692032
  19.84075749 19.52022435 19.84913153 20.26865912 20.26628716 20.04862504
  20.32218426 19.71394175 20.43382575 19.93688446 20.51949099 20.31520323
  20.22946527 20.18726359 29.75924759 20.12164957 20.02351756 20.04582941
  19.91684523 20.36483456 19.99993109 20.16855696 20.46174371 19.92019909
  19.82341611 19.45844883 19.55270807 20.46626725 19.83895562 19.71985943
  20.05626965 19.94348264 20.25296901 19.8956027  20.02014175 20.64940604
  20.25677925 19.91884624 20.49005528 20.63524447 20.54536092 19.8462563
  20.33195406 20.1995895 ]
[20.52168487 19.9307968  19.78858447 19.84351798 20.31525951 20.49778715
  20.30613858 19.45311987 19.84432434 20.1839931  20.18750284 19.89151725
  20.35330204 20.12371388 20.50740857 19.77022214 20.7365676  20.45300843
  19.89125864 20.22126013 20.12164957 30.18696066 20.16847619 19.83353752
  20.19730679 20.65072897 20.03887193 19.90494363 20.40676861 20.13858881
  20.2321007  19.90945632 19.51449058 20.81594016 19.75832233 19.975416
  20.3698156  19.64369392 20.60722294 19.91237892 19.98984498 20.33634738
  20.24963092 20.09890903 20.40219603 20.78639156 20.230207   19.67152285
  21.01569729 19.96895717]
[20.1607814  19.81768616 19.76656585 19.95550922 20.27604228 20.1679121
  19.68454822 19.35045493 19.5946771  20.26233359 20.21569648 20.1333899
  20.2469985  19.84054111 20.13097258 19.36743514 20.52549595 20.11969156
  19.78994607 19.71078988 20.02351756 20.16847619 29.60187794 19.68003606
  19.96340365 20.31719488 19.9888721  19.87670361 20.13120823 20.28373047
  19.9027696  19.78093122 19.50998076 20.54515455 19.82662868 19.80902655
  20.05001801 19.81277896 20.36231258 19.9741032  19.60863573 20.14518571
  20.13638898 19.60976637 20.08363529 20.61768985 20.21999669 19.5869038
  20.59588041 19.97390225]
[20.42774898 19.42082316 19.34706444 19.66922472 20.02351351 19.40927359
  19.46960235 19.46141929 19.61071907 20.1409803  20.42322148 19.88218133
  20.04847482 19.7591163  20.37627425 19.61773114 20.29794394 20.00384369
  19.79417801 19.84951179 20.04582941 19.83353752 19.68003606 29.60756191
  19.88335907 19.79197407 19.95706269 19.75486254 20.178386   19.91264511
  19.47765102 19.36174818 19.28558122 20.14380576 19.4952282  19.72715741
  19.87400764 19.53257327 19.91003853 19.62177362 19.59762151 20.35862273
  19.60665327 19.23181009 19.58762944 20.47547285 20.12497282 19.95121334
  19.95714502 19.48494248]
[19.86304023 19.94779821 19.36729115 19.66402762 19.97520772 19.76283069
  20.0426892  19.41489    20.06268266 20.11607336 20.22231518 19.93114401
  20.29302015 20.17243255 20.26305498 19.75730846 20.30051315 20.1313508
  19.90561353 19.7788576  19.91684523 20.19730679 19.96340365 19.88335907
  29.53751832 20.25259813 20.02301958 20.0378354  19.98486672 20.06142348
  20.23680865 19.32371036 19.508055   20.97257955 19.76922111 19.80468723
  19.55390242 19.60394782 19.84275116 19.7622232  19.92817057 20.02396165
  19.80662728 19.36787797 20.16215384 20.17086784 19.80756617 19.27226764
  20.28065482 19.76843829]
[20.61763352 20.34833298 20.141485   20.08604901 20.52806774 20.40318794
  20.1360772  19.89325757 19.9815047  20.98019569 20.62918926 20.27525648
  20.53217501 20.58252089 20.76166824 20.01721195 20.90475548 20.96978474
  20.16981571 20.42442363 20.36483456 20.65072897 20.31719488 19.79197407
  20.25259813 30.28349513 20.37819426 20.72672611 20.7748991  20.33208576
  20.40263005 19.96348333 19.62119466 20.70496328 20.67133894 20.39226909
  19.93988167 19.67667643 20.90677152 19.69826116 20.21479236 20.50175767
  20.52083324 20.34944388 20.4431273  20.83332869 20.83641    20.03943238
  20.82560113 20.02287399]
[20.3315913  20.29246569 19.72549541 19.69191424 20.22340626 20.10974428
  20.18501451 19.51092073 20.24977623 20.55083946 20.41134354 19.90749299
  20.35984227 20.12838654 20.87202427 19.74656969 20.52501322 20.36719743
  20.04405985 20.24367978 19.99993109 20.03887193 19.9888721  19.95706269
  20.02301958 20.37819426 29.98307751 20.05813207 20.66918025 19.85535311
  20.16625511 19.55796442 19.82725824 20.58339818 20.18857224 20.22170462
  20.18630503 20.34712465 20.47731718 20.16108183 19.62507693 20.1107601
  20.24194876 19.79823681 20.35850445 20.43538203 20.11969249 19.94342722
  20.46821559 19.9034573 ]
[20.20168659 20.24255768 19.70628198 19.70992458 20.33405971 19.96428205
  19.53966135 19.6487378  20.13216675 20.50363196 20.16282347 19.90259526
  20.24662837 20.11830464 20.31950302 19.34557333 20.25401498 20.56012574
  20.03769311 20.08511941 20.16855696 19.90494363 19.87670361 19.75486254
  20.0378354  20.72672611 20.05813207 30.56159189 19.93168431 19.83547412
  20.34624579 19.44807668 19.19234004 20.55893831 19.84393678 19.74082504
  20.02396752 19.9019578  19.92316073 19.67912579 19.7587701  20.24640472
  20.47158927 19.71877275 20.2215887  20.29940251 20.57369204 19.90422109
  20.29534529 19.32250606]
[20.60133963 20.30784919 19.82471464 19.5332397  20.34721469 20.0203832
  19.60025864 19.4059063  20.20726784 20.37524664 20.44365485 19.70404329
  20.39269593 20.12512255 20.36767324 19.92372323 20.35360295 20.62233842
  20.02656549 20.16655369 20.46174371 20.40676861 20.13120823 20.178386
  19.98486672 20.7748991  20.66918025 19.93168431 30.24352456 20.3751281
  20.33664567 20.03741987 19.56162465 21.02060375 20.08676896 20.05975833
  20.11262323 19.65758883 20.68607807 20.18135977 20.40951212 20.65452824
  20.25582546 19.8506239  20.38786303 20.74977157 20.46338015 20.13486068
  20.71011589 20.01635614]
[20.11843562 19.86232396 19.56521412 19.46447215 19.81555797 19.67815511
  19.80844474 19.39620434 20.171602   20.46683051 20.28291662 19.97850982
  20.52567837 19.53851964 20.386686   19.96772448 20.42242051 20.14734804
  19.78663568 19.9489188  19.92019909 20.13858881 20.28373047 19.91264511
  20.06142348 20.33208576 19.85535311 19.83547412 20.3751281  30.03911806
  20.33700591 19.54693901 19.29670585 20.47709757 19.49253594 20.36561675
  19.97540924 19.48989122 20.29545052 19.87924484 19.64783016 20.0860681
  20.31599257 19.68275174 20.06156692 20.51444716 20.3738532  19.73806571
  20.55456474 20.07415123]
[19.87272072 20.02885458 19.82048385 19.8970189  20.11183022 19.73692617
  19.84748475 19.35845204 20.06975239 20.40525318 20.32914889 20.04369615
  19.94809999 19.98869421 20.79935063 19.87862481 20.6922743  20.5577806
  19.68743161 19.62434698 19.82341611 20.2321007  19.9027696  19.47765102
  20.23680865 20.40263005 20.16625511 20.34624579 20.33664567 20.33700591
  30.66683653 19.54079174 19.85702654 21.13211982 20.05049475 19.8366003
  19.81853243 19.56195195 20.32900551 19.93791178 19.76525009 20.23391801
  20.35834454 19.50928014 19.96266179 20.4093647  20.08832968 20.22099825
  20.49629548 20.03086095]
[19.72920645 19.8609985  19.31792202 19.53941052 19.78368543 19.61988681
  19.4877599  18.81548893 19.57390905 20.1831958  20.00905091 19.72453083
  19.77766839 19.64832513 20.03837222 19.06362938 19.91527914 19.93294203
  19.53144617 19.70162381 19.45844883 19.90945632 19.78093122 19.36174818
  19.32371036 19.96348333 19.55796442 19.44807668 20.03741987 19.54693901
  19.54079174 28.94751259 18.88950403 19.92443704 19.70169117 19.49612401
  19.50260761 19.69598381 19.50439969 19.63411915 19.7959796  19.60493786
  19.59020526 19.22771936 19.48290796 20.10125396 19.88825957 19.61982125
  20.2673213  19.56349179]
[19.11473921 19.42412979 19.23475235 19.40379072 19.70071456 19.2810532
  19.68478163 18.91900404 19.53453968 19.52522369 19.25544601 19.06278028
  19.60281066 19.42536658 20.275575   19.0709291  19.6997913  19.73862145
  19.66885213 19.26091416 19.55270807 19.51449058 19.50998076 19.28558122
  19.508055   19.62119466 19.82725824 19.19234004 19.56162465 19.29670585
  19.85702654 18.88950403 28.09579624 19.73921623 18.65387561 19.26731127
  19.19736866 19.08582584 19.70834532 19.21498704 19.26193643 19.44379334
  19.54649236 19.0639455  19.6520626  19.88740803 19.69170119 19.20711506
  19.69233604 19.21928759]
[20.43217744 20.49860198 20.15650026 20.00920252 20.73610393 20.98564034
  20.66366173 20.00794748 20.48755947 20.99454826 20.65424226 20.09883226
  20.55745497 20.42047059 21.28454087 20.15908549 21.15446321 21.31611953
  20.36829274 20.54154809 20.46626725 20.81594016 20.54515455 20.14380576
  20.97257955 20.70496328 20.58339818 20.55893831 21.02060375 20.47709757
  21.13211982 19.92443704 19.73921623 31.14708717 20.62738058 20.34644434
  20.42403643 20.3810219  20.95409033 20.38483513 20.42647097 20.43495706
  20.67060012 19.8881781  20.31251172 20.9256294  20.59108999 20.40626255
  21.0681768  20.19384292]
[19.95969344 19.59354246 19.67882684 19.4832404  20.21835345 19.7755534
  19.5507424  19.37876869 19.80788202 20.184072   20.14976027 20.17353246
  19.88903896 20.09305289 20.3304603  19.19110674 20.2308892  20.30627257
  19.9664434  19.47518792 19.83895562 19.75832233 19.82662868 19.4952282
  19.76922111 20.67133894 20.18857224 19.84393678 20.08676896 19.49253594
  20.05049475 19.70169117 18.65387561 20.62738058 29.51315123 19.64993798
  19.79501032 19.49465791 20.11530068 19.55087622 19.92965311 20.03055433
  19.95007236 19.60241889 20.08180927 19.83405844 20.23405145 19.91779085
  20.13897604 19.83461711]
[20.18930278 19.91070246 19.38084854 19.13168271 19.77771436 20.20219605
  19.5123758  19.27467644 19.74558366 20.45614197 19.96271509 19.8171871
  20.05463037 19.95565522 20.34027009 19.42916208 20.29283739 20.43219921
  19.61368185 19.81483001 19.71985943 19.975416   19.80902655 19.72715741
  19.80468723 20.39226909 20.22170462 19.74082504 20.05975833 20.36561675
  19.8366003  19.49612401 19.26731127 20.34644434 19.64993798 29.15082713
  19.78645448 19.66574942 20.07234675 19.72819366 20.02824674 20.31052889
  19.91825284 19.53135939 20.23816156 20.43259307 19.81602173 19.48352056
  20.3757419  19.6196876 ]
[20.1704195  19.69679807 19.61191839 19.66796337 20.36689406 19.95607558
  20.12400806 19.61676143 20.16462311 20.49277789 20.25924262 19.87537453
  20.10707075 19.72876822 20.38351582 19.39022261 20.35883038 20.42830514
  19.84867457 19.7989395  20.05626965 20.3698156  20.05001801 19.87400764
  19.55390242 19.93988167 20.18630503 20.02396752 20.11262323 19.97540924
  19.81853243 19.50260761 19.19736866 20.42403643 19.79501032 19.78645448
  30.32001822 19.80396037 20.07116967 19.99896302 19.7451436  20.21725404
  20.51016684 19.51290429 20.10175263 20.75770121 20.51500384 19.93594674
  20.5998546  19.46461021]
[19.98388779 19.92406783 19.68537821 19.66896357 20.01347583 19.93513147
  19.4935742  19.74737806 19.83658832 20.16703102 20.41685888 19.77889525
  20.01167066 19.93379275 19.97041057 19.37416884 20.20950819 19.98009594
  20.11429205 19.71371225 19.94348264 19.64369392 19.81277896 19.53257327
  19.60394782 19.67667643 20.34712465 19.9019578  19.65758883 19.48989122
  19.56195195 19.69598381 19.08582584 20.3810219  19.49465791 19.66574942
  19.80396037 29.17180099 19.95936109 20.01961234 19.33968184 19.72074225
  19.78470125 19.53828181 20.09354888 20.32678146 19.87157052 19.92954356
  19.88825393 20.0696027 ]
[20.28605464 20.34279652 19.6969891  19.62928143 20.24071575 20.05714703
  20.14371132 20.07835368 19.89732373 20.79949837 20.83950801 19.98992546
  20.52773723 19.94192791 20.86365948 19.87128955 20.815102   20.48406974
  20.11965737 20.12975356 20.25296901 20.60722294 20.36231258 19.91003853
  19.84275116 20.90677152 20.47731718 19.92316073 20.68607807 20.29545052
  20.32900551 19.50439969 19.70834532 20.95409033 20.11530068 20.07234675
  20.07116967 19.95936109 30.05157715 19.93110804 20.10430146 20.25647539
  19.9852884  20.16928697 20.48387864 20.48300284 20.29567791 19.68554541
  20.67277454 20.34529076]
[19.80897366 19.81021604 19.92189636 19.3828624  19.88471425 19.79479816
  19.92636008 19.21265033 19.5876417  19.97408786 20.3596233  19.65183799
  19.87107346 19.7345184  20.18133626 19.57122513 20.27010327 20.25372023
  19.87523885 19.89689906 19.8956027  19.91237892 19.9741032  19.62177362
  19.7622232  19.69826116 20.16108183 19.67912579 20.18135977 19.87924484
  19.93791178 19.63411915 19.21498704 20.38483513 19.55087622 19.72819366
  19.99896302 20.01961234 19.93110804 29.39875779 20.05535338 19.79714495
  19.64911626 19.36766763 20.15169519 20.21976572 20.18820914 19.55318087
  20.09591092 19.47787128]
[19.76036008 20.14945685 19.63983867 19.6994762  19.69782624 19.99410408
  20.04777639 19.46605727 19.66644977 20.48261705 20.05527152 19.90762273
  20.28890746 19.78397739 20.64937973 19.1933428  20.34509765 20.73864705
  20.0332049  19.82039393 20.02014175 19.98984498 19.60863573 19.59762151
  19.92817057 20.21479236 19.62507693 19.7587701  20.40951212 19.64783016
  19.76525009 19.7959796  19.26193643 20.42647097 19.92965311 20.02824674
  19.7451436  19.33968184 20.10430146 20.05535338 29.13612812 20.3838137
  20.069795   19.48989524 19.78824579 20.66312144 20.21803259 20.08096665
  20.20603104 19.74202703]
[20.33060918 19.66798891 19.72934317 19.44961875 19.83011862 20.03360217
  20.09774128 19.55328964 20.1948066  20.52142569 20.09425866 19.80611767
  20.18925993 20.27443681 20.36164041 19.82192994 20.60559457 20.4133633
  20.33437303 20.1413893  20.64940604 20.33634738 20.14518571 20.35862273
  20.02396165 20.50175767 20.1107601  20.24640472 20.65452824 20.0860681
  20.23391801 19.60493786 19.44379334 20.43495706 20.03055433 20.31052889
  20.21725404 19.72074225 20.25647539 19.79714495 20.3838137  29.9488435
  19.98680132 19.87445493 20.48022602 20.72559785 20.13460066 20.12653483
  20.67316191 19.89533855]
[20.20505102 19.82174376 19.72350674 19.43951254 20.37316965 20.4424247
  19.84158826 19.46897506 20.0646975  20.51481067 20.37889263 19.92726842
  20.57592281 20.06966993 20.04699507 19.19712263 20.40359613 20.55883681
  19.98265119 20.27338268 20.25677925 20.24963092 20.13638898 19.60665327
  19.80662728 20.52083324 20.24194876 20.47158927 20.25582546 20.31599257
  20.35834454 19.59020526 19.54649236 20.67060012 19.95007236 19.91825284
  20.51016684 19.78470125 19.9852884  19.64911626 20.069795   19.98680132
  29.69723599 19.80562827 19.7567971  20.75847558 20.10825942 20.10339115
  20.6096497  20.09980993]
[19.86911722 19.62662508 19.5083044  19.56189986 19.68294444 19.92722183
  19.58970066 19.14085059 19.93103467 19.85338275 19.87720912 19.92587675
  19.75845228 19.64543423 19.93311142 19.25460563 20.21201298 20.11618716
  19.7633759  19.3137599  19.91884624 20.09890903 19.60976637 19.23181009
  19.36787797 20.34944388 19.79823681 19.71877275 19.8506239  19.68275174
  19.50928014 19.22771936 19.0639455  19.8881781  19.60241889 19.53135939
  19.51290429 19.53828181 20.16928697 19.36766763 19.48989524 19.87445493
  19.80562827 28.99710189 19.64748256 20.19043709 19.88785428 19.40575309
  20.16073977 19.39264029]
[20.00701682 20.13028823 19.59445394 19.65368889 20.60162411 19.82553741
  19.90162383 19.41183664 19.80468939 20.59871982 20.36606936 20.18628606
  20.2585091  20.06959851 20.27710221 19.56916444 20.53120882 20.94530357
  20.13728975 19.75364414 20.49005528 20.40219603 20.08363529 19.58762944
  20.16215384 20.4431273  20.35850445 20.2215887  20.38786303 20.06156692
  19.96266179 19.48290796 19.6520626  20.31251172 20.08180927 20.23816156
  20.10175263 20.09354888 20.48387864 20.15169519 19.78824579 20.48022602
  19.7567971  19.64748256 30.43252118 20.60655337 20.15362826 19.88960628
  20.37228281 19.89075286]
[20.50249859 20.57503126 20.0570329  20.14558574 20.05014294 20.38919051
  20.41452174 19.94096942 20.39541537 20.701329   20.37242922 20.39595937
  20.80524717 20.56288825 20.9615745  20.21810329 20.66818292 20.94089035
  20.4612412  20.36546796 20.63524447 20.78639156 20.61768985 20.47547285
  20.17086784 20.83332869 20.43538203 20.29940251 20.74977157 20.51444716
  20.4093647  20.10125396 19.88740803 20.9256294  19.83405844 20.43259307
  20.75770121 20.32678146 20.48300284 20.21976572 20.66312144 20.72559785
  20.75847558 20.19043709 20.60655337 30.58283794 20.35617975 20.21155111
  20.72988074 20.05538423]
[20.34587921 20.16866924 19.42612822 19.75208283 20.27996502 20.13590007
  20.26916241 19.51241724 20.09399047 20.75296849 20.47404208 19.88190009
  20.0273654  19.57626055 20.55665954 19.5713478  21.14906373 20.52697862
  20.06476657 20.44778292 20.54536092 20.230207   20.21999669 20.12497282
  19.80756617 20.83641    20.11969249 20.57369204 20.46338015 20.3738532
  20.08832968 19.88825957 19.69170119 20.59108999 20.23405145 19.81602173
  20.51500384 19.87157052 20.29567791 20.18820914 20.21803259 20.13460066
  20.10825942 19.88785428 20.15362826 20.35617975 29.96613298 20.03049554
  20.59228614 20.15083662]
[20.31719359 19.59217336 19.37426077 19.60225931 20.01910358 19.9232111
  19.56734649 19.12897002 19.92620795 20.31521657 19.81845911 19.81435714
  20.1665485  19.71091853 20.43294262 19.67953436 20.34372461 20.12508913
  20.12775636 20.18548412 19.8462563  19.67152285 19.5869038  19.95121334
  19.27226764 20.03943238 19.94342722 19.90422109 20.13486068 19.73806571
  20.22099825 19.61982125 19.20711506 20.40626255 19.91779085 19.48352056
  19.93594674 19.92954356 19.68554541 19.55318087 20.08096665 20.12653483
  20.10339115 19.40575309 19.88960628 20.21155111 20.03049554 29.55722065
  20.43107942 19.80213765]
[20.82730055 20.48409834 20.1991867  20.45554068 20.22583755 20.52340202
  20.54974738 20.13319673 20.31601771 20.62630496 20.52150064 19.99034209
  20.44200011 20.33018746 20.99840047 20.151314   21.09914998 20.71273808
  20.17725934 20.48024735 20.33195406 21.01569729 20.59588041 19.95714502
  20.28065482 20.82560113 20.46821559 20.29534529 20.71011589 20.55456474
  20.49629548 20.2673213  19.69233604 21.0681768  20.13897604 20.3757419
  20.5998546  19.88825393 20.67277454 20.09591092 20.20603104 20.67316191
  20.6096497  20.16073977 20.37228281 20.72988074 20.59228614 20.43107942
  30.55092164 20.38639996]
[19.48034533 19.79075815 19.41008129 19.68915359 19.84630675 20.2456213
  20.08617714 19.32613058 19.97050556 20.17405076 20.64801048 20.01462152
  19.90395233 19.69113745 20.42976825 19.65668909 20.29195103 20.36490352
  19.45039494 19.8405277  20.1995895  19.96895717 19.97390225 19.48494248
  19.76843829 20.02287399 19.9034573  19.32250606 20.01635614 20.07415123
  20.03086095 19.56349179 19.21928759 20.19384292 19.83461711 19.6196876
  19.46461021 20.0696027  20.34529076 19.47787128 19.74202703 19.89533855
  20.09980993 19.39264029 19.89075286 20.05538423 20.15083662 19.80213765
  20.38639996 29.83378961]
]