7156
50
10
25.347194450681222

[0.05362622 0.07392399 0.03110954 0.04728384 0.07420901 0.03676821
 0.0754453  0.09738192 0.02952856 0.04867042 0.07500952 0.09670062
 0.03566241 0.02508354 0.07483145 0.02369875 0.02203421 0.04309232
 0.03725177 0.08364804 0.04939613 0.09640152 0.0993549  0.03830019
 0.06600807 0.09756394 0.02661672 0.04931847 0.09378534 0.09790304
 0.05737765 0.05283359 0.08612463 0.02251578 0.0615059  0.06181884
 0.03185071 0.05886059 0.03855449 0.06899992 0.09783532 0.02129562
 0.08726884 0.06845309 0.02154177 0.03003839 0.0697625  0.06700726
 0.05422182 0.08226903]

[[30.45789517 19.95825497 20.55253174 20.2197982  20.38411067 20.0438339
  20.05519176 20.20170399 19.54056984 20.03438113 20.01116176 19.7279203
  20.33685794 20.0939133  19.38499032 19.76051574 20.18594246 19.67774928
  20.60057608 20.30417462 19.41863817 19.89795789 19.46178515 19.78045827
  19.81823552 20.86554797 19.97507994 20.37112644 20.0161085  19.55566437
  20.55189251 19.94022206 19.67481101 20.31060234 19.45882885 20.47525144
  19.85203594 20.37806694 19.92672034 20.00505225 20.00029254 19.51429079
  19.6928975  20.63942994 20.10801086 20.31857206 19.52999165 19.59336443
  19.34663527 19.66760059]
[19.95825497 29.150289   20.46577834 20.25099658 20.09888401 20.07443953
  20.07068893 19.91177098 19.73468473 19.76617846 19.83662605 19.67916455
  20.28995191 19.76122949 19.12946755 19.25858437 20.12642058 19.73830157
  20.37694504 20.00014782 19.55834572 19.56335991 19.68763927 19.25313985
  19.46480757 20.7145887  20.12275403 20.09954537 19.71258317 19.63303687
  20.74603229 19.51049461 19.88360968 20.81805036 19.16456544 20.06852855
  19.77434202 19.67288769 20.07181175 19.84748847 19.91139447 19.38583265
  19.75934909 20.49852784 20.12221208 20.12555682 19.56670725 19.71188667
  19.695153   19.4400983 ]
[20.55253174 20.46577834 30.61801996 20.26387788 20.80716982 20.52274588
  20.40859427 20.27555425 19.98460656 20.94379942 20.53424565 20.54517318
  21.11962011 20.39766606 19.77661333 20.11542561 20.93621592 19.98453803
  20.91267318 20.58331184 20.25982508 20.19171169 20.52022298 20.01932723
  20.65378592 21.07518123 20.86765497 20.58650197 20.48874211 20.32271587
  20.75629685 20.41518981 20.16236145 21.0949351  19.60934667 20.47977065
  20.57116533 20.39016258 20.48514027 20.58518163 20.18803071 20.34735191
  20.7171902  20.81972608 20.54199759 21.30514066 20.42609872 20.01821575
  19.83919074 19.87153225]
[20.2197982  20.25099658 20.26387788 29.8101783  20.34618707 20.15074714
  19.73935767 20.22798047 20.2533314  20.07903276 20.69481796 19.78701233
  20.67522517 20.00434141 19.68388827 19.80687389 20.38330432 20.07550339
  20.50074152 19.95513742 19.83916563 19.82147166 20.02065759 19.89982443
  20.04368334 20.71890209 20.28362974 19.88681506 20.03762662 20.04192661
  20.61164805 19.81078825 20.02564226 20.78663452 19.48402147 20.3603329
  19.99062782 19.95427873 20.20284388 20.20553097 20.46540602 19.79272527
  20.3028704  20.03204891 20.10637455 20.34519736 19.93200549 19.57254648
  19.71952246 19.84261185]
[20.38411067 20.09888401 20.80716982 20.34618707 29.79533386 20.11458386
  19.7522896  20.14637063 19.89641839 20.46356037 20.63837763 19.74416771
  20.90151579 20.48371585 19.2480404  19.83913511 20.18675463 19.66434853
  20.45876183 20.11472946 19.72553447 19.72423108 19.74459877 19.76266063
  20.13850809 20.91457312 19.75541501 20.00772078 19.98819714 20.09010837
  20.61561566 20.20215648 19.68652862 20.95274859 19.36972814 20.2627365
  19.95772097 20.18517638 19.8504529  19.72639667 20.14829099 19.40018626
  20.04750335 20.50190939 20.67306804 20.49705208 19.82724941 20.13428721
  19.70292428 19.77491789]
[20.0438339  20.07443953 20.52274588 20.15074714 20.11458386 30.0791922
  20.22067225 20.35711181 19.92061672 20.41547165 20.28006344 19.73132462
  20.50312894 20.41367364 19.84925838 19.81987412 20.44195537 20.0564524
  20.09567398 20.08933525 19.6542068  19.34423418 20.01891432 19.79943209
  19.83566099 20.65415626 20.22939066 19.70978962 19.92599795 19.74471573
  20.82013757 20.26327743 20.02422506 20.37648709 19.06160288 19.83366367
  20.24678047 20.05109711 19.79765835 20.22392968 19.87379933 19.47215393
  20.21127169 20.34747196 20.57931799 20.62867526 19.90926809 20.0475464
  19.59136847 19.70461491]
[20.05519176 20.07068893 20.40859427 19.73935767 19.7522896  20.22067225
  29.67464308 20.57070126 19.52294456 20.14979755 20.0590549  20.25653801
  20.62206132 20.193723   19.55164483 19.87177558 20.40022431 19.83014007
  20.34733229 20.07482897 19.66957159 19.78155749 20.12686398 19.69594552
  20.27008623 20.51243384 20.35500071 20.1016159  20.02524924 20.04681067
  20.53540497 20.07823826 19.7983483  20.42438626 19.00040538 20.24515723
  20.04658408 20.10012976 20.15843208 20.17628313 20.0829075  19.97154301
  20.11361506 20.33912349 20.30133717 20.44175723 19.90903693 19.55555817
  19.7252741  19.89440551]
[20.20170399 19.91177098 20.27555425 20.22798047 20.14637063 20.35711181
  20.57070126 30.11182627 20.22542148 20.18864782 20.44186087 20.24692608
  20.7180001  20.27863302 19.48840145 19.80267302 20.57733985 19.85807007
  20.83884789 20.36370501 19.83720204 19.46317759 19.9991823  19.41146559
  20.26485311 20.72303544 20.16400794 20.42529472 20.2622797  19.91132287
  20.67223031 19.84850535 19.91630966 20.48135591 19.30776174 19.95965887
  20.45067413 20.08296222 20.00922253 20.50618331 20.10009525 19.99894238
  20.11211778 19.95608811 20.45937651 20.47587402 19.97785835 20.02708613
  19.57584404 19.57420881]
[19.54056984 19.73468473 19.98460656 20.2533314  19.89641839 19.92061672
  19.52294456 20.22542148 29.48099234 19.68194407 19.80165086 19.51818159
  20.23010645 19.73844694 18.87188835 19.53737492 20.2873926  19.61866174
  20.02901472 19.32262071 19.21089271 19.05805941 19.60281018 19.71522026
  19.69401078 20.24801451 20.1185777  19.65771353 19.66080444 19.72530783
  20.7637323  19.48260848 19.47031496 19.92911543 18.61861698 19.62536682
  19.67716579 19.85945124 19.85392247 19.5392453  19.86335264 19.20047974
  19.78990853 19.54155521 20.0201456  20.14066902 19.65297476 19.60583319
  19.50671124 19.38404666]
[20.03438113 19.76617846 20.94379942 20.07903276 20.46356037 20.41547165
  20.14979755 20.18864782 19.68194407 30.02285736 20.55315572 20.22869471
  20.75364729 20.29330966 19.68090369 20.05198137 20.7313177  19.53665796
  20.84303875 20.10926179 19.58357822 19.86721739 20.1664095  19.84866375
  20.53416779 20.64409124 20.25393303 19.90640564 20.13047951 20.10430511
  21.00724031 20.21765469 19.83131475 20.85542801 19.23893095 19.91108514
  19.94009622 20.21256702 20.19158128 20.60059642 20.23329904 19.92510477
  20.32275345 20.72466356 20.29670681 20.26225729 19.94750065 19.99065343
  19.48614682 19.59527556]
[20.01116176 19.83662605 20.53424565 20.69481796 20.63837763 20.28006344
  20.0590549  20.44186087 19.80165086 20.55315572 29.6945309  20.08289144
  20.59751298 20.11050185 19.42224557 19.68698609 20.08792118 19.49091313
  20.44207148 20.1342774  19.68295325 19.57834321 19.72376152 19.9009489
  20.06576375 20.73968739 19.88616776 20.21523867 19.67000265 20.06485828
  20.80346657 19.80876982 20.0363875  20.55098888 19.11582631 19.93287252
  20.07892935 20.00292927 20.1741161  20.17367091 19.70604411 20.00806688
  20.13737481 20.59169645 20.22579084 20.2303556  19.76984196 19.79608374
  19.86216859 19.85532275]
[19.7279203  19.67916455 20.54517318 19.78701233 19.74416771 19.73132462
  20.25653801 20.24692608 19.51818159 20.22869471 20.08289144 29.85059347
  20.25659593 19.634164   19.61710294 19.38908423 20.2296723  19.62668382
  20.53915968 19.70253522 19.48337157 19.36489995 19.6295894  19.667005
  20.25868709 20.59984083 19.94481524 20.32136154 19.88398377 19.60742703
  20.61993171 19.73368907 19.36404141 19.99172583 18.94394398 20.12555317
  20.01656744 19.7934501  19.76376371 19.66540129 20.43253123 19.33733839
  20.4929395  20.09813636 19.80779985 19.91172851 19.7821755  19.96261815
  19.42668658 19.0599768 ]
[20.33685794 20.28995191 21.11962011 20.67522517 20.90151579 20.50312894
  20.62206132 20.7180001  20.23010645 20.75364729 20.59751298 20.25659593
  30.94267539 20.52003375 19.77096363 20.22575684 20.84610206 20.0108521
  20.8094682  20.47383541 19.92161651 20.04669834 20.1166845  20.37648824
  20.46670436 21.23991946 20.59428851 19.9674374  20.68621206 20.1766043
  21.15239759 20.60709975 20.65814979 21.10629778 19.65699387 20.52252681
  20.37195889 20.39530241 20.81533575 20.30473593 20.21907374 20.28274912
  20.78248134 20.16295441 20.59068109 21.00413561 20.22721991 20.55196823
  20.19275539 19.97797265]
[20.0939133  19.76122949 20.39766606 20.00434141 20.48371585 20.41367364
  20.193723   20.27863302 19.73844694 20.29330966 20.11050185 19.634164
  20.52003375 30.6450192  19.76083052 19.91315579 20.38945879 20.11005298
  20.35645944 19.56345486 19.78724819 19.47008135 19.84212077 19.86694638
  19.99480508 20.8702295  20.01531839 20.01163007 20.27478868 19.84453765
  20.80732379 19.76736933 20.00442863 20.47969768 19.07090187 20.23507231
  19.90697968 19.91972365 20.23776663 20.02831829 19.95618931 19.88801742
  20.42157423 20.41521371 20.35275109 20.46024257 20.24589397 20.28946686
  19.74957992 19.61362853]
[19.38499032 19.12946755 19.77661333 19.68388827 19.2480404  19.84925838
  19.55164483 19.48840145 18.87188835 19.68090369 19.42224557 19.61710294
  19.77096363 19.76083052 28.75560943 19.26221009 19.91704825 19.15301913
  19.8254284  19.19390902 18.87581344 18.90182591 19.45196354 19.08880123
  19.40275547 19.88743099 19.43444235 19.79254646 19.39387505 19.54498045
  20.02334137 19.3931151  19.14156659 19.6789281  18.61677084 19.57210773
  19.32282012 19.55828539 19.83489728 19.53357291 19.12980912 19.08250076
  19.6158334  19.7238666  19.56784745 19.28236362 19.21298662 19.4331186
  19.14581419 18.56080967]
[19.76051574 19.25858437 20.11542561 19.80687389 19.83913511 19.81987412
  19.87177558 19.80267302 19.53737492 20.05198137 19.68698609 19.38908423
  20.22575684 19.91315579 19.26221009 29.2287279  20.28232791 19.43235037
  20.01805635 19.59402681 19.60442586 18.97494774 19.55125062 19.44849765
  19.74898874 20.02399661 19.95208299 19.60701023 19.42181928 19.55886918
  20.28946601 19.35934502 19.26817041 19.82752712 18.68782094 19.56076375
  20.01543531 19.71438148 19.93335076 19.34847407 19.63409872 19.37095137
  19.6500585  19.96602872 20.07212123 19.72508198 19.57911196 19.50905351
  19.71826261 19.16568237]
[20.18594246 20.12642058 20.93621592 20.38330432 20.18675463 20.44195537
  20.40022431 20.57733985 20.2873926  20.7313177  20.08792118 20.2296723
  20.84610206 20.38945879 19.91704825 20.28232791 30.7468092  19.98449524
  20.81783448 20.25663062 19.71012104 19.68072125 20.42708606 20.12335683
  20.41865614 20.94591588 20.56136939 20.38821099 19.93509977 19.90903005
  20.71665751 19.98867991 19.77735735 20.70968743 19.58039558 19.9488808
  20.16989336 20.20275701 20.70094738 20.33899903 20.48116635 20.27092592
  20.67675473 20.27861894 20.71841865 20.67676497 20.02381426 20.14585236
  19.82933115 19.85153321]
[19.67774928 19.73830157 19.98453803 20.07550339 19.66434853 20.0564524
  19.83014007 19.85807007 19.61866174 19.53665796 19.49091313 19.62668382
  20.0108521  20.11005298 19.15301913 19.43235037 19.98449524 29.47279274
  20.13691982 19.74015966 19.40058423 18.99725919 19.6803802  19.01153058
  19.8392005  20.49301781 20.00578938 19.08196836 18.98617088 19.5355874
  20.33804286 19.80061891 19.05190237 20.07189989 18.73451263 19.38298488
  19.83210891 19.15247707 19.690239   19.55774623 19.64210129 19.47078697
  19.89035573 19.77849852 19.76035621 19.61717684 18.96492355 19.51162726
  19.39611573 18.9267703 ]
[20.60057608 20.37694504 20.91267318 20.50074152 20.45876183 20.09567398
  20.34733229 20.83884789 20.02901472 20.84303875 20.44207148 20.53915968
  20.8094682  20.35645944 19.8254284  20.01805635 20.81783448 20.13691982
  30.57603461 20.73595238 20.19823334 19.80583187 20.60462634 20.4496136
  20.58393031 21.11338727 20.47258393 20.2593145  20.33961828 20.17812632
  21.02131206 20.07972363 20.07408588 20.83464027 19.56853044 20.60877186
  20.54167353 20.42219069 20.73373151 20.48206182 20.58660389 19.97965802
  20.56826074 20.27749569 20.52560336 20.53994171 20.21074038 20.27405185
  20.01258594 20.09226237]
[20.30417462 20.00014782 20.58331184 19.95513742 20.11472946 20.08933525
  20.07482897 20.36370501 19.32262071 20.10926179 20.1342774  19.70253522
  20.47383541 19.56345486 19.19390902 19.59402681 20.25663062 19.74015966
  20.73595238 29.44636189 19.75179038 19.51767737 20.08394977 19.34584268
  20.12973075 20.66180274 19.52669009 20.18724142 20.12593874 19.74001487
  20.4329257  19.89624067 19.83918917 20.47757995 18.75405195 20.24263693
  19.78724962 20.0330442  19.80331678 20.20576984 19.87850713 19.73152161
  19.64615188 20.17162943 20.06476207 20.43196847 19.5255782  20.03131495
  19.50588511 19.77468554]
[19.41863817 19.55834572 20.25982508 19.83916563 19.72553447 19.6542068
  19.66957159 19.83720204 19.21089271 19.58357822 19.68295325 19.48337157
  19.92161651 19.78724819 18.87581344 19.60442586 19.71012104 19.40058423
  20.19823334 19.75179038 29.00416718 19.19273258 19.73776678 19.16914164
  19.75603204 20.21253106 19.53240464 19.90368108 19.79038888 19.02398434
  20.5362228  18.86222003 19.44836254 19.86452437 18.80565253 19.51492146
  19.58861731 19.31286497 19.55328684 19.6221817  19.59163015 19.18805969
  19.69706389 20.02379857 19.29311209 19.57339712 19.3504439  19.36370196
  19.42672436 19.35665881]
[19.89795789 19.56335991 20.19171169 19.82147166 19.72423108 19.34423418
  19.78155749 19.46317759 19.05805941 19.86721739 19.57834321 19.36489995
  20.04669834 19.47008135 18.90182591 18.97494774 19.68072125 18.99725919
  19.80583187 19.51767737 19.19273258 28.76315825 19.34502832 18.99084457
  19.80670831 20.25855434 19.34392049 19.34975624 19.72511621 19.01762691
  20.17613951 19.67416726 19.54222297 19.96111926 18.44126637 19.5561229
  19.27290757 19.28074375 19.58775111 19.44685323 19.54772566 19.06237924
  19.52671193 19.46890849 19.25729942 19.60406925 19.31517316 19.40840639
  19.24554708 19.00123536]
[19.46178515 19.68763927 20.52022298 20.02065759 19.74459877 20.01891432
  20.12686398 19.9991823  19.60281018 20.1664095  19.72376152 19.6295894
  20.1166845  19.84212077 19.45196354 19.55125062 20.42708606 19.6803802
  20.60462634 20.08394977 19.73776678 19.34502832 29.16137133 19.44234997
  19.38882631 20.21022171 20.39401746 19.73007244 19.68775582 19.89557286
  20.35904618 19.49342724 20.32883596 20.17060596 18.92132556 19.95760584
  19.84327662 19.97761452 19.66700872 19.66313114 19.80192116 19.50964396
  20.03461039 20.44749084 19.98529519 19.91659834 19.74509491 19.87564464
  19.42117498 19.46316427]
[19.78045827 19.25313985 20.01932723 19.89982443 19.76266063 19.79943209
  19.69594552 19.41146559 19.71522026 19.84866375 19.9009489  19.667005
  20.37648824 19.86694638 19.08880123 19.44849765 20.12335683 19.01153058
  20.4496136  19.34584268 19.16914164 18.99084457 19.44234997 29.49191756
  19.94686106 20.49867218 19.87063179 20.15880751 19.68676472 19.41921459
  20.47916562 19.4649709  19.6168348  20.09399132 19.02887537 19.98129048
  19.92380043 19.53427424 19.70072101 19.6569455  19.59058641 19.50454912
  19.95610238 19.85563969 19.85761318 20.03515758 19.5671758  19.63731864
  19.34584701 19.8938857 ]
[19.81823552 19.46480757 20.65378592 20.04368334 20.13850809 19.83566099
  20.27008623 20.26485311 19.69401078 20.53416779 20.06576375 20.25868709
  20.46670436 19.99480508 19.40275547 19.74898874 20.41865614 19.8392005
  20.58393031 20.12973075 19.75603204 19.80670831 19.38882631 19.94686106
  30.01261744 20.54404656 20.02458965 20.22943647 20.15620773 19.61393656
  20.81871964 19.80183054 19.97440845 20.57958885 19.15223647 19.72685384
  20.0689014  20.20459298 20.49180948 19.9131867  19.98879027 19.53048656
  20.23835795 20.11434718 20.00938795 20.37228486 19.39614194 20.01813954
  19.39587141 19.4932191 ]
[20.86554797 20.7145887  21.07518123 20.71890209 20.91457312 20.65415626
  20.51243384 20.72303544 20.24801451 20.64409124 20.73968739 20.59984083
  21.23991946 20.8702295  19.88743099 20.02399661 20.94591588 20.49301781
  21.11338727 20.66180274 20.21253106 20.25855434 20.21022171 20.49867218
  20.54404656 30.9342973  20.55668751 20.51548482 20.4338713  20.23953008
  21.35044822 20.27638497 20.46772646 21.1716136  19.5154346  20.52785102
  20.21481055 20.76997682 20.33094802 20.71724592 20.37182909 20.39842233
  20.86556127 21.017273   20.6790562  20.58583779 20.32139915 20.42771431
  19.96058568 20.09159928]
[19.97507994 20.12275403 20.86765497 20.28362974 19.75541501 20.22939066
  20.35500071 20.16400794 20.1185777  20.25393303 19.88616776 19.94481524
  20.59428851 20.01531839 19.43444235 19.95208299 20.56136939 20.00578938
  20.47258393 19.52669009 19.53240464 19.34392049 20.39401746 19.87063179
  20.02458965 20.55668751 29.5330574  20.14327627 19.95779039 19.53347967
  20.63670626 19.84057449 20.1048561  20.4784472  19.11912454 19.90012797
  20.37051602 20.37582414 20.28327892 19.95145991 19.91102625 19.70568259
  20.25719356 20.26833001 20.06275634 19.94471204 19.89134081 19.88231454
  19.74882435 19.55675448]
[20.37112644 20.09954537 20.58650197 19.88681506 20.00772078 19.70978962
  20.1016159  20.42529472 19.65771353 19.90640564 20.21523867 20.32136154
  19.9674374  20.01163007 19.79254646 19.60701023 20.38821099 19.08196836
  20.2593145  20.18724142 19.90368108 19.34975624 19.73007244 20.15880751
  20.22943647 20.51548482 20.14327627 29.742848   20.0402573  19.69098874
  20.6036111  19.72821276 19.95628488 20.38820341 19.2151895  19.99259685
  20.15298746 19.89756654 20.07275283 19.85166953 20.00119431 19.81030928
  20.0781383  20.25726579 20.23383714 20.36003395 19.71202315 20.00691979
  19.77428356 19.49335805]
[20.0161085  19.71258317 20.48874211 20.03762662 19.98819714 19.92599795
  20.02524924 20.2622797  19.66080444 20.13047951 19.67000265 19.88398377
  20.68621206 20.27478868 19.39387505 19.42181928 19.93509977 18.98617088
  20.33961828 20.12593874 19.79038888 19.72511621 19.68775582 19.68676472
  20.15620773 20.4338713  19.95779039 20.0402573  29.68120088 19.32296283
  20.57990289 19.6480266  19.86510468 20.39139182 18.99140122 19.8937485
  19.84116052 19.78488689 20.12446581 20.08919936 19.98403293 19.34419226
  20.13893716 20.16996069 19.97988051 20.10058872 19.82792851 19.84891089
  19.35809765 19.50843064]
[19.55566437 19.63303687 20.32271587 20.04192661 20.09010837 19.74471573
  20.04681067 19.91132287 19.72530783 20.10430511 20.06485828 19.60742703
  20.1766043  19.84453765 19.54498045 19.55886918 19.90903005 19.5355874
  20.17812632 19.74001487 19.02398434 19.01762691 19.89557286 19.41921459
  19.61393656 20.23953008 19.53347967 19.69098874 19.32296283 29.26660273
  20.54843514 19.58334851 19.31782903 19.95617571 18.55745016 19.74383692
  19.96541364 20.28129831 19.63230898 19.4183088  19.84659415 19.53342308
  20.09974201 20.22594423 19.70472889 19.7610817  19.2228163  19.76045258
  19.27960761 19.57015378]
[20.55189251 20.74603229 20.75629685 20.61164805 20.61561566 20.82013757
  20.53540497 20.67223031 20.7637323  21.00724031 20.80346657 20.61993171
  21.15239759 20.80732379 20.02334137 20.28946601 20.71665751 20.33804286
  21.02131206 20.4329257  20.5362228  20.17613951 20.35904618 20.47916562
  20.81871964 21.35044822 20.63670626 20.6036111  20.57990289 20.54843514
  31.33946731 20.37037205 20.50744049 21.15859425 19.72433433 20.77698379
  20.42325991 20.8112149  20.51456471 20.39773351 20.75428162 20.9328282
  20.94531086 21.04557059 20.82566275 20.80170539 20.31752807 20.57595753
  20.41563857 20.29054856]
[19.94022206 19.51049461 20.41518981 19.81078825 20.20215648 20.26327743
  20.07823826 19.84850535 19.48260848 20.21765469 19.80876982 19.73368907
  20.60709975 19.76736933 19.3931151  19.35934502 19.98867991 19.80061891
  20.07972363 19.89624067 18.86222003 19.67416726 19.49342724 19.4649709
  19.80183054 20.27638497 19.84057449 19.72821276 19.6480266  19.58334851
  20.37037205 29.46274748 19.5563622  20.23770861 18.9423557  19.26544048
  19.76430066 19.60443893 20.07268284 19.87391013 19.72383988 18.96009212
  19.62635999 19.55384558 19.73665892 20.13520041 19.44061769 19.60253669
  19.23192367 19.62764653]
[19.67481101 19.88360968 20.16236145 20.02564226 19.68652862 20.02422506
  19.7983483  19.91630966 19.47031496 19.83131475 20.0363875  19.36404141
  20.65814979 20.00442863 19.14156659 19.26817041 19.77735735 19.05190237
  20.07408588 19.83918917 19.44836254 19.54222297 20.32883596 19.6168348
  19.97440845 20.46772646 20.1048561  19.95628488 19.86510468 19.31782903
  20.50744049 19.5563622  29.4547815  20.42463902 18.87642296 19.8725009
  19.59148509 19.84630476 19.44855312 19.79486485 19.70128805 19.16615951
  19.67210189 20.27384895 20.47869005 19.68047145 19.65883796 19.49243176
  19.23793282 19.48035811]
[20.31060234 20.81805036 21.0949351  20.78663452 20.95274859 20.37648709
  20.42438626 20.48135591 19.92911543 20.85542801 20.55098888 19.99172583
  21.10629778 20.47969768 19.6789281  19.82752712 20.70968743 20.07189989
  20.83464027 20.47757995 19.86452437 19.96111926 20.17060596 20.09399132
  20.57958885 21.1716136  20.4784472  20.38820341 20.39139182 19.95617571
  21.15859425 20.23770861 20.42463902 31.11644567 20.10364648 20.25331608
  20.27266302 20.15601897 20.3831908  20.56871289 20.65136814 20.13298864
  20.44027274 20.82445815 20.67640419 20.56691679 20.25968957 20.58981001
  19.99726697 20.0280294 ]
[19.45882885 19.16456544 19.60934667 19.48402147 19.36972814 19.06160288
  19.00040538 19.30776174 18.61861698 19.23893095 19.11582631 18.94394398
  19.65699387 19.07090187 18.61677084 18.68782094 19.58039558 18.73451263
  19.56853044 18.75405195 18.80565253 18.44126637 18.92132556 19.02887537
  19.15223647 19.5154346  19.11912454 19.2151895  18.99140122 18.55745016
  19.72433433 18.9423557  18.87642296 20.10364648 27.97534078 19.34892515
  19.53362234 19.1497913  18.93038491 18.92966438 19.26496383 18.79455413
  18.93153776 19.55286678 19.0876566  19.11489785 19.05786364 18.92362078
  18.46680458 18.82904014]
[20.47525144 20.06852855 20.47977065 20.3603329  20.2627365  19.83366367
  20.24515723 19.95965887 19.62536682 19.91108514 19.93287252 20.12555317
  20.52252681 20.23507231 19.57210773 19.56076375 19.9488808  19.38298488
  20.60877186 20.24263693 19.51492146 19.5561229  19.95760584 19.98129048
  19.72685384 20.52785102 19.90012797 19.99259685 19.8937485  19.74383692
  20.77698379 19.26544048 19.8725009  20.25331608 19.34892515 30.35333883
  20.04204872 19.60063662 19.73086645 19.96891645 20.05772663 19.56080087
  20.45332495 20.25698894 19.93265346 20.60311117 19.91787613 19.79841128
  19.2255871  19.6767176 ]
[19.85203594 19.77434202 20.57116533 19.99062782 19.95772097 20.24678047
  20.04658408 20.45067413 19.67716579 19.94009622 20.07892935 20.01656744
  20.37195889 19.90697968 19.32282012 20.01543531 20.16989336 19.83210891
  20.54167353 19.78724962 19.58861731 19.27290757 19.84327662 19.92380043
  20.0689014  20.21481055 20.37051602 20.15298746 19.84116052 19.96541364
  20.42325991 19.76430066 19.59148509 20.27266302 19.53362234 20.04204872
  29.92552374 19.73041719 20.00131961 19.91885216 20.423999   19.82988195
  20.10801091 20.43081479 20.51703504 19.93885052 19.816069   20.08942255
  19.8714993  19.58255152]
[20.37806694 19.67288769 20.39016258 19.95427873 20.18517638 20.05109711
  20.10012976 20.08296222 19.85945124 20.21256702 20.00292927 19.7934501
  20.39530241 19.91972365 19.55828539 19.71438148 20.20275701 19.15247707
  20.42219069 20.0330442  19.31286497 19.28074375 19.97761452 19.53427424
  20.20459298 20.76997682 20.37582414 19.89756654 19.78488689 20.28129831
  20.8112149  19.60443893 19.84630476 20.15601897 19.1497913  19.60063662
  19.73041719 29.59838882 19.93903974 19.9144904  19.76235621 19.4596712
  19.81366981 20.532276   20.21629473 19.9947346  19.26343544 19.97945864
  19.40142967 19.7079421 ]
[19.92672034 20.07181175 20.48514027 20.20284388 19.8504529  19.79765835
  20.15843208 20.00922253 19.85392247 20.19158128 20.1741161  19.76376371
  20.81533575 20.23776663 19.83489728 19.93335076 20.70094738 19.690239
  20.73373151 19.80331678 19.55328684 19.58775111 19.66700872 19.70072101
  20.49180948 20.33094802 20.28327892 20.07275283 20.12446581 19.63230898
  20.51456471 20.07268284 19.44855312 20.3831908  18.93038491 19.73086645
  20.00131961 19.93903974 29.45250961 20.12988346 20.14364061 19.63102985
  20.13671969 20.1806419  19.90715661 20.63576017 19.74249866 19.89820246
  19.64977595 19.4730853 ]
[20.00505225 19.84748847 20.58518163 20.20553097 19.72639667 20.22392968
  20.17628313 20.50618331 19.5392453  20.60059642 20.17367091 19.66540129
  20.30473593 20.02831829 19.53357291 19.34847407 20.33899903 19.55774623
  20.48206182 20.20576984 19.6221817  19.44685323 19.66313114 19.6569455
  19.9131867  20.71724592 19.95145991 19.85166953 20.08919936 19.4183088
  20.39773351 19.87391013 19.79486485 20.56871289 18.92966438 19.96891645
  19.91885216 19.9144904  20.12988346 29.74465896 20.11030124 19.93996929
  20.25706633 20.27845308 20.11396404 20.25758513 19.60546125 19.85438059
  19.47565423 19.6375015 ]
[20.00029254 19.91139447 20.18803071 20.46540602 20.14829099 19.87379933
  20.0829075  20.10009525 19.86335264 20.23329904 19.70604411 20.43253123
  20.21907374 19.95618931 19.12980912 19.63409872 20.48116635 19.64210129
  20.58660389 19.87850713 19.59163015 19.54772566 19.80192116 19.59058641
  19.98879027 20.37182909 19.91102625 20.00119431 19.98403293 19.84659415
  20.75428162 19.72383988 19.70128805 20.65136814 19.26496383 20.05772663
  20.423999   19.76235621 20.14364061 20.11030124 30.13467859 19.69279653
  20.13857071 20.23639592 20.01134285 20.37220535 19.8230502  20.04268694
  19.26903432 19.71255905]
[19.51429079 19.38583265 20.34735191 19.79272527 19.40018626 19.47215393
  19.97154301 19.99894238 19.20047974 19.92510477 20.00806688 19.33733839
  20.28274912 19.88801742 19.08250076 19.37095137 20.27092592 19.47078697
  19.97965802 19.73152161 19.18805969 19.06237924 19.50964396 19.50454912
  19.53048656 20.39842233 19.70568259 19.81030928 19.34419226 19.53342308
  20.9328282  18.96009212 19.16615951 20.13298864 18.79455413 19.56080087
  19.82988195 19.4596712  19.63102985 19.93996929 19.69279653 29.03891326
  19.87308286 20.08912418 19.89222873 19.51384552 19.64042176 19.02271948
  19.00006504 19.2616775 ]
[19.6928975  19.75934909 20.7171902  20.3028704  20.04750335 20.21127169
  20.11361506 20.11211778 19.78990853 20.32275345 20.13737481 20.4929395
  20.78248134 20.42157423 19.6158334  19.6500585  20.67675473 19.89035573
  20.56826074 19.64615188 19.69706389 19.52671193 20.03461039 19.95610238
  20.23835795 20.86556127 20.25719356 20.0781383  20.13893716 20.09974201
  20.94531086 19.62635999 19.67210189 20.44027274 18.93153776 20.45332495
  20.10801091 19.81366981 20.13671969 20.25706633 20.13857071 19.87308286
  29.99524444 20.56974482 20.63463196 20.58813966 19.99097744 20.33924121
  19.75883725 19.25751578]
[20.63942994 20.49852784 20.81972608 20.03204891 20.50190939 20.34747196
  20.33912349 19.95608811 19.54155521 20.72466356 20.59169645 20.09813636
  20.16295441 20.41521371 19.7238666  19.96602872 20.27861894 19.77849852
  20.27749569 20.17162943 20.02379857 19.46890849 20.44749084 19.85563969
  20.11434718 21.017273   20.26833001 20.25726579 20.16996069 20.22594423
  21.04557059 19.55384558 20.27384895 20.82445815 19.55286678 20.25698894
  20.43081479 20.532276   20.1806419  20.27845308 20.23639592 20.08912418
  20.56974482 30.39911633 20.59653065 20.75243853 20.77025577 20.03799942
  19.69261736 19.93503633]
[20.10801086 20.12221208 20.54199759 20.10637455 20.67306804 20.57931799
  20.30133717 20.45937651 20.0201456  20.29670681 20.22579084 19.80779985
  20.59068109 20.35275109 19.56784745 20.07212123 20.71841865 19.76035621
  20.52560336 20.06476207 19.29311209 19.25729942 19.98529519 19.85761318
  20.00938795 20.6790562  20.06275634 20.23383714 19.97988051 19.70472889
  20.82566275 19.73665892 20.47869005 20.67640419 19.0876566  19.93265346
  20.51703504 20.21629473 19.90715661 20.11396404 20.01134285 19.89222873
  20.63463196 20.59653065 30.08821923 20.50366405 19.82163329 20.25463039
  19.75047403 19.69201665]
[20.31857206 20.12555682 21.30514066 20.34519736 20.49705208 20.62867526
  20.44175723 20.47587402 20.14066902 20.26225729 20.2303556  19.91172851
  21.00413561 20.46024257 19.28236362 19.72508198 20.67676497 19.61717684
  20.53994171 20.43196847 19.57339712 19.60406925 19.91659834 20.03515758
  20.37228486 20.58583779 19.94471204 20.36003395 20.10058872 19.7610817
  20.80170539 20.13520041 19.68047145 20.56691679 19.11489785 20.60311117
  19.93885052 19.9947346  20.63576017 20.25758513 20.37220535 19.51384552
  20.58813966 20.75243853 20.50366405 30.51719372 20.01630972 20.21284778
  19.95022584 19.86823695]
[19.52999165 19.56670725 20.42609872 19.93200549 19.82724941 19.90926809
  19.90903693 19.97785835 19.65297476 19.94750065 19.76984196 19.7821755
  20.22721991 20.24589397 19.21298662 19.57911196 20.02381426 18.96492355
  20.21074038 19.5255782  19.3504439  19.31517316 19.74509491 19.5671758
  19.39614194 20.32139915 19.89134081 19.71202315 19.82792851 19.2228163
  20.31752807 19.44061769 19.65883796 20.25968957 19.05786364 19.91787613
  19.816069   19.26343544 19.74249866 19.60546125 19.8230502  19.64042176
  19.99097744 20.77025577 19.82163329 20.01630972 29.5879683  19.65695016
  19.05840612 19.32271076]
[19.59336443 19.71188667 20.01821575 19.57254648 20.13428721 20.0475464
  19.55555817 20.02708613 19.60583319 19.99065343 19.79608374 19.96261815
  20.55196823 20.28946686 19.4331186  19.50905351 20.14585236 19.51162726
  20.27405185 20.03131495 19.36370196 19.40840639 19.87564464 19.63731864
  20.01813954 20.42771431 19.88231454 20.00691979 19.84891089 19.76045258
  20.57595753 19.60253669 19.49243176 20.58981001 18.92362078 19.79841128
  20.08942255 19.97945864 19.89820246 19.85438059 20.04268694 19.02271948
  20.33924121 20.03799942 20.25463039 20.21284778 19.65695016 29.34177871
  19.71001826 19.50853608]
[19.34663527 19.695153   19.83919074 19.71952246 19.70292428 19.59136847
  19.7252741  19.57584404 19.50671124 19.48614682 19.86216859 19.42668658
  20.19275539 19.74957992 19.14581419 19.71826261 19.82933115 19.39611573
  20.01258594 19.50588511 19.42672436 19.24554708 19.42117498 19.34584701
  19.39587141 19.96058568 19.74882435 19.77428356 19.35809765 19.27960761
  20.41563857 19.23192367 19.23793282 19.99726697 18.46680458 19.2255871
  19.8714993  19.40142967 19.64977595 19.47565423 19.26903432 19.00006504
  19.75883725 19.69261736 19.75047403 19.95022584 19.05840612 19.71001826
  28.90598083 19.15315332]
[19.66760059 19.4400983  19.87153225 19.84261185 19.77491789 19.70461491
  19.89440551 19.57420881 19.38404666 19.59527556 19.85532275 19.0599768
  19.97797265 19.61362853 18.56080967 19.16568237 19.85153321 18.9267703
  20.09226237 19.77468554 19.35665881 19.00123536 19.46316427 19.8938857
  19.4932191  20.09159928 19.55675448 19.49335805 19.50843064 19.57015378
  20.29054856 19.62764653 19.48035811 20.0280294  18.82904014 19.6767176
  19.58255152 19.7079421  19.4730853  19.6375015  19.71255905 19.2616775
  19.25751578 19.93503633 19.69201665 19.86823695 19.32271076 19.50853608
  19.15315332 28.94411114]
]