321
100
10
25.250287231648255

[0.09649991 0.08620296 0.06932481 0.08893484 0.03897552 0.05296761
 0.09917739 0.03847576 0.0439308  0.06899836 0.04130406 0.0525128
 0.03361595 0.05280429 0.04094374 0.05066651 0.04671983 0.04021949
 0.08752442 0.05078502 0.09869865 0.06070814 0.08464274 0.05693096
 0.02449261 0.07676693 0.08871382 0.043897   0.09188378 0.02070383
 0.08269689 0.04893198 0.06201444 0.02403311 0.047106   0.0439124
 0.0320536  0.04371045 0.05676196 0.03861486 0.08247282 0.02712962
 0.05677164 0.0983922  0.03364207 0.05919202 0.06941247 0.03501945
 0.04810492 0.04953933 0.07357401 0.0364299  0.09840033 0.07905795
 0.06777804 0.05539142 0.05194287 0.04191726 0.04152603 0.04478205
 0.04757363 0.07137654 0.0404257  0.08568563 0.02224213 0.0869358
 0.08807016 0.05168119 0.07092082 0.08210688 0.07111856 0.02825679
 0.08533832 0.07586156 0.09539424 0.03249278 0.0499804  0.07599689
 0.08872056 0.03648644 0.06850203 0.02218474 0.03254585 0.09389684
 0.03427737 0.04336696 0.03059843 0.04393219 0.0694321  0.08742022
 0.08461295 0.08093487 0.02236356 0.02053616 0.07081703 0.07194806
 0.03887506 0.0760885  0.02325058 0.0383497 ]

[[29.87163321 20.38805566 19.42336354 20.11660045 19.45821871 19.8098744
  19.87329039 19.78430139 19.57127936 19.8028275  19.73892664 20.29632842
  19.24882373 19.69010553 19.90998568 19.47725851 19.54703342 19.53717868
  20.24431055 19.21442589 20.51200239 19.88838719 20.00315681 20.00064442
  20.3985298  20.2669298  19.63343264 20.46331796 19.47679247 20.06379398
  20.51462594 20.37469776 19.91367789 20.04477011 20.53136033 20.07129778
  20.02041    19.31935122 19.9638024  19.70130316 20.02191137 19.56223288
  19.85697034 19.96314258 19.9905687  19.98791019 19.94619986 20.01476265
  19.4888262  20.04703308 19.76205153 20.12861971 19.54372091 20.64287134
  20.19045678 19.80994897 19.81023256 20.42495742 20.36654871 19.24961787
  20.13283725 19.34085323 19.93457214 19.62855386 20.1487884  20.26693094
  20.10510725 19.86320712 19.40600988 19.93538388 19.78742088 20.03298298
  20.31344467 19.60982006 19.65626559 20.0457601  19.95964097 20.27220149
  19.0032906  19.96369014 18.9856499  19.87040846 20.62245599 20.00968903
  19.82596502 20.46616454 19.99970268 19.91527406 20.22188398 20.0206445
  20.15566248 20.25286432 19.75470671 20.59810662 19.49987019 20.09276649
  19.76862377 19.34622689 19.79843778 20.79994764]
[20.38805566 30.2468252  19.70485769 20.23792272 19.63787593 20.28334196
  20.1641875  19.91411505 20.00124663 20.08287978 20.50201389 20.16636958
  19.76505717 19.94165798 20.01866951 19.77537531 20.21572863 20.11556253
  20.77201447 20.21534144 20.93727749 20.05551264 20.25602266 20.18997101
  20.52132913 20.4165533  20.31660637 20.46960306 20.11340854 20.46956682
  20.30060098 20.56963948 20.46389377 20.46157377 20.4411405  19.95715891
  20.34423968 20.22707263 20.42828627 20.125956   20.45535466 19.79023954
  20.08332862 20.4574187  20.48825873 20.55123795 19.98930095 20.25514592
  19.93296186 20.21651686 20.20662723 20.07733769 19.6649026  21.32866231
  20.05993391 19.86043026 20.20799433 20.37041831 20.52579723 19.65009959
  20.1349797  19.39036349 20.21622469 19.64970653 19.91118351 20.27786828
  20.09851462 19.9156885  20.01449656 20.1345391  20.12630504 20.40490543
  19.66335874 20.19585743 19.75531543 20.56195397 20.23217088 20.1069714
  18.92798687 20.19505096 19.3430127  20.20943435 20.49509113 20.00167646
  20.44238442 20.73701669 20.44111664 20.10031109 20.60345094 20.25666493
  20.08247102 20.30745733 20.13483507 20.48918965 19.68348575 19.98838644
  19.99168239 19.62790172 20.25954583 20.68489688]
[19.42336354 19.70485769 28.85148164 19.47452893 19.67694691 19.8837497
  19.83626838 19.56684371 19.58946547 19.5997566  19.67512417 19.49131316
  19.29101637 19.45433853 19.75068243 19.01305131 19.22094091 19.33131728
  20.30702509 19.68063062 20.62567135 19.44176962 19.88777829 19.55701663
  19.70145598 19.74350379 19.6781344  20.02580006 19.66260296 19.65098458
  20.06006382 20.27003732 19.70066372 19.8893784  19.68636143 19.53909621
  19.46389634 19.1678293  19.79565656 19.52415903 19.72684441 19.30696382
  19.55776316 19.73381537 19.68623328 19.89201472 19.83390818 19.69548563
  19.2722456  19.6338976  19.66503047 19.95311375 19.6153919  20.49049596
  19.89132847 19.83067274 19.39709055 19.6040203  20.26717773 19.61696604
  19.89073504 19.13858005 19.64039218 19.21711213 19.2787362  19.64848869
  19.36874592 19.50153002 18.99212389 19.13983884 19.39323712 19.81959437
  19.22874559 19.22084314 19.17793649 20.01971235 19.48677142 19.65758521
  19.01770195 20.04589935 18.65801138 19.65469427 20.16880758 19.43058323
  19.08747366 20.14888235 19.55957134 19.82878619 19.8511561  19.61648512
  19.35930001 19.66724806 19.0909706  19.5165377  19.42344117 19.25686644
  19.45705239 18.72982135 19.78481105 20.0971517 ]
[20.11660045 20.23792272 19.47452893 29.6506003  19.75017323 20.04088788
  20.35135194 20.12400316 19.77265879 19.84310742 19.83223462 20.12324782
  19.54744232 19.96460282 20.06067287 19.63379685 19.95596693 19.66191813
  20.53104496 20.19256746 20.75191514 19.8196032  20.37722255 19.98519294
  20.22753746 20.43832111 19.80796411 20.24118216 19.86617848 20.30547645
  20.2339737  20.51512685 20.40573267 20.3750681  20.31451341 20.05321778
  20.19401876 20.16169781 19.97410406 19.96076834 20.39620123 19.55990011
  20.13490105 19.74911311 20.38119052 20.24375132 20.04842996 20.08675505
  19.82407807 20.05215016 20.06990792 20.63186966 19.66154816 20.53968759
  20.3756603  20.2282777  19.92202261 20.16984762 20.42795505 19.54382864
  20.01173063 19.27960478 19.77625249 19.3337466  19.76770945 20.07196795
  20.2554634  19.84622993 19.86931101 19.7618199  19.61668338 20.05706004
  19.96751577 19.92632328 19.75011305 20.04780773 19.81357732 19.90265838
  19.53407682 20.29870266 19.55132534 19.79236006 20.52064015 19.57924681
  19.97890645 20.51481746 20.21050875 19.92083219 20.33305147 20.0965084
  19.79958773 20.32936789 20.70140867 20.25456214 19.90264352 19.8667917
  19.57758529 19.3371922  20.10034037 20.44650269]
[19.45821871 19.63787593 19.67694691 19.75017323 29.03734985 19.69694076
  19.93647107 19.92247235 19.75311804 19.38497989 20.09708134 19.52644081
  19.51554698 19.47102758 19.79297355 19.15423207 19.32809698 19.68553215
  19.97640946 19.64206762 20.38289776 19.44193193 20.00742105 19.93043497
  19.66705422 19.84261836 19.83518425 20.25411021 19.60243223 19.78526303
  19.8386956  19.98457677 19.92997851 19.92879523 20.19446145 19.72644504
  19.70699908 19.68181755 19.97054058 19.81855285 20.16477322 19.02797154
  19.85243321 19.2968364  20.09844781 19.88131659 19.74911161 20.13986315
  19.55031501 19.70678281 19.61128423 20.0081938  19.69533708 20.43765944
  19.73834256 19.81454716 19.78052138 19.53731386 20.3269225  19.16107947
  19.85439385 18.99235502 19.67335717 19.34987025 19.66185201 19.75663511
  20.00129808 19.38167046 19.25737084 19.43072512 19.63806521 20.13408034
  19.63534876 19.52993996 19.37059536 19.83228076 19.36787245 20.30506848
  19.16291348 19.49527939 18.84645226 19.80214483 20.39457693 19.51180494
  19.85723283 20.1391826  19.64184819 19.47968696 20.11003872 20.03474649
  19.95451545 20.13255505 19.63039292 19.73507706 19.36505281 19.52892182
  19.20543986 19.00400404 19.567017   19.98854939]
[19.8098744  20.28334196 19.8837497  20.04088788 19.69694076 29.89602213
  20.34847259 20.01330056 19.63640333 20.25991796 20.05332529 19.87909131
  19.66598858 19.62342412 20.20559164 19.59984213 19.73754686 20.07244819
  20.33632429 19.92090338 20.73074028 20.14010989 20.39253177 19.89593823
  19.88590704 20.19792013 20.07449209 20.49504667 20.11331651 20.3515612
  20.45321373 20.35550202 20.53390373 20.17718657 20.31981059 19.95515302
  20.44376455 20.14164588 20.05126069 19.71713336 19.99046269 19.86529149
  20.29820387 20.09533721 20.40934163 20.05913033 19.83830399 20.23559098
  19.98591476 20.49352631 19.64078036 20.16651228 19.79676475 20.53799067
  20.02135604 19.71124916 19.81342342 19.85879961 20.35919353 19.60275888
  20.18085225 19.15946845 20.1456781  19.96775817 19.93960049 20.45579391
  20.35458082 20.09653449 19.50678144 19.76902776 19.74724341 20.08357694
  19.86689285 19.79640095 19.35391589 20.09772514 19.87280772 20.02293388
  19.16318735 19.86489365 19.0149596  20.40901406 20.37329271 20.13371981
  20.37181866 20.80561876 19.96309748 19.74587602 20.17111623 20.04904583
  19.8898893  20.05336725 19.98465131 20.38162881 19.57891278 20.08379419
  19.89449388 19.65499064 20.08208645 20.42175419]
[19.87329039 20.1641875  19.83626838 20.35135194 19.93647107 20.34847259
  30.37423529 20.433834   20.148071   20.07279922 20.59997569 20.1564602
  20.20116728 20.2835325  19.94321211 19.96904435 20.19852677 19.86203786
  20.16207433 20.11262801 21.0240252  20.28124655 20.31877971 20.06731779
  20.69201287 20.8483048  20.21976906 20.33560356 20.27557372 20.26788274
  20.33537387 20.61664428 20.73092389 20.51014009 20.68561762 20.34993891
  20.24754292 19.93382687 20.60791911 20.4393291  20.16967847 19.8284765
  20.65494166 20.24908012 20.28473229 20.354534   20.11702671 20.08797951
  20.09394073 20.17175515 20.32917051 20.56975751 20.03326108 20.5674588
  20.13991916 19.86860433 20.06778912 20.15744969 20.59481091 19.7141296
  20.11134946 19.83569345 20.22394997 19.84789646 19.8447591  20.11950779
  20.09711305 19.84257536 19.57030186 20.10498041 20.05042261 20.52018265
  20.18504944 19.89617259 20.02711144 20.07501367 20.00835417 20.33431579
  19.36871049 20.61060477 19.34130421 20.1764692  20.52064989 20.3666512
  20.10944837 20.43840009 20.50119487 20.39136036 20.33269984 20.40220627
  19.56199263 20.28868561 20.6255859  20.58246137 19.66437025 20.36456794
  19.84672656 19.8702212  20.12277272 20.33495709]
[19.78430139 19.91411505 19.56684371 20.12400316 19.92247235 20.01330056
  20.433834   29.77822119 19.78472346 19.90542894 20.22698284 20.27762752
  19.39172475 19.59031227 19.84512979 19.11528369 19.8436519  19.69381285
  20.5919724  20.34204922 20.34338809 20.05376947 20.32585604 20.00739523
  20.29864402 20.41374809 19.78582714 20.23708442 19.74391402 20.09546657
  20.07805677 20.43856861 20.04874853 20.34498645 20.29253783 20.23805198
  20.25330534 19.54738097 20.05093704 19.95679535 20.17410599 19.31938754
  19.96269909 19.95816557 20.81093548 20.36309089 20.06444592 19.71250773
  19.83169123 19.71544402 19.54054964 20.0138145  19.5017855  20.22242739
  20.05417486 20.2847714  19.91036612 20.03853279 20.21263095 19.39568473
  20.03884616 19.54362877 20.02141817 19.25321987 19.81590043 19.66184052
  20.08819144 20.22043068 19.59775315 19.78102835 19.51780888 20.31057047
  20.00872712 19.90484865 19.34722823 20.17626912 19.92331713 19.83465203
  19.16297749 19.7164044  19.17472214 20.1326976  20.17537844 19.93174821
  20.16384936 20.43044221 19.66231374 19.78564939 19.99335466 19.92945712
  19.73656719 20.15139419 20.18464123 20.10035042 19.87430998 20.13794793
  19.54776163 19.3617811  19.80873055 20.52998373]
[19.57127936 20.00124663 19.58946547 19.77265879 19.75311804 19.63640333
  20.148071   19.78472346 30.14067938 19.69644854 20.43516133 19.70824793
  19.20982589 19.47187518 19.76218732 19.36333389 19.70705255 19.51660072
  20.18974033 19.79685219 20.6022148  19.54683879 19.83967584 19.97159592
  19.89722309 20.38307321 19.83838594 20.09695452 19.73262754 19.58224376
  19.978948   20.10580107 20.24277782 20.08262306 20.11606264 19.94104541
  19.94940716 19.75334324 19.696415   19.40266737 19.9729514  19.21923542
  19.56760136 19.59243981 19.79820253 19.72724268 19.70112029 19.57697312
  19.40214704 19.64277332 19.71687169 20.32407872 19.277864   20.55505332
  19.97771047 19.96784906 19.58304633 19.63040077 20.09305845 19.3083827
  19.62144519 19.18031064 19.845684   19.4744432  19.20149736 19.46082601
  19.49086986 19.86399893 19.52453611 19.6461482  19.54877424 20.18338972
  19.86437064 19.53802587 19.22792498 19.79297333 19.64279681 20.25736917
  19.16584196 19.84148266 18.84791095 19.82589784 20.2129743  19.54290159
  19.66695248 20.40336745 19.67482946 19.8141196  19.77761488 20.08591029
  19.68855335 19.56581663 19.66238531 20.18834093 19.02084859 19.60891954
  19.42272438 19.00042386 19.76941184 19.97189061]
[19.8028275  20.08287978 19.5997566  19.84310742 19.38497989 20.25991796
  20.07279922 19.90542894 19.69644854 29.64250846 20.80642106 19.75822143
  19.51697342 19.67943699 19.74580058 19.77694079 19.75591379 19.88466693
  20.24020767 19.68257183 19.94052078 19.76624492 19.9018222  20.35555568
  20.14573    20.47720421 20.04293938 19.67244288 19.74959972 20.13048256
  20.16275967 20.14856896 20.16726848 19.98172941 20.06347178 19.68639022
  20.28903012 19.42430505 19.67204657 19.81499975 20.02471289 19.2674403
  19.79288629 19.49506698 20.01204732 20.34349289 19.83098728 19.864165
  19.50916226 19.98643357 19.86439084 20.37643729 19.35865828 20.42661214
  19.96386484 19.88503739 19.71536322 19.70493252 20.07901527 19.34405951
  19.72437097 19.34317738 20.26142825 19.32312009 19.37279692 19.68405461
  19.69015443 19.90336931 19.48698068 19.53907886 19.96542356 19.63055183
  19.83601323 19.43989205 19.54075114 20.2476728  19.83099549 19.89835725
  19.4768361  19.71340925 19.14767102 19.83038113 20.52660539 19.65336991
  19.83078561 19.73203025 19.72269384 19.67064135 20.21723764 19.86673041
  19.26862728 20.03845765 20.00174331 20.27125672 19.48009887 20.11981766
  19.46603717 18.80607201 19.7360697  20.53563145]
[19.73892664 20.50201389 19.67512417 19.83223462 20.09708134 20.05332529
  20.59997569 20.22698284 20.43516133 20.80642106 30.46854563 20.30646325
  19.72527339 20.05613964 20.02875987 20.06103904 20.28500776 19.69859808
  20.71916003 20.10085258 20.31225763 19.91747941 20.41374118 20.65019055
  20.61075516 21.09841077 20.07252641 20.16785789 19.91080466 20.2287494
  20.20406302 20.72780227 20.82294258 20.30078785 20.39559064 20.53317816
  20.58361779 20.06684963 20.64963365 20.47025728 20.81457127 19.81785669
  20.57210957 19.99151813 20.71973564 20.3462537  20.15325876 20.41740009
  19.89991857 20.59564258 19.91829965 20.78039592 19.59568811 21.00545414
  20.49358628 20.06882684 19.80460955 20.55115155 20.40167324 19.51710165
  20.12082967 19.99795783 19.96862415 20.05158738 19.90711644 20.36226428
  20.36192741 20.33738323 19.63063609 20.41279719 20.11205561 20.61272634
  20.28150073 20.47786686 19.6871808  20.44413005 19.96790325 20.00534828
  19.43386092 20.22118598 19.50435281 20.49171082 20.70237463 20.2487288
  20.07493904 20.62202032 19.82626562 20.20050315 20.16441646 20.36547056
  20.08734858 20.46315671 20.09621851 20.47588222 19.87153597 20.22437457
  19.86482287 19.61758834 20.40817493 20.64851882]
[20.29632842 20.16636958 19.49131316 20.12324782 19.52644081 19.87909131
  20.1564602  20.27762752 19.70824793 19.75822143 20.30646325 29.89019044
  19.65496529 19.81076439 19.94928294 19.38797477 19.82072111 19.95343445
  20.39752411 20.21677364 20.71202533 19.71408167 19.76294439 20.17130202
  20.39257546 20.69048352 19.74756686 20.35736906 19.91356223 19.94502722
  19.94113231 19.81419022 20.54663885 20.42238945 20.52580435 19.99190959
  20.36792575 20.02267463 19.94983638 19.6509068  19.98515557 20.03927282
  19.93303488 20.22842586 20.42120998 20.13392162 20.63567066 19.81145647
  19.62278141 19.8883873  19.93304812 20.38687788 19.42682905 20.32372416
  19.91594141 20.19007865 19.56723722 20.10433973 20.31334125 19.2956389
  20.33639894 19.51350159 20.24682062 19.79993724 19.58243586 20.10460855
  20.17177898 19.8161547  19.60380154 20.09655317 19.35401233 20.58927903
  20.12447398 19.85666015 19.69553703 20.0438659  20.12303115 20.09051944
  19.33431383 19.7429533  19.3041526  19.76738922 20.3514826  19.6713432
  19.8944918  20.45070007 19.9217787  19.99168509 20.35269994 20.15105035
  19.56799687 20.01137915 20.10577409 19.76942637 20.0565934  19.95134499
  19.46372494 19.39192017 20.04353805 20.33282801]
[19.24882373 19.76505717 19.29101637 19.54744232 19.51554698 19.66598858
  20.20116728 19.39172475 19.20982589 19.51697342 19.72527339 19.65496529
  29.23484613 19.31593545 19.39947384 19.04240861 19.551727   19.56157644
  19.74660777 19.72258825 20.67972707 19.73306046 19.80285718 19.70571151
  19.93019731 19.93965701 19.74746132 20.10429602 19.56138732 19.87059202
  19.80720648 19.73527049 20.06113361 20.06427014 19.93380301 19.91187834
  19.95771931 19.3959647  19.79150141 20.13858993 20.0486301  18.90065649
  19.82859412 19.54937582 19.89180691 19.74028825 19.65154952 19.66493535
  19.58315963 20.42681911 19.60581442 20.18869278 19.29070645 20.26125988
  19.7364263  19.99041516 19.69552677 20.15610629 20.39508753 18.82615643
  19.51645291 19.19794027 19.78999611 19.07947733 19.37116157 19.46771575
  19.86836468 19.48711915 19.09813324 19.24135991 19.08988894 19.91880614
  20.21114508 19.60794937 19.41073933 19.9524477  19.64870597 20.12438327
  18.76763134 19.61786053 18.82102969 19.72178787 19.92511948 19.63875665
  19.53201566 20.04849603 19.31541815 19.78640862 19.95168596 19.56815054
  19.45468315 19.73065869 19.41370071 19.90935924 19.10573198 19.67445533
  19.5130518  19.29188829 19.83220888 20.27651787]
[19.69010553 19.94165798 19.45433853 19.96460282 19.47102758 19.62342412
  20.2835325  19.59031227 19.47187518 19.67943699 20.05613964 19.81076439
  19.31593545 29.22841699 19.5842377  19.38479295 19.80344674 19.70676501
  19.99239422 19.89689542 20.18969022 19.70482477 20.02350953 20.29496143
  19.65946267 20.03285922 19.84972716 20.02698304 19.39168333 19.88881796
  19.7821456  19.98428344 20.03221035 19.96837474 20.08333041 19.82173867
  19.91370594 19.50490608 19.79709261 19.73122473 20.00136376 19.49262106
  19.97260669 19.57680794 20.15585161 19.87738123 19.74258795 19.86709178
  19.50952649 19.87397041 19.53813852 19.67897043 19.49140004 20.30625
  19.43787749 19.45789562 19.80892041 19.95477663 20.2832769  19.29897686
  19.60239919 19.38745418 19.78313252 19.33470034 19.83451409 19.48165491
  19.67176225 19.6673206  19.74783803 20.10718819 19.10880411 19.87169599
  19.7854688  19.58926728 19.41975924 19.46432571 19.55805485 19.94744007
  19.26447181 19.8105316  19.19156486 19.77112212 20.35774979 19.84324724
  20.25499454 20.07287765 19.7899804  20.00302467 19.70438013 19.95366955
  18.85271206 19.75932042 19.5834012  20.07646168 19.33846173 19.56976436
  19.3389403  19.41506554 19.72590222 20.20410296]
[19.90998568 20.01866951 19.75068243 20.06067287 19.79297355 20.20559164
  19.94321211 19.84512979 19.76218732 19.74580058 20.02875987 19.94928294
  19.39947384 19.5842377  29.6365493  19.66672087 19.99028214 19.75617216
  20.3280723  20.06013021 20.53782631 19.55376727 20.21812797 19.83818725
  20.00838969 20.54678192 19.96946648 20.54604629 19.48261938 19.97948802
  19.92679182 20.19939761 20.34468918 20.52070682 20.58739797 19.61786181
  20.04511225 19.7892655  20.28240841 19.90912944 20.34904267 19.65624127
  19.73715017 19.80484226 20.26231384 20.19669405 20.02247875 20.08049986
  19.87911317 19.73596984 19.79588289 19.94895873 19.25741643 20.61872248
  20.16846658 19.88389416 20.23352531 19.98283585 20.40741941 19.75441472
  20.08324254 19.63721111 20.17725614 19.65999845 19.50150412 20.04367158
  19.89578942 20.27945473 19.36316096 19.70015867 19.65037383 20.38496215
  19.91806568 20.07243418 19.31974574 19.85627902 19.34050383 20.20680031
  19.44815299 19.73633119 19.31675385 20.10161256 20.3164893  19.77001045
  19.83734324 19.8108084  19.81696341 20.10408802 20.07056092 19.61438246
  19.89521213 20.43652399 20.00918009 19.9460406  19.69248549 20.15556595
  19.30251274 19.162601   20.32622205 20.84989412]
[19.47725851 19.77537531 19.01305131 19.63379685 19.15423207 19.59984213
  19.96904435 19.11528369 19.36333389 19.77694079 20.06103904 19.38797477
  19.04240861 19.38479295 19.66672087 29.18449114 19.32256178 19.65797948
  19.90656711 19.57971874 20.3509353  19.34003179 19.79786023 19.54339601
  19.34501852 19.90609924 19.98481849 20.10378019 19.32841365 19.39828273
  19.6988101  19.52080597 20.02136022 19.7881114  19.76869666 19.58383928
  19.92978386 19.3847534  19.74257599 19.59936825 19.89662326 18.92790686
  19.44381461 19.25009347 19.7081515  19.76338063 19.47626057 19.997271
  19.29717382 19.7118987  19.99956864 19.67218596 18.93657059 20.2111882
  19.80362286 19.55414694 19.55012458 19.47965145 19.4691815  18.92448851
  19.85361164 19.10707988 19.8799756  19.32539551 19.338034   19.46464984
  19.6165394  19.40391892 19.08423086 19.14812802 19.28291223 19.82575849
  19.34103951 19.78057106 19.01167211 19.35977901 19.52973146 19.86872997
  19.10576408 19.8438975  18.62884507 19.97775264 20.25284247 19.54602777
  19.37331149 19.69222754 19.56504181 19.56866273 19.72611811 19.78639618
  19.42438114 19.80458023 19.55215818 19.64925325 19.19139686 19.35492395
  19.5631731  19.2212367  19.5282622  20.22314351]
[19.54703342 20.21572863 19.22094091 19.95596693 19.32809698 19.73754686
  20.19852677 19.8436519  19.70705255 19.75591379 20.28500776 19.82072111
  19.551727   19.80344674 19.99028214 19.32256178 30.12690929 19.79293016
  20.49864941 19.85564529 20.80560398 19.10628791 19.89734673 20.12618998
  19.90839086 20.26182251 19.61031836 20.04971372 19.92010467 19.99503828
  20.33934949 20.21865038 20.10845258 19.98320225 20.24807581 20.30982505
  20.04421253 19.8526117  19.92354187 19.88605218 20.21281546 19.13912642
  19.71866151 19.70202738 20.14634022 19.70059001 19.80903313 19.74445625
  19.52195336 19.88417426 19.84998201 20.15177859 19.68884572 20.73809469
  19.84279195 20.03752321 19.75516519 20.39772429 20.0887797  19.16783918
  19.72305301 19.36448216 20.08622041 19.4511665  19.77718821 20.24079595
  19.71754367 19.61359665 19.66836326 19.94566673 19.57270469 20.26414827
  19.88328382 19.8027091  19.57950077 20.13279087 19.79519727 20.23052113
  19.12960223 19.76658048 19.06153807 19.82112213 20.41535404 19.56450568
  19.92218833 20.02065264 19.76528414 19.97684704 19.88997184 20.07715413
  20.15418177 19.98021178 19.76036482 20.17747444 19.81438744 19.844034
  19.3863052  19.48191309 19.80083229 20.51120464]
[19.53717868 20.11556253 19.33131728 19.66191813 19.68553215 20.07244819
  19.86203786 19.69381285 19.51660072 19.88466693 19.69859808 19.95343445
  19.56157644 19.70676501 19.75617216 19.65797948 19.79293016 29.22556711
  20.21605285 19.82101975 20.50494428 19.81671073 20.04816117 20.28745313
  19.97624447 19.96146905 19.95879342 20.08793532 19.63892559 19.87948767
  19.73598043 20.39566914 20.49073095 20.00456394 19.91066231 19.59407994
  19.99684777 19.45161904 19.68310299 19.58076295 19.7814762  19.27473716
  19.92917722 19.68385732 20.08700781 20.11450437 19.8923905  19.61780595
  19.71316945 19.91524221 19.79681592 19.94139843 19.5961237  20.75376365
  20.13290307 19.85960942 19.83420902 19.82720455 20.39354182 19.22299024
  20.35480663 19.47932001 20.16587765 19.78668533 19.59510492 19.92642432
  20.01328789 19.931224   19.2361238  19.79596101 19.38972042 20.02826536
  19.9844861  19.55279528 19.50212491 19.80861339 19.92121377 20.26291819
  19.12215954 19.52134548 19.08859713 19.80511579 20.47319754 19.77518091
  19.88548876 20.27516393 19.81392594 20.00036793 20.18399364 20.04034787
  19.35624165 19.77861466 20.102589   19.70771716 19.46925526 20.27242875
  19.34191731 19.04604335 19.87007063 20.43348255]
[20.24431055 20.77201447 20.30702509 20.53104496 19.97640946 20.33632429
  20.16207433 20.5919724  20.18974033 20.24020767 20.71916003 20.39752411
  19.74660777 19.99239422 20.3280723  19.90656711 20.49864941 20.21605285
  30.81333327 20.68325695 20.98487385 20.03753682 20.67845748 20.02729086
  20.4750239  20.33665051 20.18103097 20.75786882 20.42903385 20.30499602
  20.34033112 20.99752995 20.66190413 20.49471042 20.43053622 20.29095216
  20.72741429 20.25328768 20.17387112 20.47089494 20.53720579 20.02271101
  20.35677423 20.32048126 20.59423744 20.50133477 20.33073039 20.2487283
  19.90140434 20.63638137 19.92517822 20.60592235 19.8117203  20.90873728
  20.29041251 20.63060103 20.05071904 20.66422449 20.68668085 19.74125052
  20.40039284 19.71986986 20.66133812 20.17078203 20.20931766 20.39462659
  20.31465514 20.29546166 19.90747768 20.12347907 19.81829222 20.43175819
  20.18031126 20.41411828 20.15208576 20.57992345 20.03175222 20.63728346
  20.00207716 20.29587265 19.72707547 20.39079067 20.25650263 20.46929176
  20.53384295 20.93864567 20.22832108 20.66743323 20.4850324  20.42186337
  20.07218193 19.97885741 20.23110823 20.53083379 20.21069974 20.3161897
  19.77261255 20.00141081 20.41812969 20.49033556]
[19.21442589 20.21534144 19.68063062 20.19256746 19.64206762 19.92090338
  20.11262801 20.34204922 19.79685219 19.68257183 20.10085258 20.21677364
  19.72258825 19.89689542 20.06013021 19.57971874 19.85564529 19.82101975
  20.68325695 29.94237718 20.68934643 19.60508417 20.45962899 20.17800373
  20.28980882 20.16805866 19.49600103 20.16347315 20.14729043 19.95981026
  19.99565759 20.24393239 20.36157991 20.28520432 20.25946836 20.01056677
  20.59716697 19.9809405  19.85720592 19.82008776 19.97433906 19.44543499
  19.88195458 20.29440056 20.22905917 20.3231073  20.27673442 19.81932107
  19.58511316 19.83601575 19.65572045 20.56330163 19.29223476 20.23554105
  20.20254507 20.03436472 20.01502011 20.32944644 20.17102716 19.53899358
  20.15166927 19.46252316 20.17057146 19.31828053 19.9876514  20.36246476
  19.82497345 19.80395583 19.30227932 19.71059722 19.8600827  20.31021367
  20.00388073 19.95318388 18.98956837 20.19259874 20.04928511 19.93177787
  19.35469876 20.25386129 19.17712426 20.1330523  20.16497431 19.96422545
  20.07242924 20.61912549 19.90595873 20.2246473  20.05576926 20.05464774
  19.72083255 19.92429635 20.37307388 20.30818889 19.6757585  19.97349652
  19.51074078 19.28908282 19.92129842 20.48418382]
[20.51200239 20.93727749 20.62567135 20.75191514 20.38289776 20.73074028
  21.0240252  20.34338809 20.6022148  19.94052078 20.31225763 20.71202533
  20.67972707 20.18969022 20.53782631 20.3509353  20.80560398 20.50494428
  20.98487385 20.68934643 31.11564669 20.47090676 20.71278505 20.41941995
  21.1620915  20.95818598 20.532295   21.14839207 20.62493501 21.00836779
  21.11706741 21.35349882 21.25384732 20.95803475 20.8091471  20.80077164
  21.16113271 20.68351747 20.51937393 20.52958902 21.04664352 20.2811817
  20.82747543 21.06331559 21.14340377 20.96666251 20.92747988 20.76907878
  20.36210826 20.81574345 20.41927929 20.66773319 20.23072384 21.15218773
  21.068773   21.25611407 20.54245932 20.88266297 21.39449663 19.83546514
  20.73058008 19.95678099 20.87543725 20.41220582 20.38123145 20.72184941
  20.68152542 20.74988946 20.03586724 20.27907521 20.40421051 20.88332064
  20.54705242 20.68049682 20.53537169 21.1808557  20.34618047 20.51356274
  20.04450451 20.74294696 19.40625605 20.85881435 21.36505447 20.5446386
  20.83034696 21.23039836 20.94607785 20.98129031 20.83680857 20.93569998
  20.30511252 20.78280686 20.82203535 20.73749249 20.25026178 20.92321973
  20.2772929  20.00661485 20.6934384  21.27968505]
[19.88838719 20.05551264 19.44176962 19.8196032  19.44193193 20.14010989
  20.28124655 20.05376947 19.54683879 19.76624492 19.91747941 19.71408167
  19.73306046 19.70482477 19.55376727 19.34003179 19.10628791 19.81671073
  20.03753682 19.60508417 20.47090676 29.20362704 20.17884563 20.04346285
  19.95859278 20.1661322  19.49589753 20.04549506 20.11193259 19.84040236
  20.01030119 19.79151506 19.83750447 19.88536837 19.98171859 19.83852699
  19.79965035 19.81124147 19.68944927 19.81249551 20.10384925 19.49492354
  19.83824738 19.67405813 19.93965279 20.05240401 19.92299645 19.95987846
  19.80513644 20.04813754 19.58125705 19.88093602 19.33177659 20.58925447
  19.91912365 19.51961647 20.08260795 20.16435235 20.03164143 19.2016047
  19.7642545  18.97258977 19.93169353 19.07094563 19.6714102  19.74042323
  19.51658166 19.70323637 19.13694927 19.79580213 19.65417747 19.62686055
  19.80070144 19.67973364 19.4720668  20.26092723 19.87100078 19.83269348
  19.32766983 19.63413974 18.94419572 19.94494149 19.97098349 19.83223293
  19.82653574 20.16753919 19.70203154 20.17238623 19.87108223 19.77374463
  19.66200379 19.89888441 19.93464234 19.71165963 19.23220953 19.42133708
  19.45160241 19.34776106 20.15883446 20.33548287]
[20.00315681 20.25602266 19.88777829 20.37722255 20.00742105 20.39253177
  20.31877971 20.32585604 19.83967584 19.9018222  20.41374118 19.76294439
  19.80285718 20.02350953 20.21812797 19.79786023 19.89734673 20.04816117
  20.67845748 20.45962899 20.71278505 20.17884563 30.13746503 20.25418709
  19.95850098 20.5752784  19.76818439 20.76174551 20.15015138 20.30769801
  20.37270062 20.27289819 20.70800676 20.49472105 20.35815026 20.63204583
  20.17349072 19.82164044 20.24110286 20.03093995 20.40484457 19.55283674
  20.21720912 19.97964331 20.1824041  20.28523405 20.08703388 20.07711061
  19.88025677 19.86200587 19.98932679 20.40191154 19.97830039 20.75840279
  20.45838367 20.65964372 19.93816982 20.24876242 20.66158341 19.88418902
  20.46934071 19.6188684  20.73606947 19.68807941 20.08022458 20.36198591
  19.817645   20.22208947 20.01650204 19.76209024 20.08265293 20.36835139
  20.44785783 19.9827275  19.82956119 20.61327383 20.23526242 20.35984064
  19.25397779 20.30328105 19.35572255 19.83574986 20.33711709 20.18149653
  19.99845034 20.86515223 20.33658338 20.55540883 20.28956991 20.41776636
  20.11051688 20.29308687 19.99012013 20.19425989 19.79552483 20.13475481
  20.15995603 19.68922259 20.37770801 20.91355277]
[20.00064442 20.18997101 19.55701663 19.98519294 19.93043497 19.89593823
  20.06731779 20.00739523 19.97159592 20.35555568 20.65019055 20.17130202
  19.70571151 20.29496143 19.83818725 19.54339601 20.12618998 20.28745313
  20.02729086 20.17800373 20.41941995 20.04346285 20.25418709 30.04385953
  20.36899391 20.4864433  19.77119539 20.29301532 19.79232443 19.79632042
  20.4191616  20.45197042 20.78632806 20.36460275 20.03988898 20.32951293
  20.27717428 20.26452391 20.0893138  19.89063197 20.35320537 19.43620332
  19.89731042 20.05525643 20.43380236 20.46997152 20.11051704 20.06168128
  19.89239642 19.92764162 20.14244253 20.31608615 20.18888132 20.71410056
  20.1123806  19.83078221 19.71403412 20.06393476 20.38830321 19.40214734
  19.99840157 19.55417691 20.08840607 19.78012139 20.14871263 20.30084467
  19.91737534 20.07407134 19.60521281 20.03018699 20.01390098 20.53356141
  20.08939654 19.89025572 19.30922264 20.22420538 20.19994772 20.26936842
  19.39583646 20.21788695 19.2752453  20.06083959 20.82517394 19.96343453
  19.84497642 20.37942832 20.2919576  19.97393857 19.84863285 20.4627678
  20.04016683 20.46677263 20.23946169 20.17153429 19.62404236 20.16152484
  20.02130376 19.42755867 20.05478243 20.5536201 ]
[20.3985298  20.52132913 19.70145598 20.22753746 19.66705422 19.88590704
  20.69201287 20.29864402 19.89722309 20.14573    20.61075516 20.39257546
  19.93019731 19.65946267 20.00838969 19.34501852 19.90839086 19.97624447
  20.4750239  20.28980882 21.1620915  19.95859278 19.95850098 20.36899391
  29.74427922 20.7563591  19.79848603 20.39387906 20.09892674 20.2511881
  20.20920779 20.3748933  20.43677779 20.13973691 20.50557895 20.33563052
  20.40626134 20.05770426 20.08089939 19.99416442 20.63085316 19.79998775
  20.49991788 20.25938233 20.38763242 20.00945424 20.19743808 20.23695493
  20.08311638 20.06974534 20.00055066 20.13459407 20.10966119 20.43578908
  19.66373264 20.40950813 20.30623524 20.52042169 20.05201074 19.52170836
  20.56094437 19.94853579 20.43809694 19.90634159 19.84834138 20.33041003
  20.04328093 20.13376296 19.69906275 20.0037206  19.89822867 20.44993484
  20.20483773 20.2477881  19.52668961 20.38058012 20.36048492 20.26161171
  19.48010208 20.27604831 19.65079022 20.16992819 20.86860526 20.13726945
  20.52564552 20.46685479 20.31963694 20.57047473 20.46611035 20.26950454
  20.09789909 20.43994528 20.10780139 20.47385873 19.86638638 20.08660787
  19.8414026  19.33839967 20.27033761 20.52639862]
[20.2669298  20.4165533  19.74350379 20.43832111 19.84261836 20.19792013
  20.8483048  20.41374809 20.38307321 20.47720421 21.09841077 20.69048352
  19.93965701 20.03285922 20.54678192 19.90609924 20.26182251 19.96146905
  20.33665051 20.16805866 20.95818598 20.1661322  20.5752784  20.4864433
  20.7563591  30.46952915 20.46414665 20.57937425 20.37670237 20.36498781
  20.78099535 20.55041023 21.0775492  20.46582873 20.7536472  20.27879696
  20.436506   20.36514112 20.71673517 20.22621623 20.45946816 19.63659132
  20.44182485 20.45970851 20.62822426 20.34253721 20.48009122 20.83521795
  20.00264825 20.35161413 20.37692924 20.71586286 19.94069342 20.78477464
  20.24269863 20.64129136 19.97108822 20.11278317 20.96336967 19.73592373
  21.02879769 19.5627076  20.60601022 20.11343186 20.28919613 20.18701342
  20.08486171 20.11876764 19.90112586 20.03936403 19.67201164 20.47729603
  20.34979923 20.30077331 19.90901651 20.19631683 20.31176418 20.43321069
  19.94058675 20.48318795 19.66300188 20.49179616 20.67926035 20.31854478
  20.36446707 20.6088542  20.67051172 20.70827255 20.33523461 20.34824138
  20.06572974 20.75583209 20.47353222 20.73071931 20.0060942  20.24136173
  20.07106203 19.75372174 20.51015449 20.59861306]
[19.63343264 20.31660637 19.6781344  19.80796411 19.83518425 20.07449209
  20.21976906 19.78582714 19.83838594 20.04293938 20.07252641 19.74756686
  19.74746132 19.84972716 19.96946648 19.98481849 19.61031836 19.95879342
  20.18103097 19.49600103 20.532295   19.49589753 19.76818439 19.77119539
  19.79848603 20.46414665 30.03581142 20.40645926 19.83973224 19.95558135
  19.84937544 20.19367128 20.2102416  19.87577763 20.16530788 19.97508689
  19.95499649 19.62481941 20.1220592  19.94766083 20.23501657 19.61681419
  20.2557342  19.68784061 20.07353831 20.29533616 19.94901785 20.37674188
  19.93158337 20.10842557 19.8967017  20.16476842 19.41816094 20.61072474
  20.16430852 19.6065061  19.78309831 19.71151357 19.95380943 19.43008752
  20.12623016 19.62622341 19.80501831 19.20994343 19.94982246 19.96404229
  19.61728065 20.38059794 19.59051807 19.60617417 19.61808332 20.32225827
  19.84188114 19.94433524 19.74730594 19.84443172 19.85022591 19.98920184
  19.10178151 19.93883923 19.26119845 19.77427045 20.42373533 19.94395312
  20.07654468 20.38008082 20.07859713 19.95930375 19.71939255 19.94938524
  19.78343628 19.66270106 20.23951753 20.24883907 19.82361728 20.07508522
  19.90140472 19.50022214 19.69474563 20.10958753]
[20.46331796 20.46960306 20.02580006 20.24118216 20.25411021 20.49504667
  20.33560356 20.23708442 20.09695452 19.67244288 20.16785789 20.35736906
  20.10429602 20.02698304 20.54604629 20.10378019 20.04971372 20.08793532
  20.75786882 20.16347315 21.14839207 20.04549506 20.76174551 20.29301532
  20.39387906 20.57937425 20.40645926 30.36834808 20.08530859 20.18088264
  20.33704965 20.46922489 20.96462071 20.39667134 20.09596746 20.70007379
  20.05386479 19.91553554 20.33361143 20.07418938 20.56170456 19.87034403
  20.270828   20.07691246 20.90526054 20.32097023 20.37370295 20.18043357
  20.01860737 20.08088871 19.97791899 20.08165859 20.01224685 21.39027209
  20.48020262 19.99674302 20.28648708 20.59350637 20.60760284 19.94904529
  20.54203365 19.8126727  20.38655046 19.97883529 20.10326428 20.11271336
  20.34932635 19.90649185 19.59608044 20.18176104 19.91657866 20.2127392
  19.86061894 20.09667321 20.24782696 20.33343866 19.72533221 20.46918688
  19.4826098  19.83955046 19.0532918  20.07571637 20.69073848 19.9581118
  20.11828561 20.6904044  20.42317951 20.53169845 20.38675585 20.37446359
  20.13304124 20.50507149 20.35129709 20.29739577 20.12878376 20.09940709
  20.02834762 19.58714891 20.21396651 20.48186119]
[19.47679247 20.11340854 19.66260296 19.86617848 19.60243223 20.11331651
  20.27557372 19.74391402 19.73262754 19.74959972 19.91080466 19.91356223
  19.56138732 19.39168333 19.48261938 19.32841365 19.92010467 19.63892559
  20.42903385 20.14729043 20.62493501 20.11193259 20.15015138 19.79232443
  20.09892674 20.37670237 19.83973224 20.08530859 29.68573162 19.80409557
  20.34998495 20.32569974 20.08574798 20.20550145 19.8987019  20.11197271
  19.83110179 19.72173462 19.85843153 20.04364653 20.08898354 19.39212583
  19.62376851 19.8724344  19.99029754 19.73546309 19.94628272 19.98841111
  19.67709769 19.6540164  19.83183505 20.2437483  19.65383058 20.14909045
  20.05110251 19.5518985  19.58022413 19.77587117 20.36856741 19.39144589
  19.80510582 19.60263696 19.92830506 19.50697745 19.7160455  19.70861056
  20.27517216 19.57677286 19.66765852 19.86990576 19.51073661 20.61395917
  19.80835141 19.59278527 19.91795183 20.22585615 19.67449687 20.05272033
  19.09256504 19.64110267 18.996041   19.72958987 20.08384033 19.73858797
  19.93382375 20.09878741 19.45366056 19.78785671 19.93530519 20.09714128
  19.54448754 20.40927237 20.08917079 20.19199699 19.61008409 19.71396306
  19.37956351 19.0834785  20.06561209 20.68735815]
[20.06379398 20.46956682 19.65098458 20.30547645 19.78526303 20.3515612
  20.26788274 20.09546657 19.58224376 20.13048256 20.2287494  19.94502722
  19.87059202 19.88881796 19.97948802 19.39828273 19.99503828 19.87948767
  20.30499602 19.95981026 21.00836779 19.84040236 20.30769801 19.79632042
  20.2511881  20.36498781 19.95558135 20.18088264 19.80409557 29.92235827
  20.33016471 20.47027838 20.6610053  20.20776923 20.47096929 19.99214163
  20.39361585 20.14199929 20.20844508 19.9955888  20.51401255 19.72246254
  19.79481189 20.24074617 20.16196958 20.4282555  19.97833611 20.25241761
  19.94342315 19.8429886  19.96448752 20.30142216 19.93584088 20.98473404
  20.27623618 20.46612719 19.97851297 19.90123875 20.79245769 19.68911969
  20.43924635 19.28710745 19.9254689  20.01500714 19.92610593 20.07891966
  19.92989024 20.13302265 19.8102559  19.73751196 19.94345811 19.88696366
  20.16665168 19.71699001 19.90347425 20.37749396 19.61129669 20.18107358
  19.24608394 20.31983786 19.15406799 19.87020079 20.54667476 20.15536362
  20.41903956 20.41148438 19.95257293 20.04556597 20.16843721 20.11390894
  19.62918155 20.32506064 20.06811318 20.39419932 19.39392952 19.76934814
  19.69999978 18.96973869 20.23498598 20.39330438]
[20.51462594 20.30060098 20.06006382 20.2339737  19.8386956  20.45321373
  20.33537387 20.07805677 19.978948   20.16275967 20.20406302 19.94113231
  19.80720648 19.7821456  19.92679182 19.6988101  20.33934949 19.73598043
  20.34033112 19.99565759 21.11706741 20.01030119 20.37270062 20.4191616
  20.20920779 20.78099535 19.84937544 20.33704965 20.34998495 20.33016471
  29.73698368 20.66732415 20.54752538 20.62125902 20.57169004 20.50800986
  20.20611405 19.68388997 20.06254193 20.15509357 20.53125017 20.11237553
  20.30069965 20.51453437 20.46945157 20.50051689 20.10346524 20.20037326
  19.99202152 20.06642674 20.17803074 20.56700806 19.73095785 20.71826937
  20.13555762 20.38287987 19.94024653 20.57004817 20.22602391 19.61394349
  20.28934853 19.46635282 20.08682322 19.78095472 19.69716871 20.24982754
  20.42005362 19.98472362 19.83023361 20.23259551 20.06425295 20.97149579
  20.20815726 19.99987386 19.92791942 20.24494816 20.48360362 20.28867591
  19.59371391 20.52309384 19.54185268 20.17675053 20.8130535  20.41733333
  20.56755609 20.88029343 20.14754346 20.52315237 20.38662038 20.38584357
  20.1862435  20.18604028 20.1370307  20.52333837 19.72621481 19.9227953
  19.82522095 19.70779829 20.16834146 20.65993391]
[20.37469776 20.56963948 20.27003732 20.51512685 19.98457677 20.35550202
  20.61664428 20.43856861 20.10580107 20.14856896 20.72780227 19.81419022
  19.73527049 19.98428344 20.19939761 19.52080597 20.21865038 20.39566914
  20.99752995 20.24393239 21.35349882 19.79151506 20.27289819 20.45197042
  20.3748933  20.55041023 20.19367128 20.46922489 20.32569974 20.47027838
  20.66732415 30.35859165 20.67367582 20.36588042 20.53894769 20.3435872
  20.51192719 20.03644871 20.1064504  19.98462276 20.54307414 19.52989239
  20.63674007 20.44044897 20.57565224 20.55161345 20.15715482 20.08531211
