1834
100
10
20.547931031837347

[0.09849521 0.08648023 0.06957343 0.06962279 0.05860137 0.04750032
 0.0996433  0.05604179 0.07198212 0.06108128 0.04468134 0.09707864
 0.09806512 0.09535956 0.09066981 0.0266377  0.0586276  0.03176611
 0.07357275 0.05817306 0.0951088  0.06809148 0.05198803 0.04813765
 0.06810744 0.07627611 0.09833112 0.06356382 0.09691575 0.07197226
 0.07927501 0.07025502 0.03976437 0.03794908 0.07325724 0.0709702
 0.04396554 0.07323472 0.08398896 0.06482994 0.05329598 0.03948549
 0.03345607 0.07980022 0.08602548 0.07162279 0.08558531 0.06908396
 0.09388781 0.08097251 0.06329825 0.09735822 0.09270496 0.02034487
 0.03077478 0.08298887 0.06845166 0.06633804 0.08291431 0.04479722
 0.08232504 0.05744764 0.05802028 0.05332715 0.0674789  0.0890542
 0.05578662 0.06840499 0.08725512 0.09528513 0.06038063 0.02856013
 0.06286032 0.05608449 0.05659942 0.09097745 0.0777302  0.09822215
 0.06151713 0.05324832 0.04538916 0.08861244 0.06209574 0.09260564
 0.07736726 0.06227888 0.02160319 0.05125658 0.05777969 0.05235112
 0.03301606 0.05164942 0.02282165 0.02332078 0.05087255 0.04543053
 0.03459254 0.08416204 0.09838802 0.05867518]

[[28.57793933 19.11885377 19.23315126 19.16290011 19.82764022 18.98650236
  19.33309042 19.11210305 19.62886625 19.35304073 19.55017186 18.99983626
  19.67129178 18.93832567 19.2578259  19.72812578 19.36372773 18.94853504
  19.52410163 19.11187225 19.46178662 19.55777184 18.20168584 19.60647672
  19.15185316 19.4310173  18.91869651 19.54887885 19.21341836 19.29791459
  19.24896829 19.90465015 19.8431179  19.3563432  19.28361717 19.41473579
  19.52126365 18.71569358 18.97759994 19.57328489 19.26222268 19.88019308
  19.22300463 19.46343644 19.1960549  18.98025461 19.15712071 19.50118
  19.57230687 19.28049046 18.95442369 19.0838992  19.55889514 19.50405435
  19.29590373 18.74534047 19.32665571 19.41062647 20.39267804 19.05806324
  19.09881642 20.18262082 18.80253672 20.0383961  19.25339074 18.41452941
  19.69531959 19.52797744 19.49739548 18.66104687 19.46265818 19.82886415
  18.99555472 19.33931774 19.64073449 18.8291134  19.00035088 19.14410599
  19.43252147 19.49995168 19.47775597 19.3587896  18.9773182  19.68682258
  19.19333478 20.12364489 19.47726602 19.50666247 19.21982257 19.0510429
  19.34862859 19.43567202 19.42610117 19.01288589 19.51455723 19.43046344
  19.84616545 19.15923122 19.88827572 19.07142501]
[19.11885377 30.07086732 19.60849961 19.21986086 19.9903435  19.51934053
  20.14562443 19.57193353 19.80457537 19.72969311 20.08989097 19.53956373
  19.9149537  19.70850872 19.65181963 20.12260531 19.73697584 18.99853539
  19.83447248 19.69568859 19.35804488 19.92036969 18.64020875 19.99796262
  19.4120713  19.79389482 19.38258399 19.95046121 19.64755849 19.5312948
  19.54661274 19.93739473 20.1912506  19.82307015 19.85407194 19.85280556
  20.05175415 18.99669053 19.1240057  20.04075525 19.5314571  20.1372588
  19.06070248 19.91997811 19.41492778 19.71456579 19.72403993 20.14333827
  19.53019773 19.81706897 19.75515247 19.33095688 19.7999239  19.7066847
  19.67194542 19.3705463  19.31519975 19.56513792 20.51076879 19.72573216
  19.42415197 20.36804587 19.78399471 20.29914948 19.54414891 18.9543586
  19.78347957 19.73335484 19.99223414 19.25388726 19.92816704 20.00718895
  19.58482188 19.31559215 20.33479144 19.69193222 19.94545971 19.9749701
  19.51931778 20.12731211 19.67071717 19.98565745 19.50577964 19.7522336
  19.68179459 20.60446853 19.5499353  20.13683872 19.81823661 19.7360994
  19.51838973 19.6959354  20.30573918 19.38251189 20.40653502 20.17317724
  20.23474546 19.33324221 20.33449469 19.98789066]
[19.23315126 19.60849961 29.58738113 18.84317088 20.10961854 19.74354173
  19.87844398 19.16040991 20.24796058 19.5115402  20.11607123 19.71339647
  20.2723287  19.78889028 19.62868607 19.98053949 20.07435454 19.45920074
  19.94500922 19.78317155 19.96494339 20.31622273 18.88734141 19.80515429
  19.75624642 19.80224158 19.30614907 19.72367316 19.35443483 20.07483227
  20.15737716 20.28470022 20.38680143 20.0160529  19.57632577 20.1535291
  19.81802323 19.41991866 19.23754973 19.98081191 20.00948791 20.19328602
  19.69306606 20.39158404 18.80191835 19.34617091 19.71546139 19.93381679
  19.61757031 19.49233726 19.84994061 19.01386571 19.74131075 19.83439879
  19.98879699 19.755762   19.82217157 19.72446502 20.29364875 19.16507245
  19.61137884 20.44143291 19.39317575 20.52584401 19.58101345 19.01850973
  19.95611306 19.74732677 20.15873884 19.55596914 19.83823211 20.70972073
  18.9948664  19.52866345 20.17138372 19.55569245 19.9700153  20.11062125
  20.0357555  19.84394806 19.94601662 20.0023595  19.80395957 19.99197728
  19.57998454 20.78091367 19.62378352 20.00397464 19.52097075 19.61140039
  19.8216246  20.41645986 19.72313856 19.70054846 20.32877581 20.06344546
  20.27934306 19.67762839 20.26135764 19.52827965]
[19.16290011 19.21986086 18.84317088 28.54553118 19.37465069 19.4134886
  19.46480405 19.41734353 19.79622845 19.3567775  19.97501419 19.30353962
  19.55052914 19.52339889 19.32886464 19.70127707 19.19398478 18.92087443
  19.63440695 19.46764554 19.78060227 19.51195475 19.02050016 19.23114495
  19.148129   19.29622162 19.01662031 19.46695232 19.15232711 18.96396086
  19.47232244 19.55462544 19.59252913 19.62661151 19.39364844 19.37371876
  19.57485297 19.19731657 19.03421314 19.58655618 19.21787238 20.00569117
  19.23562953 19.62854769 19.30460203 19.60359688 19.31075104 19.9496135
  19.64176776 19.43376437 19.22954966 18.89081727 19.67541764 19.35367665
  19.37070667 18.93085559 19.35974664 19.43061075 20.25711401 19.41431424
  19.22795431 20.0561559  18.86623845 19.87940426 19.49164969 18.7054275
  19.4737123  19.51894605 19.71286474 19.17818485 19.2413726  19.67132372
  19.02817366 19.42878224 19.57515369 18.78610377 19.14866218 19.42646774
  19.48120118 19.74796357 19.60434518 19.93371558 19.33143971 19.33307629
  19.56651187 20.17082861 18.86710095 19.68346505 19.6000179  19.40998155
  19.35420209 19.5903845  19.23871263 19.09262069 19.78471636 19.4876467
  19.75721723 19.20255676 19.7785727  19.51613149]
[19.82764022 19.9903435  20.10961854 19.37465069 30.15972691 19.88728661
  20.42639217 19.67231432 20.25137629 19.94425717 20.26070137 20.06281915
  20.32191355 20.11957445 20.36917424 20.37083683 20.34196659 19.65852467
  20.21332749 20.2437118  19.78316216 20.01801664 19.4866826  20.29134248
  20.00373473 20.3786222  19.62763305 20.38024732 20.01781855 19.74711105
  20.28268795 20.37012092 21.0005391  20.59967586 20.16651014 20.4786493
  20.22964868 19.73083035 19.46326173 20.29755336 20.36277415 20.58692285
  19.5590959  20.45357438 19.51420074 20.03829926 20.0874521  20.37594654
  20.48500851 20.17144287 20.04383037 19.61119761 20.29631178 19.77119936
  20.13044095 19.71320555 19.89316887 20.21776564 20.74670359 19.93223761
  19.9457438  20.82958691 20.25248363 21.15998422 19.98409048 19.46547091
  20.20868798 20.78943468 20.26646321 19.61471333 20.31065078 20.60693174
  19.77169359 20.14009608 20.53794585 19.98464108 20.13171937 20.2397939
  20.40295898 20.34586079 20.1044383  20.6538915  20.38314079 20.17020069
  20.24031809 21.08122742 20.22407787 20.49159521 20.12961003 20.14877087
  20.02033735 20.2147699  20.26156273 20.00381425 20.41295731 20.35952744
  20.85565873 19.63285811 20.70353076 20.07488104]
[18.98650236 19.51934053 19.74354173 19.4134886  19.88728661 29.13688634
  19.59472107 19.09875145 20.25250163 19.76576381 20.18921602 20.05696495
  20.00147345 19.59235848 19.80249874 20.02652397 19.56958008 19.40023831
  20.2120125  20.05670061 19.96156226 19.66101786 18.45904336 19.95197978
  20.01016397 19.41444004 19.30980867 20.1723284  19.28242983 19.21539204
  20.12402098 19.76514071 19.98620097 19.78202095 19.71520035 19.68887571
  20.11029654 19.52866814 19.34514546 20.20474626 19.77950023 20.40179114
  19.4142801  19.66462193 19.31487663 19.72098076 19.50967992 20.03962511
  19.92883585 19.6803653  19.45361327 19.15409179 19.62279675 19.95795006
  19.64397916 19.19803167 19.48068417 20.03071613 20.36991245 19.32432986
  19.64116092 19.99520679 19.67321769 20.33613847 19.71976423 19.1515087
  19.91890545 19.89403523 19.83371177 19.5508426  19.67191605 20.34233661
  19.55379772 19.60440072 20.31243359 19.37357916 19.22902378 19.94214658
  19.652299   20.19153897 20.15156749 20.19804661 19.6426321  19.7399716
  19.76689427 20.78900072 19.37189517 20.09699144 19.59145543 19.47539604
  20.18516995 19.86007165 19.46242924 19.37723149 19.89388643 20.00328075
  20.54306504 19.17497554 20.01279478 19.53356144]
[19.33309042 20.14562443 19.87844398 19.46480405 20.42639217 19.59472107
  29.87261512 19.9200491  20.20909008 20.14069793 20.72046662 19.89575053
  20.43612042 20.11927736 19.91965204 20.47122931 20.5038398  20.32046223
  20.38671585 20.81467003 20.49727944 20.45312578 19.53844805 20.69930536
  19.92480462 20.17259725 19.86678657 20.4508224  19.61929395 19.57685676
  20.38226447 20.37003449 20.37489563 20.46468079 20.33660425 20.59524962
  20.28719694 19.35792599 19.58022749 20.26258401 20.32992403 20.39836484
  20.04121366 20.64694414 19.96542014 20.10767835 19.73236272 20.05899665
  20.33338826 19.91477704 20.30654159 19.55912974 20.41183351 20.27303801
  20.50581401 19.60451678 20.35153861 20.08950091 20.65043011 20.20863249
  19.58775265 20.74016469 19.56346257 20.76975231 20.39800296 19.61659931
  20.3549181  20.5227159  20.33904752 20.06587762 20.56922207 20.47858607
  19.98425379 20.10495579 20.44271558 19.8934354  20.35043237 19.96835865
  19.89086969 20.56271435 20.21475822 20.42268844 20.03769584 20.14096064
  20.17319054 20.81408582 20.15467383 20.33730281 19.89752192 19.76258808
  20.22893096 20.10368066 20.11651367 19.94983326 20.22394275 20.17903733
  20.79651292 19.7174867  20.63897177 19.82130778]
[19.11210305 19.57193353 19.16040991 19.41734353 19.67231432 19.09875145
  19.9200491  29.29810064 19.94437481 19.26250174 19.55866887 19.43821085
  19.98879228 19.09524621 19.59536137 19.93201074 19.38218321 18.81194712
  19.57869979 19.93060207 19.51882743 19.63622228 18.70737757 19.56823731
  19.14806499 19.60808799 19.28427894 19.45744566 19.08343761 19.35441788
  19.84730553 19.86289448 19.73733232 19.61315005 19.18676959 19.86840707
  19.80025455 19.01920505 19.11019977 19.75953245 19.50944828 19.87012346
  19.10207279 19.83417515 19.0722695  19.56442929 19.42473793 19.57677919
  19.06129779 19.47012771 19.48704812 19.13667599 19.72798388 19.33731381
  19.64292194 19.43853658 19.53518161 19.70615138 20.30281286 19.77945649
  19.40664681 19.96944465 19.63612219 19.89798457 19.20394517 18.74334223
  20.06400148 19.51755023 19.94766283 19.23852573 19.81985556 19.98193543
  19.29999789 19.30192943 19.73405143 19.40647192 19.50425045 19.85181321
  19.70503778 19.90713683 19.73689489 19.53080848 19.16683928 19.64417109
  19.56122107 20.07839027 19.32485293 19.89419823 19.4649852  19.33283026
  19.23524651 19.55595002 19.76460978 19.00902975 19.75261167 19.80540352
  20.04901555 19.09358515 19.91425066 19.09051516]
[19.62886625 19.80457537 20.24796058 19.79622845 20.25137629 20.25250163
  20.20909008 19.94437481 30.18479813 20.34484949 20.47936622 20.03838167
  20.34408483 20.15794746 20.32468362 20.35581194 20.36865046 19.76698767
  20.20553189 20.36110121 20.59181304 20.4209528  19.1541107  20.5281939
  20.16264301 20.06981999 19.74932631 20.42817505 19.85619276 19.75365203
  20.71481921 20.81062365 20.25423496 20.40922074 20.43674494 20.25769221
  20.65304636 19.67772762 19.60789544 20.71454004 20.36911432 20.95004714
  20.15114325 20.50915433 19.63416499 20.20264973 20.08560293 20.63729627
  20.16819549 20.20888908 20.26935034 19.81290749 20.08046984 20.28052878
  20.41262825 19.73426384 20.30988769 20.43994678 20.69125572 20.17456341
  19.90265426 20.50737095 19.9783334  20.8239634  20.32222801 19.76343757
  20.32215965 20.1248238  20.70208268 19.74514012 20.21961766 20.66703444
  19.7083646  19.85547427 20.31342804 20.05313504 19.98186276 20.40295052
  20.47313231 20.4878522  20.5251763  20.7328938  19.54043592 20.23703735
  20.54039138 20.87764957 20.01161871 20.46748612 19.9686119  20.03795385
  19.90779637 20.09006408 20.2316127  19.75636388 20.26418021 20.43769879
  20.65261784 19.93925618 20.64390178 20.13068113]
[19.35304073 19.72969311 19.5115402  19.3567775  19.94425717 19.76576381
  20.14069793 19.26250174 20.34484949 29.45747786 20.27833459 19.63051764
  20.30021957 20.04875307 19.70541354 20.07196622 19.84058683 19.6932392
  20.24885261 19.9073892  20.06971111 20.17902321 19.42324631 19.78845258
  19.57614134 19.7401538  19.35755286 19.85813155 19.44220737 19.98539645
  20.02424082 20.09276684 20.06472876 19.84370274 19.78457559 20.03314953
  19.9209298  19.48145889 19.48070311 20.41637725 19.94148297 20.27295943
  19.4877654  20.27732075 19.34627671 19.650903   19.91026584 20.3193652
  19.96546452 19.84992677 19.65634086 19.35161825 19.47437137 20.27528736
  19.90226853 19.60189081 19.87395112 20.26224426 20.86619631 19.81479811
  19.84480097 20.48835434 19.44295281 20.10927083 20.0132103  19.21838764
  20.11109318 20.07834257 20.3284631  19.76387067 19.77268766 19.86227817
  19.88973578 19.85841416 19.90602558 19.71387758 19.57328585 19.9830595
  19.61226579 19.84388219 19.969437   20.34074079 19.65865543 19.99532349
  19.86488124 20.73171725 19.89424373 20.52952651 19.68037999 19.90382942
  19.48179757 20.54205806 19.8100313  19.52110674 20.13121359 19.81039848
  20.22563366 19.28064685 20.29568031 19.86546816]
[19.55017186 20.08989097 20.11607123 19.97501419 20.26070137 20.18921602
  20.72046662 19.55866887 20.47936622 20.27833459 30.626576   19.81722589
  20.60351409 20.38629018 20.36430964 20.47849061 20.3103861  19.77257486
  20.36266771 20.57058091 20.25925508 20.77500306 19.4335069  20.29717461
  19.95510939 20.38643563 19.71298174 20.35305154 19.94981268 19.79056044
  20.24660762 20.82873673 20.61001185 20.18404829 20.49216485 20.28744871
  20.65026462 19.80718085 19.90641409 20.34259474 19.90479668 20.83680791
  20.10705507 20.64037752 19.86901652 20.27894052 20.03875021 20.46453165
  20.29203011 20.28335104 20.01749882 19.79029121 20.42002464 20.36183054
  20.17350256 20.2946035  20.07762774 20.1590183  21.28185755 20.28212747
  19.71741528 21.10957011 19.71780935 21.03328989 20.81044834 19.40161982
  20.92471974 20.26254376 20.4642607  20.31019604 20.20040283 21.10777846
  20.18388212 20.29805051 20.48082316 20.17177061 20.2322217  20.61040423
  20.52379524 20.54488346 20.31643089 20.18842546 19.76110053 19.96619215
  20.44067053 21.28961725 19.92364882 20.6547674  20.46448395 20.11209392
  20.16076735 20.8840198  20.33933403 19.74061841 20.25638452 20.55843322
  20.71148559 19.87735315 20.72449367 20.16382619]
[18.99983626 19.53956373 19.71339647 19.30353962 20.06281915 20.05696495
  19.89575053 19.43821085 20.03838167 19.63051764 19.81722589 28.93361205
  20.24280389 19.61366825 19.5492952  20.07926301 20.34393899 19.70744879
  20.25600083 20.0221498  19.62813268 20.02046769 19.21390353 19.81893633
  19.98241087 19.6437588  19.23121313 19.90924473 19.38692268 19.90503261
  19.73656508 20.0874842  20.18475806 19.79151626 19.5877875  20.0691622
  20.23224532 19.03778032 19.38538745 20.13178813 19.69495925 20.294406
  19.41581267 19.71650402 19.39158386 19.78410672 19.66024026 19.57566878
  19.60029252 19.5714968  19.94906223 19.03979577 19.76957091 19.71557583
  19.9620387  19.62767637 19.87907191 19.98560637 20.20771428 19.47544316
  19.58698104 20.50346847 19.64879398 20.40646212 19.59139327 19.30305994
  20.17194192 19.74624033 20.34543359 19.59625718 19.64533259 20.42169119
  19.36583928 19.54278567 19.99637338 19.55044947 19.68975346 20.02365511
  19.80067381 19.77780655 20.05490272 20.25575274 19.65800133 19.7297329
  19.67092729 20.53651799 19.61535726 20.24553289 19.50136913 19.6444291
  19.74743293 20.03586237 20.0310013  19.49735719 20.26520178 20.0174026
  20.23940792 19.43023211 20.49972834 19.48810293]
[19.67129178 19.9149537  20.2723287  19.55052914 20.32191355 20.00147345
  20.43612042 19.98879228 20.34408483 20.30021957 20.60351409 20.24280389
  30.0112439  19.84299451 20.22752088 20.44726273 20.52001711 19.85301281
  20.48635278 20.30887636 20.51204554 20.0839579  19.06368607 19.99466508
  19.9832654  19.83052482 20.0236733  20.47316915 20.08336054 20.40645412
  20.35861052 20.67530366 20.61662604 20.49809134 20.2916307  20.32965123
  20.88166306 19.73787675 19.73767946 20.63587152 20.18212001 20.79973159
  19.88679255 20.48194951 19.52755856 20.04245206 20.01185572 20.44953577
  20.07417349 20.19548335 20.14369855 19.58435163 20.01533738 20.51296383
  20.22137151 19.79614627 20.19217261 20.19359663 20.79524107 20.12690851
  20.42749831 20.89572575 19.72280716 20.77735882 20.29477227 19.5701961
  20.33266987 20.56330031 20.53345441 19.91280677 20.18567485 20.91627132
  20.1298788  20.09831089 20.37036858 20.02564104 20.16974141 20.51494243
  20.2440258  20.44515679 20.6077074  20.4062773  19.98878186 20.13699741
  20.24991332 20.98443769 20.20266854 20.60123173 20.33881248 20.14967126
  20.18092114 20.4353385  20.32569177 19.67825601 20.65953512 20.32417645
  21.09801445 19.6309301  21.0634978  20.20158225]
[18.93832567 19.70850872 19.78889028 19.52339889 20.11957445 19.59235848
  20.11927736 19.09524621 20.15794746 20.04875307 20.38629018 19.61366825
  19.84299451 29.21715054 19.76053026 19.78938041 19.77151895 19.52144074
  19.78205095 20.23089912 20.33128486 19.98379988 19.08026733 20.07954381
  19.77366    19.83501851 19.15002899 20.02156028 19.61953614 19.7025048
  20.05928531 20.04606764 20.29877653 19.86462763 19.96832599 19.97749256
  19.72459838 19.15542094 19.5881642  19.99580256 19.99824164 20.21998977
  19.11366878 20.0617293  19.71603295 19.80850335 19.59518552 19.89721386
  20.02714473 19.54287952 19.64959436 19.01836923 19.96687974 20.01203191
  20.03339702 19.42788308 19.91905932 19.56246388 20.62603505 19.64410477
  19.62452361 20.37514109 19.49934076 20.35020841 20.20070456 19.24340953
  20.20919122 19.94220818 20.09682804 19.38976943 20.03677168 19.96372547
  19.38821669 19.82217962 19.87256345 19.65815701 19.48694984 19.84397962
  19.77493803 20.18918051 19.85607027 20.05652351 19.59128327 19.76767223
  20.0831149  20.61886508 19.5122176  20.03190889 19.59224209 19.53140632
  19.78780548 19.97664214 19.98549821 19.56592646 20.10743948 19.95160553
  20.47443953 19.46107502 20.24937911 19.88309257]
[19.2578259  19.65181963 19.62868607 19.32886464 20.36917424 19.80249874
  19.91965204 19.59536137 20.32468362 19.70541354 20.36430964 19.5492952
  20.22752088 19.76053026 30.03664826 20.41872018 20.10476762 19.53423071
  19.94163054 19.98151205 20.13185418 20.03169993 18.83502977 20.34768527
  19.36623346 20.00096209 19.57304197 20.2334846  19.65194569 19.72701053
  20.27986035 20.52670093 20.15370095 20.25391829 20.03263984 20.08142715
  20.24022078 19.76736043 19.53103326 20.16307799 19.5243042  20.39548785
  19.41298769 20.15849311 19.43177655 19.97107635 19.83884097 20.10321205
  19.74273217 19.79431751 19.80616097 19.39474546 20.12690074 19.7335157
  20.02752781 19.53578937 20.1271309  19.69794418 20.55454718 19.44211256
  19.97182428 20.33963674 19.37455587 20.27689808 19.60508671 19.47376627
  20.02835755 19.89883079 20.31029459 19.70907691 19.7943456  20.3187375
  19.8264127  19.60534051 20.26655249 19.90199723 19.53369252 20.12441637
  19.71066824 20.20836378 19.96616122 20.26365866 19.55832441 19.93725833
  20.15484075 20.80124106 19.62943214 20.31672545 19.75603101 19.695308
  19.93822992 20.03661135 19.8102528  19.57366339 20.11633864 20.21593097
  20.8876033  19.13554566 20.39057167 19.730762  ]
[19.72812578 20.12260531 19.98053949 19.70127707 20.37083683 20.02652397
  20.47122931 19.93201074 20.35581194 20.07196622 20.47849061 20.07926301
  20.44726273 19.78938041 20.41872018 30.02644659 20.07582195 20.06361201
  20.0135866  20.25677608 20.37972686 20.42844589 19.07305733 20.3360676
  19.9746088  20.10593945 20.23519964 20.32270283 19.86328679 19.79923534
  20.07389755 20.47357074 20.27551771 20.25528268 19.82688071 20.27128445
  20.26083205 19.53660231 19.4723936  20.26637042 19.96785428 20.72663297
  19.68115007 20.10244502 19.68314288 20.25801941 19.83550996 19.91398922
  20.02595592 19.68907653 19.84708064 19.72204133 20.43578138 20.26436466
  20.50066803 19.92216219 20.00841906 20.14487729 20.73264485 19.79669812
  20.0068172  20.59988572 19.77316724 20.72094263 20.06156572 19.29205006
  20.17345894 20.35544521 20.71453648 19.57874178 19.73495599 20.49119347
  19.59822195 19.89616267 20.79254577 20.2844436  20.19453705 20.59786749
  19.77666772 20.24317552 20.15704456 20.24120347 19.89167487 20.22257413
  20.5707164  20.87580918 19.55577782 20.87916497 20.38253053 19.95383514
  19.94565216 20.56011591 20.15102154 19.79142825 20.11562146 19.98952654
  20.50742061 19.3142084  20.88862207 20.43307192]
[19.36372773 19.73697584 20.07435454 19.19398478 20.34196659 19.56958008
  20.5038398  19.38218321 20.36865046 19.84058683 20.3103861  20.34393899
  20.52001711 19.77151895 20.10476762 20.07582195 29.69566065 19.83786546
  20.09827622 20.07974405 20.32106636 20.23122763 19.25664922 20.12792716
  19.81261847 19.71488411 20.04768833 20.24623052 20.01779508 20.01542989
  20.32422057 20.42608162 20.21143987 20.06968959 19.83351139 20.28329315
  20.46602973 19.60803155 19.54140104 20.14736988 20.20160297 20.6627497
  19.8586911  20.49717933 19.81099447 20.05973895 19.75867862 20.24341136
  19.8688352  19.96071181 20.26029344 19.090093   20.29258301 20.21577928
  19.90250216 19.89178093 20.19637875 19.76104665 20.61674998 19.97802669
  19.83791671 20.71154822 19.96525232 20.81897038 20.23303351 19.50354808
  20.28337223 20.44278085 20.64390868 19.48056842 19.91569108 20.43026566
  19.89955332 19.96718474 20.33805725 20.25835367 20.12080948 20.19164949
  20.016083   20.43500238 20.41811206 20.29805821 19.55297746 19.83406739
  20.12375195 20.7473884  19.9448342  20.08388207 20.20000746 19.85325744
  20.06451861 20.45272787 20.03717253 19.6372921  20.11216106 20.30517098
  20.75871881 19.5787936  20.5386322  19.480322  ]
[18.94853504 18.99853539 19.45920074 18.92087443 19.65852467 19.40023831
  20.32046223 18.81194712 19.76698767 19.6932392  19.77257486 19.70744879
  19.85301281 19.52144074 19.53423071 20.06361201 19.83786546 29.01312085
  20.00610242 19.82904785 19.92562577 19.50482069 18.95505465 19.53509351
  19.34435991 19.29107042 19.16260147 19.76594374 19.40242024 19.28812385
  20.14221946 19.99528766 19.71680734 19.59049731 19.46994844 19.96184541
  19.78588335 19.12622934 19.16329715 19.93185924 19.68875812 19.89357719
  19.73699922 19.48210258 19.37088466 19.59463523 19.46292733 19.69036536
  19.43199536 19.47318894 19.46468425 19.08635662 19.64349289 19.87806725
  19.73743571 19.46198848 19.63598905 19.39068006 20.06362142 19.51369026
  19.38754862 20.31349948 19.35226381 20.06906972 19.74799905 19.0309773
  20.15329152 19.81961672 19.82546942 19.1155551  19.58405066 19.98016955
  19.41973094 19.47878772 19.82585078 19.68530379 19.59636755 19.41305642
  19.48219864 20.11653726 20.11795695 20.34502198 19.24624956 19.86405076
  19.74142541 20.35262167 19.43642445 20.01823179 19.84275188 19.30554645
  19.81442363 19.70046109 19.43562264 19.66249268 19.98282763 19.52929987
  20.17339703 19.22569432 19.68629243 19.62229965]
[19.52410163 19.83447248 19.94500922 19.63440695 20.21332749 20.2120125
  20.38671585 19.57869979 20.20553189 20.24885261 20.36266771 20.25600083
  20.48635278 19.78205095 19.94163054 20.0135866  20.09827622 20.00610242
  30.00445742 20.21180441 20.45419507 20.23643192 19.40605831 20.16820547
  20.04167367 20.27101205 19.99294875 20.39525042 19.63048021 19.90481524
  20.08538167 20.36159207 20.52585507 20.10667735 20.33317453 20.46345878
  20.09477226 19.5662661  19.9153485  20.41142429 20.1427573  20.69726578
  19.89429647 20.44636847 19.84328415 20.11783347 19.97703202 20.24865312
  20.07351421 20.3000717  19.9035803  19.43523917 19.96195647 20.08608438
  20.15469828 19.8758814  20.31941249 20.31209638 20.66501065 20.08597467
  19.97454987 20.61520058 19.84677995 20.79218797 20.2921682  19.58913292
  20.63026239 20.27533185 20.54038578 19.89898333 20.09999088 20.39012452
  19.87761719 19.72170036 19.9610077  19.93139392 19.75432515 20.46256606
  20.04822065 20.01094862 20.12991201 20.56500113 19.86535279 20.34967501
  20.32431635 20.84962351 19.94001213 20.72730177 20.47247726 19.85186914
  20.11267973 20.71991197 20.3034661  19.62882016 20.37458401 20.10795964
  20.81461807 20.12693319 20.89223802 19.85802645]
[19.11187225 19.69568859 19.78317155 19.46764554 20.2437118  20.05670061
  20.81467003 19.93060207 20.36110121 19.9073892  20.57058091 20.0221498
  20.30887636 20.23089912 19.98151205 20.25677608 20.07974405 19.82904785
  20.21180441 30.56532663 20.18252106 20.34856907 19.4089346  20.22701477
  19.90226718 19.77337406 19.74005541 20.2937709  20.41186383 19.84595717
  20.07836339 20.59644904 20.37704356 19.90818052 20.21775635 20.31987746
  20.37657437 19.55346252 19.84184768 20.35927583 20.43119175 20.23686186
  19.53896957 20.63519716 19.77447621 19.84077373 19.94082933 20.21070539
  19.71422138 20.14847539 20.05515237 19.44825439 20.31099427 19.88648542
  20.0420683  19.83696722 19.88891955 20.14285488 21.03310657 19.9831904
  19.82520936 20.66542568 19.75658707 20.84173549 20.04748713 19.23538095
  20.43964085 20.06219876 20.46127181 19.94339214 19.75719912 20.81353457
  20.3354587  19.93532968 20.32142346 19.99319582 19.89822714 20.10989886
  20.29868964 20.88829166 20.44530662 20.80086018 19.41504446 19.68822713
  20.24539977 21.10999388 19.79720346 20.71871711 20.0835118  19.67167037
  19.98942133 20.51120172 20.4020085  19.65883129 20.41626206 19.90272097
  20.60185743 19.31645884 20.36016729 19.69922098]
[19.46178662 19.35804488 19.96494339 19.78060227 19.78316216 19.96156226
  20.49727944 19.51882743 20.59181304 20.06971111 20.25925508 19.62813268
  20.51204554 20.33128486 20.13185418 20.37972686 20.32106636 19.92562577
  20.45419507 20.18252106 30.23589939 20.41011092 19.27599988 20.18714324
  19.93576845 19.82692133 19.64933939 20.479255   19.80213918 19.84820355
  20.23753242 20.5521748  20.14104282 20.02697713 19.842029   20.26525805
  20.28415482 19.78088891 19.56555006 20.31558437 20.29258685 20.54808918
  19.90288775 20.58607289 19.41854086 20.02584977 19.91429692 20.28482512
  19.66982358 20.05770078 19.57959537 19.7849947  20.10001388 20.40442713
  20.32112302 19.76940665 20.02187509 20.14449391 20.85613855 19.76288086
  20.03926343 20.77789375 19.6955557  20.71410543 20.14548593 19.70005599
  20.26680917 20.23936995 20.56378674 19.88443476 20.30759095 20.35926478
  19.76056514 19.97402873 20.13374087 19.84390777 19.77734398 20.37137722
  19.97426453 20.35185347 20.41649082 20.14343241 19.96525643 19.94940432
  20.23911528 20.74224796 19.91332635 20.5639264  20.47846324 19.92951254
  20.19457006 20.65818546 20.3169384  19.76066095 20.16315196 20.21276753
  20.58314524 19.80028398 20.53396239 20.01462708]
[19.55777184 19.92036969 20.31622273 19.51195475 20.01801664 19.66101786
  20.45312578 19.63622228 20.4209528  20.17902321 20.77500306 20.02046769
  20.0839579  19.98379988 20.03169993 20.42844589 20.23122763 19.50482069
  20.23643192 20.34856907 20.41011092 29.92444058 19.38105    20.10632509
  20.26859123 20.37837978 20.10791553 20.26596049 19.63827707 20.28397256
  20.277071   20.2793802  20.35615553 19.89194794 20.03706829 20.3948099
  20.1068486  19.89075252 19.71193609 20.22333124 19.80301293 20.81625587
  19.60593081 20.40900729 19.8463882  19.87683811 19.88404131 20.04177318
  20.12509645 20.0967707  19.87734612 19.59354863 20.3023517  20.71940367
  20.29549793 19.58907817 20.14374167 19.86172258 20.51162281 19.79230803
  19.85040279 20.35789591 19.78736019 21.03349705 20.13691785 19.28556207
  20.45094189 20.43524781 20.61000587 19.9417898  20.18406053 20.42983633
  19.60022413 19.70998316 20.22720359 19.7028562  20.27468357 20.33665418
  19.84674756 20.28798885 20.08724754 20.48770985 19.70270719 20.21453173
  20.180962   20.98583501 20.10311077 20.45124517 20.03333202 19.87935065
  19.64160177 20.89850998 20.34185147 19.48450873 20.24808901 20.05405328
  21.23623269 20.08484221 20.82682896 20.09322106]
[18.20168584 18.64020875 18.88734141 19.02050016 19.4866826  18.45904336
  19.53844805 18.70737757 19.1541107  19.42324631 19.4335069  19.21390353
  19.06368607 19.08026733 18.83502977 19.07305733 19.25664922 18.95505465
  19.40605831 19.4089346  19.27599988 19.38105    28.00828417 19.3055541
  18.95721338 19.0595985  18.88203431 19.55336737 18.75954827 19.12968245
  19.34730408 19.20115499 19.27910213 19.27718944 19.50023996 19.58159789
  19.28807778 18.78703381 18.76223733 19.33697379 19.28755739 19.63651654
  19.09936109 19.4315726  18.89086035 18.76469591 18.7077511  19.10559422
  18.99214744 18.812854   19.10931971 18.4622488  19.31846895 19.1906249
  19.19155267 18.93860307 18.75775037 18.81828561 19.37290779 18.88106126
  19.24566002 19.64832596 19.03575446 19.59841344 19.15300172 18.24682202
  19.2277169  19.21634033 19.59171023 18.5476911  18.85051087 19.85793474
  18.80582028 18.86592083 19.60186479 18.76224636 18.96040675 19.33328021
  18.89297608 19.39735474 19.14040726 19.44271402 18.58569657 19.25483748
  19.15172021 19.54968659 19.01367873 19.42439255 18.96892998 18.80086461
  19.15885187 19.84215083 19.31856262 19.08705868 19.53215631 19.29547304
  19.60265617 18.62017614 19.46293095 18.94995885]
[19.60647672 19.99796262 19.80515429 19.23114495 20.29134248 19.95197978
  20.69930536 19.56823731 20.5281939  19.78845258 20.29717461 19.81893633
  19.99466508 20.07954381 20.34768527 20.3360676  20.12792716 19.53509351
  20.16820547 20.22701477 20.18714324 20.10632509 19.3055541  30.26376885
  19.9060963  19.58980698 19.68310902 20.39126109 19.62768502 19.8002721
  20.36574757 20.53764181 20.49292203 20.11220058 20.02124071 20.21908633
  20.20878378 19.67178549 19.58136665 20.26882647 20.47420518 20.06424213
  19.49664477 20.55279276 19.67124131 19.9662595  19.7691553  20.14139297
  20.24180537 19.90007053 19.81903542 19.51171625 19.95989092 20.32704612
  20.44310105 19.83352929 20.05275816 20.03487743 20.71784631 19.47472495
  20.09487188 20.46841904 19.65258188 20.34634731 19.98141875 19.08404656
  20.16587492 20.56187355 20.46315267 19.70740953 20.31210754 20.30308408
  19.81286963 19.99701811 20.49115376 19.82992797 20.20550646 20.10116956
  20.05724365 20.46841142 20.38333349 20.2392813  19.33631449 20.09966339
  20.21578527 20.98479469 19.6229009  20.63778113 19.98623839 20.12858509
  19.87923445 20.48784483 19.98905958 19.39075043 20.27863597 20.15099491
  20.61063362 19.87134323 20.24496774 20.03288995]
[19.15185316 19.4120713  19.75624642 19.148129   20.00373473 20.01016397
  19.92480462 19.14806499 20.16264301 19.57614134 19.95510939 19.98241087
  19.9832654  19.77366    19.36623346 19.9746088  19.81261847 19.34435991
  20.04167367 19.90226718 19.93576845 20.26859123 18.95721338 19.9060963
  29.12138196 19.697871   19.69436684 19.73309969 19.25566386 19.37330895
  20.02682534 20.15277299 20.03832798 19.82328305 19.67696447 20.14572413
  19.89995786 19.40376991 19.49422587 19.8639573  19.64393117 20.32027668
  19.5143262  19.82668675 19.58107978 19.52810954 19.5777304  20.29529639
  19.78861593 19.82517769 19.54525562 19.31066022 19.59824757 19.8525728
  19.59583773 19.32161135 20.12914729 19.70903312 20.62388847 19.07548317
  19.57919148 20.25179265 19.41971641 20.20809546 19.42226878 19.229946
  19.78256393 19.97393768 20.0298317  19.60049241 19.64762145 20.4039324
  19.54463719 19.44411692 19.69533192 19.75402822 19.52510597 19.8257107
  19.4926774  19.77164416 20.02578907 20.15745781 19.74158279 19.79468243
  20.17620977 20.18383398 19.6531538  20.37034612 19.50879963 19.1874717
  19.57020748 20.05962585 20.12506797 19.1923637  19.80672242 20.0011589
  20.33013891 19.176128   20.12652702 19.78387776]
[19.4310173  19.79389482 19.80224158 19.29622162 20.3786222  19.41444004
  20.17259725 19.60808799 20.06981999 19.7401538  20.38643563 19.6437588
  19.83052482 19.83501851 20.00096209 20.10593945 19.71488411 19.29107042
  20.27101205 19.77337406 19.82692133 20.37837978 19.0595985  19.58980698
  19.697871   29.18059722 19.25503239 20.22509167 19.98776718 19.54912286
  20.086008   20.14765816 20.18920363 19.97217946 19.3913405  19.81800625
  20.34763218 19.44704023 19.11814664 20.0895056  20.02341169 20.43520107
  19.62191671 20.23810894 19.30383792 20.24320393 19.43740064 19.91946243
  20.00160921 19.67432802 19.51822139 19.34295111 19.71310106 19.89538094
  19.84376569 19.35287167 19.96862226 19.95906638 20.34354927 19.82870817
  19.71310987 20.584241   19.14036083 20.43522349 19.94890343 19.30538115
  19.92252462 19.82328603 20.1101741  19.20362978 19.88521769 20.05929368
  19.51400171 19.49213994 20.29549041 19.61373906 19.77535207 19.75476657
  19.53367302 20.06347814 19.78310398 20.03787067 19.62866933 19.97737743
  20.03523506 20.56327469 19.6479175  19.98042726 19.84136247 19.75668284
  19.76475747 20.14211426 19.50557036 19.29437938 20.19399439 19.42369453
  20.5923221  19.81272153 19.98026765 19.90748422]
[18.91869651 19.38258399 19.30614907 19.01662031 19.62763305 19.30980867
  19.86678657 19.28427894 19.74932631 19.35755286 19.71298174 19.23121313
  20.0236733  19.15002899 19.57304197 20.23519964 20.04768833 19.16260147
  19.99294875 19.74005541 19.64933939 20.10791553 18.88203431 19.68310902
  19.69436684 19.25503239 29.33307576 19.92194727 19.32865291 19.63234642
  20.1864872  19.86578181 19.73171529 19.57307976 19.44273523 19.52178547
  20.19944723 18.90504218 19.14538804 19.84105258 20.11610878 20.09106856
  19.19159135 19.84955058 19.40335649 19.82807778 19.49912384 20.24136081
  19.5112166  19.69699971 19.76072974 19.46486178 19.69078729 19.38906926
  19.78325669 19.08344482 19.52628022 19.23788322 20.10535561 19.54168487
  19.65692577 20.28914302 19.86139894 20.22452309 19.58401757 19.25103257
  20.10771834 20.04502411 20.01913309 19.45697835 19.43112461 20.03670538
  19.66090142 19.2703632  19.69203616 19.46762157 19.3010081  20.13621585
  19.38463511 19.97904586 19.81432309 19.52810816 19.42730705 19.82241202
  19.61811104 20.48468772 19.49398992 20.34861883 19.59477386 19.33282252
  19.64199627 19.9682091  20.16208028 19.30345612 19.67968762 19.88364186
  20.08142958 19.03482331 20.36343093 19.43401878]
[19.54887885 19.95046121 19.72367316 19.46695232 20.38024732 20.1723284
  20.4508224  19.45744566 20.42817505 19.85813155 20.35305154 19.90924473
  20.47316915 20.02156028 20.2334846  20.32270283 20.24623052 19.76594374
  20.39525042 20.2937709  20.479255   20.26596049 19.55336737 20.39126109
  19.73309969 20.22509167 19.92194727 30.21290622 19.6362281  20.05815601
  20.43421923 20.33111689 20.29940833 20.24672453 20.04989068 20.32392588
  20.00495974 19.53839546 19.60704829 20.40532389 20.20813786 20.36070843
  19.81467923 20.69052948 19.82212633 19.76513222 20.09542662 20.53471193
  20.27108141 19.9574797  19.59733223 18.99300889 20.1068834  20.21544361
  19.82089177 19.75704318 20.04531814 19.89967258 20.44368738 20.12575145
  20.09107392 20.80595645 19.77575088 20.8973037  19.96900186 19.06833018
  20.44914614 19.98723289 20.56866565 20.10994633 19.75676653 20.41521281
  19.67911631 19.99956876 20.29528048 19.80979919 20.05319515 20.16877538
  19.94821648 20.75859759 20.23448737 20.17571934 19.66398659 19.96881159
  20.02048376 21.22994245 20.05337425 20.60546143 20.29968026 19.99117155
  19.87506374 20.55531482 20.07901501 19.79306957 20.23113568 20.33218233
  20.61733831 19.63915576 20.48278297 19.79541798]
[19.21341836 19.64755849 19.35443483 19.15232711 20.01781855 19.28242983
  19.61929395 19.08343761 19.85619276 19.44220737 19.94981268 19.38692268
  20.08336054 19.61953614 19.65194569 19.86328679 20.01779508 19.40242024
  19.63048021 20.41186383 19.80213918 19.63827707 18.75954827 19.62768502
  19.25566386 19.98776718 19.32865291 19.6362281  29.81985615 19.54998481
  19.96668571 20.05460928 19.74826969 19.46675751 19.32701329 20.07395082
  20.05999956 19.29414303 19.5516318  20.18426346 19.94538153 20.00530776
  19.32968698 19.9954862  19.01568163 19.79856472 19.62230364 19.65447167
  19.82578744 20.05971008 19.70751195 19.53550516 19.48208447 19.45307498
  19.95958401 19.3705213  19.20340031 19.56490628 20.20500044 19.6841331
  19.60931969 20.30479245 19.24492043 20.42943137 19.64064271 18.80003967
  19.7799262  19.76918825 20.04407487 19.04407179 19.55905904 20.18580318
  19.2536027  19.80129517 20.28250291 19.38856171 19.20022653 19.88368953
  20.14215708 19.95977806 19.98164581 20.01687818 19.44767137 19.44697801
  19.94001725 20.41192942 19.06809282 20.05077228 19.69153741 19.40656258
  19.75629192 19.81179588 19.86804956 19.03002996 19.57959165 19.59442444
  20.29523706 19.26087885 20.22625256 19.87163556]
[19.29791459 19.5312948  20.07483227 18.96396086 19.74711105 19.21539204
  19.57685676 19.35441788 19.75365203 19.98539645 19.79056044 19.90503261
  20.40645412 19.7025048  19.72701053 19.79923534 20.01542989 19.28812385
  19.90481524 19.84595717 19.84820355 20.28397256 19.12968245 19.8002721
  19.37330895 19.54912286 19.63234642 20.05815601 19.54998481 29.66737886
  20.09059947 20.05325564 20.14005921 19.7740631  19.73681475 19.5843683
  19.88666616 19.0822128  19.46186561 19.89749737 19.5194012  20.21490296
  19.45238537 19.82150613 19.6708817  20.0469732  19.88409873 19.88419009
  19.58858886 19.57581328 19.39249469 19.05377946 20.00421787 19.99607117
  19.75456126 19.57626993 19.84781053 20.15136652 20.44419361 19.43214792
  19.60502674 20.31408185 19.67220568 20.8586901  19.69622191 18.86771975
  20.07131664 20.12802174 20.30170564 19.4027958  19.67572792 20.1525185
  19.81034141 19.48257504 20.22167086 19.47386754 19.82992535 19.95934127
  19.81517137 19.36992243 19.86018828 19.94595989 19.28594201 19.66009271
  19.75108111 20.41406382 19.91107947 20.29256788 19.73199178 19.42195753
  20.1730305  19.89798443 20.15278045 19.15548878 20.32720845 20.17876669
  19.97831223 19.80009377 20.10628631 19.42941668]
[19.24896829 19.54661274 20.15737716 19.47232244 20.28268795 20.12402098
  20.38226447 19.84730553 20.71481921 20.02424082 20.24660762 19.73656508
  20.35861052 20.05928531 20.27986035 20.07389755 20.32422057 20.14221946
  20.08538167 20.07836339 20.23753242 20.277071   19.34730408 20.36574757
  20.02682534 20.086008   20.1864872  20.43421923 19.96668571 20.09059947
  29.73281812 20.51051158 20.29322725 20.4404562  20.0951298  20.31457857
  20.47147435 19.69699483 19.90751478 20.60028384 20.19542917 20.29330442
  19.85677428 20.31477719 19.91000922 20.09619173 20.25045227 20.56998617
  19.78230614 20.05793441 19.75999182 19.60798177 19.94706497 20.022365
  20.13141005 19.79920046 19.77264842 20.26211781 20.62688853 19.9133054
  20.08132747 20.5406891  19.82731108 20.93443972 19.92711663 19.65720028
  20.54619502 20.47699354 20.33609412 20.13062724 20.15486635 20.44819296
  19.74098523 20.04584621 20.36770529 20.21711296 19.90279732 20.2601772
  20.0281148  20.37447775 20.3902058  20.39538232 20.03106674 19.94736078
  20.64425272 20.6656225  19.85021395 20.48983475 20.08049902 19.66454117
  20.10884648 20.16739516 20.0650574  19.82545496 20.3483544  20.16083002
  20.79802591 19.39174217 20.71645578 20.14265962]
[19.90465015 19.93739473 20.28470022 19.55462544 20.37012092 19.76514071
  20.37003449 19.86289448 20.81062365 20.09276684 20.82873673 20.0874842
  20.67530366 20.04606764 20.52670093 20.47357074 20.42608162 19.99528766
  20.36159207 20.59644904 20.5521748  20.2793802  19.20115499 20.53764181
  20.15277299 20.14765816 19.86578181 20.33111689 20.05460928 20.05325564
  20.51051158 29.96955102 20.47470149 19.98780017 20.48724194 20.4263572
  20.62079759 19.93113574 19.57414689 20.78745145 19.93275957 20.79409151
  19.80626683 20.59408412 19.78894898 20.39751612 20.21303845 20.54231928
  20.22517542 20.06306754 20.03336754 19.6418013  20.00145172 20.15647
