8668
100
10
25.68496699251879

[0.02146375 0.05139286 0.05794972 0.0673317  0.04776763 0.06212827
 0.05770485 0.09703874 0.02656727 0.07322952 0.03667351 0.04709813
 0.06117842 0.09079147 0.062134   0.09855957 0.06198576 0.02166579
 0.08890043 0.04957607 0.07515362 0.04613027 0.08018998 0.08449518
 0.07142027 0.02406117 0.09588984 0.05681681 0.05939712 0.07129123
 0.08582953 0.06174964 0.02172443 0.05335123 0.05446274 0.04085343
 0.08451873 0.09114243 0.09096867 0.06183226 0.05881014 0.04404756
 0.03517268 0.06599721 0.03538831 0.04968914 0.03970461 0.06770238
 0.09114949 0.09647004 0.03757968 0.04464109 0.05956348 0.05492606
 0.06446537 0.09837377 0.07732702 0.09750548 0.0233658  0.06907772
 0.06613153 0.07173468 0.09978976 0.06828654 0.08962013 0.07731098
 0.0754557  0.08949967 0.03191638 0.08107221 0.03842218 0.07019653
 0.03273472 0.0217086  0.07271169 0.04931837 0.09615221 0.0233715
 0.08729242 0.06190078 0.02091163 0.05857532 0.08372375 0.06816085
 0.08018921 0.05430497 0.02048856 0.04602867 0.02302277 0.0756566
 0.05034335 0.04190701 0.05547948 0.02955212 0.06597435 0.07950723
 0.02708683 0.06659443 0.06768876 0.04824292]

[[29.30563174 19.66011336 20.170157   19.74321168 19.25143728 19.50953338
  19.29842497 19.51931041 19.26980742 19.5230176  20.08283436 19.68978877
  19.52560388 19.86310385 19.73239165 20.20214839 19.45442444 20.11076411
  19.63938495 19.96811946 19.50415    19.57347453 19.67240131 20.46511445
  19.80427107 19.73771748 19.86345482 19.61650012 19.91143849 19.36823554
  19.72048016 19.75793117 19.26756347 19.59355099 19.92815034 19.73796361
  19.69672002 19.16212306 20.06869659 19.85459705 20.22411447 19.56361244
  20.07109788 19.05555214 19.75804663 20.39795714 19.71226143 20.36888199
  19.87946315 19.38375728 20.24994234 19.45800308 19.85532635 20.1624248
  19.77365701 19.66527226 19.75719121 19.65209135 19.48166117 19.81882498
  19.45635    19.76273859 20.07745421 19.16069702 19.34656085 19.23882509
  19.676973   19.26209569 19.72843853 19.90330579 19.41400268 19.64523115
  19.18501405 19.73106473 19.98207951 19.87233304 19.57628999 20.16021839
  20.03035801 19.46959545 19.21535441 19.98114395 20.12827997 19.91765209
  20.23484508 19.7441891  20.36092085 19.78849195 19.24846658 19.42029535
  20.19911187 19.68484445 20.50185939 20.1280347  19.93111011 20.09439855
  19.77091536 20.09170653 19.9847783  19.67075619]
[19.66011336 29.80049161 19.71676655 19.90749539 19.91622579 20.30677503
  20.10412639 19.64405179 19.94498096 19.75728476 19.86016631 20.20781303
  19.5621949  19.86106066 19.94570557 20.14579181 19.94125492 20.052543
  19.97814437 20.43111668 20.06880576 19.82938625 20.58246609 20.7578955
  20.09376519 20.21725547 20.09298765 20.13034638 20.36450005 19.55573279
  20.2014834  19.56595544 19.75958278 19.69685979 20.69960629 19.66161374
  20.60344181 19.72018883 20.59411652 20.22238971 20.19925287 20.00118586
  20.49852589 19.92879876 19.87091228 20.3993351  20.24384536 19.77496978
  20.19983211 19.25236782 20.37362803 19.85653208 20.47284605 20.39940578
  19.88377322 20.25246895 20.33939164 19.84026269 19.92404099 19.78880906
  19.66447898 20.34570571 20.15082213 19.7481008  19.76709524 19.97426576
  19.92729628 20.08724226 19.89970413 19.95717997 20.11789128 19.74155993
  19.81186382 20.1792563  20.60236144 20.0095261  20.15418978 20.33306669
  20.34845158 19.75794073 19.89780125 20.42761905 20.30586279 20.59047828
  20.23727903 20.05955934 20.78764519 20.19441787 19.73904897 19.58760085
  20.12606903 20.1078271  20.71796226 20.42251773 20.09882344 19.83802645
  19.87410892 20.30714277 20.37185363 20.28931751]
[20.170157   19.71676655 30.71691335 20.14335143 20.17283608 20.21932488
  19.9688144  20.17256345 19.53865698 20.09462531 20.32274474 20.51624132
  20.17530283 20.14489064 20.59013267 20.65916693 19.92980144 20.78256845
  20.64726671 20.47462472 19.98572805 20.5269097  20.25308917 20.97883587
  20.35987002 20.21104391 19.89214186 20.34920589 20.68155296 19.95371471
  21.04608747 20.26936622 20.21525847 20.19084645 20.21005581 19.7838399
  20.79824117 19.91100477 20.78174703 20.41939844 20.38523648 20.6395698
  20.52806608 20.16180867 20.02599611 20.70677957 20.70671768 20.09807429
  20.28810383 19.95488094 20.4451792  19.71409937 20.48436092 20.61499676
  19.95170656 20.16626233 20.74663287 19.83121094 20.27268098 19.75999232
  20.03899541 20.53393819 20.50098799 19.49632874 20.21000787 20.0280126
  20.62245793 19.89343274 20.34692262 20.62706028 19.78471147 20.08600662
  20.27141443 20.47558674 20.91729873 20.41441944 19.51302258 20.9074464
  21.33154922 19.69626284 20.43742635 20.53018981 20.44334729 20.34604336
  20.21858955 20.51543668 20.93402459 20.49080304 20.48915028 20.20102074
  20.69878555 20.38671989 21.06822843 21.15510993 20.41757941 20.26730889
  20.65354035 20.40081031 20.5255246  20.52897753]
[19.74321168 19.90749539 20.14335143 30.07889402 19.54664006 19.71797194
  19.32070937 19.64699962 19.6055938  19.46859109 20.26354904 20.24439023
  19.72415456 20.05829507 19.75981847 19.98991334 19.87924961 20.61193663
  19.91423066 20.2094085  19.40792116 19.839154   19.74282035 20.88469071
  20.04243706 19.97895814 19.87075331 20.00427996 19.75980566 19.7934353
  20.43371476 19.94131665 19.75703989 19.67580972 20.10300758 19.51560498
  20.15026146 19.37149351 21.26798959 20.15874883 20.14460361 19.72316206
  20.29239847 19.56954431 19.60169547 20.32321092 20.46155634 20.00344265
  20.32335106 19.82013732 19.8946222  19.24838003 20.16629514 20.2206071
  19.89019367 19.99937891 20.1187028  19.85942581 20.44209743 19.8183144
  19.90708322 20.30574608 20.41980926 19.42841909 20.12300145 20.04316782
  19.89879007 19.59921393 19.976227   20.20261898 19.41719296 20.14559759
  19.68813093 19.73025429 20.88745049 20.28678159 19.87116997 20.39571029
  20.4459324  19.34290055 19.60111695 20.38545951 20.25241002 20.53620055
  19.98194182 19.60567118 20.69692552 19.84684247 19.82039796 19.9268988
  20.46457071 20.3821082  20.55325433 20.3912265  20.18044998 20.22805224
  20.06587651 20.10603701 20.25920015 19.98479607]
[19.25143728 19.91622579 20.17283608 19.54664006 28.94080669 19.37288402
  19.56449041 19.40121381 19.1444235  19.41195939 19.63849256 20.07522997
  19.32083643 19.92330598 19.80650814 19.91180269 19.24143829 20.13395802
  20.09909063 19.9329685  19.80196067 19.3156237  20.18011042 20.57875531
  20.01348444 19.59211436 19.92299274 19.77252627 19.9807789  19.30509451
  20.13415438 19.50748958 19.43198145 19.87332937 19.75764659 19.29485861
  19.97401603 19.67094426 20.50380597 19.50107086 19.64630682 19.73028384
  20.01548871 19.97250339 19.59663303 20.03123332 19.81478951 19.72155857
  19.86292699 18.84684712 19.8410609  19.44050677 19.58181236 20.07781335
  19.45476742 19.50031362 19.68968887 19.43386185 19.55445675 19.49771809
  19.37639941 19.91451023 19.99739868 19.05250707 19.56622284 19.64097813
  20.15859942 19.63935478 19.93775286 19.67682348 19.6456313  19.54162198
  19.93861554 19.77549938 20.21483387 20.10143356 19.29732955 20.33123479
  19.67728738 19.24220251 19.58588006 20.23216225 20.2218241  19.93365116
  19.41731949 19.88253977 20.36884154 19.71425436 19.17004139 19.29481304
  20.2793208  19.8206847  20.54520459 20.06735485 20.05114565 19.90168174
  19.71431041 20.05986078 19.82644613 19.71663564]
[19.50953338 20.30677503 20.21932488 19.71797194 19.37288402 29.03262935
  19.47658637 19.44117936 19.48281345 19.80734031 20.05420434 19.96716768
  19.53125986 19.29288353 19.9516151  19.84336423 20.03182114 20.34943631
  20.31115674 19.40679446 19.87302747 19.72846235 20.16787824 20.3221735
  19.75580447 19.9240099  19.74080336 19.70164428 19.97253281 19.28623966
  20.77064535 19.46692792 19.46738471 20.16898518 20.23506182 19.38356253
  19.59401424 19.41818363 20.29725424 20.04940583 19.87668868 19.72856109
  20.19006862 19.62067917 19.84782108 20.4522817  20.10004117 19.69467423
  19.91273962 19.32107045 20.15497328 19.38941808 20.20490504 20.56741766
  19.44510391 19.66830293 19.74853321 19.79132733 19.9489336  19.69103177
  19.59517712 20.02099299 20.24641088 19.22415456 19.70801008 19.63846029
  19.69630022 19.60837381 20.00813722 20.04865812 19.41053247 19.56990052
  19.37945686 19.59922899 20.49546789 20.06856923 19.75677552 20.12533596
  19.95053933 19.52733766 19.53425788 20.13977915 20.21596575 20.16749604
  19.83751244 19.83109118 20.62699724 19.78748271 19.73078882 19.82249055
  20.09149554 19.87122975 20.68846458 20.1584651  19.80186882 19.84915869
  19.9470961  19.97108756 20.15531919 19.97878428]
[19.29842497 20.10412639 19.9688144  19.32070937 19.56449041 19.47658637
  29.4141946  19.62488038 19.85703043 19.76444418 19.99315803 19.55684153
  19.51344989 20.15662628 20.14405611 20.03866903 19.86147903 20.16651095
  19.51156935 19.98090426 19.47142334 19.71404172 20.31440077 20.35203641
  19.49140855 19.73135391 19.67671183 19.81385217 19.86590171 19.29437409
  19.97981746 19.70585329 19.31006463 19.8620027  19.86038337 19.54064912
  19.59159646 19.43618516 20.55987583 19.42060554 19.9849203  19.85502965
  19.99366286 19.56406037 19.90946579 20.23239877 20.16852158 19.91915016
  19.90639364 19.63967378 19.88894682 19.37996866 19.84960292 20.17313905
  19.93038933 20.04045826 19.71821969 19.25535242 19.94630459 19.93583643
  19.77231493 20.27164535 20.66336374 19.19453251 19.61849133 19.77917304
  19.90969586 19.48289341 19.85582396 20.00752136 19.28172126 19.68260282
  19.45630559 19.91737564 20.39183943 20.17244244 19.94968494 20.07969263
  19.85644622 19.39057928 19.45070772 19.83741471 20.19937235 19.74363799
  19.68973899 19.28768953 20.33810333 19.72479169 19.76772806 19.60178229
  19.74511473 19.7002727  20.61659208 20.30340172 20.29245235 19.55488557
  20.07035766 20.0219473  20.03352351 19.86846167]
[19.51931041 19.64405179 20.17256345 19.64699962 19.40121381 19.44117936
  19.62488038 29.23859528 19.37421781 19.28375751 19.3803529  19.44422996
  19.29930662 19.91308836 19.83635097 19.87805286 19.79358572 20.22669421
  19.987507   19.84681313 19.51055691 20.0050731  20.02247769 20.2485621
  19.74386947 19.51210563 19.90445856 20.17709502 19.60099293 19.43767336
  19.96849311 19.87151036 19.5318018  19.6660575  20.13603931 19.32080779
  20.04266747 19.58332372 20.47453571 19.99926822 19.64679928 19.81444681
  20.31074972 19.55177384 19.61125561 20.20051609 20.07117364 20.01097778
  20.03085797 19.01196269 19.91045247 19.30906035 19.68031549 20.10202613
  19.5119661  19.56093441 19.77865352 19.56827984 19.8349278  19.72499936
  19.46697319 19.97536513 20.28142219 19.0955027  19.63198331 19.70162248
  20.19891253 19.53062101 19.96957908 19.7624809  19.53841019 19.67612815
  19.73699214 19.93759062 20.37722597 20.27079048 19.57834135 20.58006164
  20.32770143 19.27130694 19.50429997 19.86840535 20.0826395  20.20135889
  20.17614    19.68935351 20.39675817 20.09162934 19.96127024 19.56985265
  20.17091609 20.00930744 20.36320647 20.66937154 19.89103496 19.75723607
  19.79190393 20.29654235 20.22454747 20.43462975]
[19.26980742 19.94498096 19.53865698 19.6055938  19.1444235  19.48281345
  19.85703043 19.37421781 28.74210384 19.85094514 19.48859541 19.59576763
  19.12872906 19.62484794 20.11607396 19.59844207 19.5559544  19.70538549
  19.66421047 19.60903931 19.63287306 19.58957075 19.90775711 20.24838464
  19.79810249 19.03452933 19.60720662 19.44867623 19.8812792  19.35855203
  20.01621826 19.47825901 19.10786948 19.51128954 19.53729203 19.29920628
  19.89769513 19.28351737 20.04096819 19.40488601 19.34570381 19.67911535
  19.86008089 19.63660841 19.42771867 20.23246356 19.7825434  19.53831022
  20.18116356 18.98258164 19.77504387 19.46825041 19.7291384  19.96377457
  19.48784625 19.51882935 19.74785052 19.26351615 19.71909616 19.43773877
  19.0980491  19.75723839 20.27305788 19.12566039 19.27572196 19.40476376
  19.95838166 19.45787803 19.65923146 19.93594653 18.78279122 19.49669287
  19.32041375 19.70065381 19.91957621 20.04684192 19.49874226 20.12888214
  19.92666765 19.28608257 19.13426387 19.74187304 19.91399911 19.83286569
  19.42468966 19.36838949 20.58764121 19.85427696 19.64385673 19.47701992
  19.9266595  19.60510457 20.22126902 19.96823543 19.77091594 19.14364285
  19.6604477  19.94353573 19.91998652 19.59825826]
[19.5230176  19.75728476 20.09462531 19.46859109 19.41195939 19.80734031
  19.76444418 19.28375751 19.85094514 29.52543611 19.88715604 19.99704728
  19.40403495 19.54118826 19.86638343 19.9816364  19.82295619 20.26850909
  19.86918768 19.86998762 19.66633018 19.54898573 20.24660522 20.37131616
  19.78241679 19.78959719 19.96338618 19.88570582 20.25161207 19.32314095
  20.34036181 19.85244525 19.73433258 19.8302972  19.9056915  19.58133313
  19.89933684 19.61582982 20.32663164 19.55837144 20.2040081  19.40050499
  19.83574536 19.8015737  19.56032428 19.87295253 20.22192435 19.55873581
  20.10147823 19.72322402 19.79673719 18.9934222  20.04173592 19.93778941
  20.00099308 19.75444406 19.92140491 19.71560681 20.04053265 19.75388977
  19.48480524 19.79620418 20.34765393 19.01359737 19.75870951 19.62300695
  19.71908129 19.70723919 19.67123961 20.20984092 19.62062815 19.49766107
  19.80803606 20.10908877 20.35542854 19.52671977 19.46575382 20.20498371
  20.10445704 19.43751662 19.5127121  19.96314723 19.82368807 19.7531945
  20.01894332 19.5283028  20.72926822 20.21258926 19.65306986 19.54067374
  19.9128011  20.210868   20.71297877 20.26795778 19.7969457  19.77175872
  20.13696354 20.17576742 19.99971739 19.74511943]
[20.08283436 19.86016631 20.32274474 20.26354904 19.63849256 20.05420434
  19.99315803 19.3803529  19.48859541 19.88715604 29.72143427 20.05051271
  19.90866488 20.19876001 20.14502091 20.67837848 19.91195429 20.13364601
  20.13447369 19.68847796 19.696714   19.71190528 20.58671026 20.94557363
  20.33457926 19.72928883 19.9227126  20.22737327 20.29891283 19.57611209
  20.60114767 19.84506652 19.78344173 19.70222327 20.17786547 19.55477185
  20.01970988 19.99276016 20.58693812 20.09434849 19.93674368 20.11625798
  20.60225259 19.90252209 19.75071476 20.02382453 20.10128888 20.3454622
  20.02222314 19.68298536 20.18434351 19.6223148  19.91588496 20.4693984
  19.69430666 20.0770003  19.90567662 19.85707579 20.02460643 20.0917507
  19.53486408 20.27023551 20.31597135 19.58535973 19.78025592 19.75638584
  19.99870941 19.523218   20.26851394 20.57706029 19.85698654 20.19142037
  19.59468438 19.91174824 20.34565543 20.74604498 20.16002177 20.49801932
  20.41924275 19.3547619  19.66796107 20.57148313 20.27481654 20.00281492
  19.97791139 19.9848097  20.70254043 20.19651036 19.82919257 19.47552127
  19.98361508 19.72962649 20.85088812 20.27697672 20.39550319 20.01284833
  20.1320993  20.18857431 20.46697363 19.93266526]
[19.68978877 20.20781303 20.51624132 20.24439023 20.07522997 19.96716768
  19.55684153 19.44422996 19.59576763 19.99704728 20.05051271 30.6149794
  19.94258147 19.89259712 20.34972319 20.38066603 20.0206008  20.20175516
  20.45577871 20.330958   20.03163265 19.79420827 20.47525842 21.03540295
  19.83062958 20.12536835 20.08403985 19.91183886 20.28067051 19.72096373
  20.6315323  20.276545   20.03960463 20.39501809 20.14460603 19.76227508
  20.47093868 20.11609202 20.35779058 20.30899193 20.40526534 19.88811889
  19.93848173 20.06062716 20.08873066 20.44184    20.34740377 20.25501894
  20.10193893 19.68047836 19.86654698 19.53880465 20.13507904 20.18262275
  19.83367316 20.14544744 20.20189038 19.57852762 20.48564757 20.18933987
  19.12078267 20.24421149 20.63699804 19.44295818 19.96555669 20.04136865
  20.08288908 19.65996329 20.0211493  20.34676531 19.77046082 19.86512365
  19.7587094  20.03519453 20.62369886 19.93244476 20.02384637 20.40419162
  20.44550602 19.73856329 19.84446344 20.35911057 20.62009054 20.32596109
  20.11961274 20.08849949 21.05041059 20.20313263 20.23730823 19.62705854
  20.22421074 20.36457422 20.20808459 20.85981334 20.37359372 20.24179202
  20.28438297 20.12843768 20.29815968 20.51293832]
[19.52560388 19.5621949  20.17530283 19.72415456 19.32083643 19.53125986
  19.51344989 19.29930662 19.12872906 19.40403495 19.90866488 19.94258147
  28.57220914 19.43764641 20.16059655 19.68511235 19.61379922 20.15335521
  19.73150264 19.71810205 19.62043922 19.18692739 20.02416125 20.21962081
  19.55129208 19.58583309 19.52512604 19.64654666 19.69156053 19.4298294
  20.00537928 19.72169121 19.29354121 19.69847043 19.71984761 19.35092355
  19.97981881 19.0944809  20.03973454 19.58987581 19.54119692 19.77046823
  20.08199341 19.16422342 19.32807115 20.08577695 19.66508526 19.45430614
  19.98103567 18.86289497 20.1858957  19.52986465 19.81638796 20.08138916
  19.19452233 19.48723773 19.19696809 19.53711159 19.60523992 19.66494651
  19.19059016 19.89330008 20.24888666 19.13630115 19.60999287 19.08388621
  19.68820978 19.39197933 19.64961703 20.06277805 19.37859488 19.23935693
  19.35732352 19.63797522 20.15030679 19.87729293 19.47846675 19.7326837
  19.82775079 18.79318811 19.52883844 20.09496558 20.05677056 20.16186579
  19.78514041 19.45652183 20.62266826 19.62610294 19.6145196  19.61529069
  19.68115409 19.99563236 19.90612825 20.19637849 20.06301514 19.69903134
  19.60307671 20.16332397 19.72208288 19.84523862]
[19.86310385 19.86106066 20.14489064 20.05829507 19.92330598 19.29288353
  20.15662628 19.91308836 19.62484794 19.54118826 20.19876001 19.89259712
  19.43764641 30.12093826 19.7913938  19.6207764  19.90084734 20.34919016
  19.73247156 20.1280459  19.9432718  19.73872042 19.9499276  20.59691515
  19.90669603 19.96916646 19.88740322 19.78599245 20.16351479 19.66180439
  20.54166404 20.19157026 19.90164929 20.13214362 20.30261785 19.52109786
  19.88575783 19.56233804 20.4632331  19.92139656 20.11884565 19.90076151
  20.1645601  20.14927948 19.48666924 20.53880891 19.67012537 19.9750073
  20.02816725 19.67306561 20.07276438 19.83858728 20.03242005 20.10992953
  19.7187855  19.88848436 19.53538375 19.3228294  19.77937531 19.73799111
  19.82173288 20.46291624 20.05829998 19.21993708 19.86645542 19.70904238
  19.87267589 19.78449348 20.24000714 19.88985288 19.37350024 19.65496204
  19.86876053 19.77039202 20.50535839 20.17320545 19.66114846 20.47315041
  20.33171446 19.31494752 19.6264269  20.1245454  20.23163669 20.24115701
  20.13336586 20.04542724 20.86787672 19.98552545 20.01709611 19.69203287
  20.38156706 20.12692705 20.71388314 20.42237764 20.26277633 19.70903401
  19.80481681 20.21569326 20.20102223 20.2326223 ]
[19.73239165 19.94570557 20.59013267 19.75981847 19.80650814 19.9516151
  20.14405611 19.83635097 20.11607396 19.86638343 20.14502091 20.34972319
  20.16059655 19.7913938  29.97547442 20.50623429 20.49566773 20.68558598
  20.11613574 20.18093645 20.04256543 19.96358659 20.52457576 21.13079858
  20.32038421 20.01303415 20.43264273 19.75630497 20.56237638 20.04826283
  20.38232051 20.05165624 19.89090604 20.27647968 20.10297258 19.58522726
  20.60679349 19.69221565 20.99642232 20.29532929 20.34530959 20.04706805
  20.2028222  19.89437567 20.001201   20.76193266 20.52526113 20.43592773
  20.48728356 19.55299618 20.44735749 19.19455603 20.34107626 20.37496813
  19.73899083 20.13201343 20.08360928 19.77619393 20.30835843 20.32378144
  19.56711305 20.29238128 20.56021897 19.26595107 20.14576959 20.1920501
  20.00228798 20.07277462 20.09528753 20.24695314 19.61868235 19.95355788
  19.96397784 20.02854801 20.98980288 20.48456404 20.10611341 20.54947849
  20.59853783 19.5933773  19.92338149 20.70715654 20.90496266 20.72209421
  19.65570256 20.01047489 20.54738855 20.55771103 20.44629949 19.71132622
  20.48072065 20.03836573 20.90295474 20.31688284 20.60749319 19.99329496
  20.33403193 20.16715288 20.58600631 20.25219628]
[20.20214839 20.14579181 20.65916693 19.98991334 19.91180269 19.84336423
  20.03866903 19.87805286 19.59844207 19.9816364  20.67837848 20.38066603
  19.68511235 19.6207764  20.50623429 29.97038882 20.04513681 20.57576202
  20.24731962 20.44244845 20.19479289 20.09872773 20.42983591 20.97214843
  20.46286046 20.13135358 20.55496782 19.94442462 20.82709239 19.90897495
  20.70995285 20.20988314 20.13132886 19.98064508 20.13110045 19.91936146
  20.67271611 19.84825333 21.12563324 20.4336629  20.18855248 20.09232512
  20.78684807 19.9616997  19.92772419 20.29387535 20.36362715 20.37094973
  20.35082351 19.54370254 20.04568628 19.43594319 20.22754275 20.50180966
  19.70748694 20.00623703 20.26333894 20.28324617 20.1820985  20.20413041
  19.65343742 20.27332564 20.3027507  19.93178861 20.02767652 20.49250153
  20.42756026 19.96779508 20.09284561 20.18336285 20.19813251 20.27108581
  20.01450009 20.24798908 20.85092817 20.71902758 19.91593984 20.780216
  20.51051689 19.64955557 19.8258564  20.96347278 20.50399565 20.32557386
  19.81646834 20.18218309 21.00585111 20.69383627 20.50034183 19.935918
  20.38548964 20.26357529 21.04841914 20.79282176 20.7271827  20.22127782
  20.26144675 20.20655458 20.49052496 20.38951752]
[19.45442444 19.94125492 19.92980144 19.87924961 19.24143829 20.03182114
  19.86147903 19.79358572 19.5559544  19.82295619 19.91195429 20.0206008
  19.61379922 19.90084734 20.49566773 20.04513681 30.2634877  20.53594793
  19.58698017 19.89938696 19.753132   19.84094883 20.26140964 20.5391911
  20.11266151 20.17482535 19.72541099 19.80068425 20.38998474 19.46773676
  20.96857543 20.34830319 19.43213724 19.93599477 20.44971752 19.58698197
  19.97243369 19.59711887 20.80755376 19.9166645  20.35137911 19.67956576
  20.36031337 19.8973894  20.14726724 20.30400439 19.87510311 20.13423248
  20.5213327  19.23001262 20.1856705  19.65648108 20.0664166  20.47860324
  19.43954142 20.25961776 19.55612397 19.52074108 19.89892375 19.98840272
  19.34947777 20.39519645 20.42307828 19.23129293 19.82335333 19.90317277
  19.95407455 19.98752134 20.01446464 20.65305777 19.19249559 19.85485856
  19.61749467 20.07798848 20.38307354 19.96129883 19.8866281  20.23838508
  20.61290171 19.57812674 19.4652793  20.10278662 20.19766303 20.0586492
  20.06777476 19.93574032 20.67620562 20.19590418 19.69533854 19.25798221
  20.25010642 20.30609249 20.6628704  20.29481931 20.25001719 19.77008313
  20.30004742 20.18703612 20.06930404 20.05973353]
[20.11076411 20.052543   20.78256845 20.61193663 20.13395802 20.34943631
  20.16651095 20.22669421 19.70538549 20.26850909 20.13364601 20.20175516
  20.15335521 20.34919016 20.68558598 20.57576202 20.53594793 30.78409079
  20.47436559 20.39391566 20.0397771  20.14288205 20.36005825 21.52354224
  20.42843675 20.0858909  20.19660122 20.38255055 20.91823976 20.17033011
  20.94083461 20.65652058 20.18749495 20.35452248 20.70356971 20.05563047
  20.44043382 20.02814333 21.03523997 20.5344224  20.27322709 20.47393927
  20.72075853 20.47197501 20.12817187 20.88530159 20.08143207 20.71211092
  20.61212916 20.08354665 20.6539532  20.16761834 20.48803059 20.70707757
  19.87642249 20.41937493 20.514328   20.15990855 20.4974546  20.4637159
  20.27658143 20.82119981 20.69250161 19.98498606 20.37136766 20.42781006
  20.51684575 20.3102204  20.41286657 20.91775351 19.89700803 20.23657214
  20.10593408 20.62134212 21.11764871 20.82827148 20.0416395  20.60820599
  20.82494253 19.52595276 20.36667174 20.75639336 20.64053601 20.46214562
  20.51244368 20.49328319 21.1860372  20.90693966 20.22845085 20.09628396
  20.54088084 20.69923487 20.80861243 20.8619297  20.20400122 20.55404005
  20.88705108 20.79908977 20.70396332 20.11535354]
[19.63938495 19.97814437 20.64726671 19.91423066 20.09909063 20.31115674
  19.51156935 19.987507   19.66421047 19.86918768 20.13447369 20.45577871
  19.73150264 19.73247156 20.11613574 20.24731962 19.58698017 20.47436559
  29.54881718 19.97163795 19.97346586 20.03715934 20.27685615 21.01731067
  19.97629731 19.79901724 19.80222204 19.7353645  20.26151826 19.49127638
  20.55204422 20.09793736 19.58540528 20.22785017 20.15597403 19.73437732
  20.21231868 19.68742768 20.29427485 20.44149023 19.96624229 20.12806993
  20.01626315 20.07432206 20.1501995  20.54973343 20.40613077 20.15670231
  20.34654745 19.07666279 20.02888367 19.61748729 20.08361242 20.38866807
  19.7691079  19.94641927 20.23655917 19.55967079 19.95213413 20.06474907
  19.65304291 20.50657343 20.23744373 19.48514688 20.32271292 19.94327232
  19.79262018 19.91053091 20.16443247 20.02540284 19.57951467 19.51524035
  19.53613172 20.01018793 20.6179103  20.15941649 20.01606526 20.53667129
  20.61209291 19.39652165 20.02184536 20.10676781 20.3949973  20.28820039
  20.02663142 19.95736291 20.98899594 20.33424519 20.01150954 19.65075551
  20.11984832 20.00242929 20.50715265 20.68671042 20.13557018 20.22448453
  20.05251945 20.23084149 20.16102908 20.22178864]
[19.96811946 20.43111668 20.47462472 20.2094085  19.9329685  19.40679446
  19.98090426 19.84681313 19.60903931 19.86998762 19.68847796 20.330958
  19.71810205 20.1280459  20.18093645 20.44244845 19.89938696 20.39391566
  19.97163795 30.38336068 19.82369094 19.86719338 20.67683522 21.15141892
  20.22293439 20.27165824 20.41142988 20.12710783 20.10372453 20.33580944
  20.30075607 20.42070246 19.71058585 20.19429161 20.6693711  20.13700444
  20.6294946  19.98543998 20.68697228 20.36158598 20.34726468 19.71785863
  20.80344644 19.779192   20.0933395  20.50947133 20.31379234 20.33551928
  20.37767407 19.75241495 20.11660273 19.68724624 20.4684779  20.57229577
  19.83390698 19.95139299 19.55146454 19.47045506 20.32603631 20.55308307
  19.90464757 20.15849382 20.45316639 19.47873335 20.17762137 19.74479733
  20.36619866 19.99145049 20.12038448 20.48415686 19.63380982 19.75413349
  19.79716514 19.76346231 20.89337121 20.30579156 19.62485962 20.75335436
  20.36930837 19.9323476  20.05283631 20.07513391 20.48010962 20.24418603
  19.89936758 20.06750443 20.97862693 20.14086817 20.65730395 19.6209997
  20.32420419 20.97308273 20.58472212 21.00337022 20.92044171 20.15414472
  20.61327789 20.38615396 20.39681906 20.29183106]
[19.50415    20.06880576 19.98572805 19.40792116 19.80196067 19.87302747
  19.47142334 19.51055691 19.63287306 19.66633018 19.696714   20.03163265
  19.62043922 19.9432718  20.04256543 20.19479289 19.753132   20.0397771
  19.97346586 19.82369094 29.23269448 19.54423619 20.07138046 20.69254421
  19.95173659 19.67054336 19.79717746 19.79808124 20.36027132 19.47195133
  20.29547669 19.58407912 19.38808733 19.9365073  20.00974713 19.36380456
  19.87781641 19.44484481 20.54141091 19.64636132 19.8601595  19.85638785
  20.15873392 19.72674464 19.80986538 20.38529655 19.82951349 20.15652616
  20.1969745  19.48369886 19.70775148 19.39870429 19.91659304 20.19487169
  19.82862667 20.16313298 20.08496808 19.59675487 19.94403369 19.70573104
  19.89555596 20.12303085 20.42026004 19.52135813 19.66930332 19.71343753
  20.0342933  20.14741356 19.74075515 20.15787298 19.34617264 19.35317535
  19.38885377 19.81383359 20.33135473 20.046073   19.82050503 20.37636484
  20.22110782 19.80634286 19.48872009 20.01550036 20.03774501 20.01668126
  20.01103965 19.83343285 20.70542012 20.02157333 19.7328766  19.66146384
  20.44415083 19.98863913 20.40986885 20.27315988 20.21079138 19.7670346
  19.95148437 20.03611954 19.90367349 19.91126088]
[19.57347453 19.82938625 20.5269097  19.839154   19.3156237  19.72846235
  19.71404172 20.0050731  19.58957075 19.54898573 19.71190528 19.79420827
  19.18692739 19.73872042 19.96358659 20.09872773 19.84094883 20.14288205
  20.03715934 19.86719338 19.54423619 29.24163177 20.21687703 20.56455345
  20.01493681 19.9480612  19.49384814 20.08685549 20.11775838 19.29388968
  20.42236843 19.99350273 18.99090023 20.06927828 20.4015783  19.50494813
  19.96610126 19.69699071 20.59196432 20.28729771 19.86398603 19.83248356
  19.88079135 19.86570092 19.65340518 20.39752585 20.27887831 19.59775726
  20.62507295 19.12006163 19.63413476 19.66978667 19.97864148 20.41188007
  19.64354633 20.1375372  20.18744596 19.97115399 19.95886965 20.14311768
  19.52907946 19.72153346 20.28708338 19.39492716 19.75674708 19.96910576
  20.32695513 19.56911618 19.85106794 19.78936297 19.34433785 19.61419364
  19.74512964 20.29326575 20.37297521 19.72519876 19.81117575 20.56949205
  20.25783162 19.26225598 19.85204737 20.41653767 19.83673301 20.04539178
  20.07064676 20.03019875 20.64901756 20.05188049 20.07656557 19.78268624
  20.55737371 19.99972471 20.61497962 20.33422813 20.03299651 19.96162085
  19.83816289 19.98353361 20.30203273 19.82855343]
[19.67240131 20.58246609 20.25308917 19.74282035 20.18011042 20.16787824
  20.31440077 20.02247769 19.90775711 20.24660522 20.58671026 20.47525842
  20.02416125 19.9499276  20.52457576 20.42983591 20.26140964 20.36005825
  20.27685615 20.67683522 20.07138046 20.21687703 30.59148873 21.33222576
  20.42826974 20.10470534 20.45501218 20.50770191 20.45808745 20.06967732
  20.905287   20.03039956 19.94641013 20.26256114 20.70760894 20.46970768
  20.75238902 19.88630203 20.98068335 20.43626646 20.63276748 20.1881324
  20.6072141  20.0764774  20.30224423 20.92108787 20.17080081 20.19963087
  20.34455386 19.86096107 20.53126235 19.66404568 20.47322314 20.36132752
  20.14063021 20.32762776 20.29846343 20.15587719 20.40709817 20.03251913
  19.74232997 20.37919917 20.73286748 20.03724675 19.750958   20.37234838
  20.23394651 20.04757597 20.46418207 20.90200351 20.17726774 20.37661043
  20.18656715 19.85521208 20.92608723 20.55206069 20.14859412 20.71545183
  20.60128855 19.88384492 19.94445869 20.69255748 20.5990058  20.64103687
  20.14727884 20.37602155 21.13310614 20.18597675 20.15748575 19.94727776
  20.52061493 20.5677386  21.23550297 20.78096314 20.33781845 20.53895677
  20.5460615  20.68687701 20.20859452 20.51634571]
[20.46511445 20.7578955  20.97883587 20.88469071 20.57875531 20.3221735
  20.35203641 20.2485621  20.24838464 20.37131616 20.94557363 21.03540295
  20.21962081 20.59691515 21.13079858 20.97214843 20.5391911  21.52354224
  21.01731067 21.15141892 20.69254421 20.56455345 21.33222576 31.44768794
  20.87379024 20.59406431 21.05445643 20.71471979 21.19027119 20.30498355
  20.98074629 20.80028733 20.35448037 21.14669006 21.09471954 19.95800304
  20.80479555 20.73562048 21.14475279 20.5958763  20.92110774 20.67923921
  21.15712017 20.38843819 20.85158709 20.94182543 21.04631474 20.92676977
  21.20662087 20.26995382 20.81420361 20.07313439 20.75336116 20.91198066
  20.38330027 20.42789109 20.85363029 20.77489204 20.52436448 20.74598718
  20.36100573 20.69524901 21.40008534 20.1116062  20.605645   20.77591682
  20.57238453 20.35306689 20.64397835 21.18222009 20.08126386 20.0723914
  20.29704919 20.49815542 21.09551163 20.75570462 20.81151445 21.44661043
  21.03447005 20.33122445 20.78189525 21.31678803 21.38240224 20.9267638
  20.63675843 21.01615198 21.72589979 21.01665731 20.4908242  19.93738331
  21.02281267 20.62370792 21.21923784 21.33273507 21.01616061 20.69288867
  20.66806558 21.46863303 21.3523436  20.73263899]
[19.80427107 20.09376519 20.35987002 20.04243706 20.01348444 19.75580447
  19.49140855 19.74386947 19.79810249 19.78241679 20.33457926 19.83062958
  19.55129208 19.90669603 20.32038421 20.46286046 20.11266151 20.42843675
  19.97629731 20.22293439 19.95173659 20.01493681 20.42826974 20.87379024
  30.18704441 19.78185827 19.87616546 20.19006472 20.05905048 19.60740096
  20.43069182 19.60896544 19.46507075 19.75888298 20.01128287 19.68428118
  19.98936659 19.45289972 20.60888063 19.92973047 20.03530084 19.96193599
  20.32740237 20.2648409  19.9068234  20.18925746 20.65460066 20.27979778
  20.31890955 19.40640261 20.26025    19.76944452 20.14482704 20.27064455
  19.5168491  20.01720366 20.20596519 19.8162685  19.87837044 20.2474976
  19.67444597 20.03565837 20.65044397 19.98012604 19.79118687 19.72893545
  19.98164645 19.81303059 20.39906667 20.22160522 20.0546299  20.17646194
  20.028108   19.96321748 20.37457395 20.26338517 19.77516192 20.48102899
  20.35621228 19.71177869 19.56498789 20.20534214 20.29779038 20.16951078
  19.78104053 19.99528004 20.72463671 19.99897545 19.85530797 19.58494659
  20.40187866 20.17319684 20.573069   20.3406406  20.73193302 20.23467666
  20.0235103  20.09790379 20.12854413 20.08956594]
[19.73771748 20.21725547 20.21104391 19.97895814 19.59211436 19.9240099
  19.73135391 19.51210563 19.03452933 19.78959719 19.72928883 20.12536835
  19.58583309 19.96916646 20.01303415 20.13135358 20.17482535 20.0858909
  19.79901724 20.27165824 19.67054336 19.9480612  20.10470534 20.59406431
  19.78185827 29.55750231 19.43798208 19.92264789 20.08497301 19.12311681
  20.35763057 19.88739233 19.63365971 20.52938004 19.8402877  19.24041762
  20.08768958 19.69881495 20.38011    19.62085569 20.25052679 19.65068216
  20.30484355 19.86216852 20.04945105 20.29411491 20.28122135 19.87650906
  20.39118972 19.0567919  20.47374534 19.60838063 20.36692724 20.1210294
  19.54562723 19.88919949 19.80031165 19.61804006 19.81963439 19.9110046
  19.43621982 20.12745727 20.42950398 19.01586467 20.00566429 19.7831393
  20.01384573 19.80127076 19.86920286 20.26538784 19.32754725 19.34733244
  19.51571205 19.83702543 20.49782527 19.68946475 20.00003904 20.50058448
  19.68025765 19.49630389 19.5976277  20.31064668 20.0121696  20.26958048
  19.72302135 19.78125084 20.54339207 20.02714152 19.96317408 19.63788458
  20.29161581 20.10003823 20.30652395 20.33677326 20.49552174 20.14695773
  19.83157832 20.28742947 20.18421512 19.62928595]
[19.86345482 20.09298765 19.89214186 19.87075331 19.92299274 19.74080336
  19.67671183 19.90445856 19.60720662 19.96338618 19.9227126  20.08403985
  19.52512604 19.88740322 20.43264273 20.55496782 19.72541099 20.19660122
  19.80222204 20.41142988 19.79717746 19.49384814 20.45501218 21.05445643
  19.87616546 19.43798208 29.44557346 20.20572418 19.96726648 19.75231857
  20.55422848 20.01598705 20.1455812  19.91673876 20.62123402 19.71233432
  20.27965845 19.85870656 20.76307133 20.07653449 20.45605466 20.02078816
  19.86411159 19.46693475 20.0042198  20.42890278 20.7002303  20.11038988
  20.1133789  20.03088821 20.15415458 19.26654295 20.09157202 20.56028169
  19.80838436 20.0941707  20.21648072 19.78366457 20.13265774 19.96033248
  19.38664815 20.05351    20.55507593 19.4117709  19.85426909 19.60377776
  20.36104781 19.63644539 19.97085586 20.36811932 19.43352427 20.10458475
  19.71145254 20.11193405 20.40301132 20.13320662 19.79463951 20.55326396
  20.59806141 19.98046888 19.50927261 20.49744579 20.23317524 20.45899876
  20.02435382 20.00484239 20.54065279 20.4801106  20.4360647  19.59476718
  20.16019993 20.09906238 21.19875861 20.3447917  20.72250664 20.03224915
  20.11619632 20.12676131 20.38550125 20.0074528 ]
[19.61650012 20.13034638 20.34920589 20.00427996 19.77252627 19.70164428
  19.81385217 20.17709502 19.44867623 19.88570582 20.22737327 19.91183886
  19.64654666 19.78599245 19.75630497 19.94442462 19.80068425 20.38255055
  19.7353645  20.12710783 19.79808124 20.08685549 20.50770191 20.71471979
  20.19006472 19.92264789 20.20572418 29.65353139 20.15845049 19.366282
  20.00794523 19.84910431 19.84275439 19.84421886 20.18708734 19.52263471
  19.98782116 19.62838061 20.75597161 20.06492839 20.10954608 20.22555141
  19.82934413 19.84549846 19.56279473 20.1584562  20.07794466 20.23251159
  20.53467924 19.69801263 20.16705943 19.51392571 19.70721372 20.28146645
  19.74691744 20.03240855 19.95198422 19.70492417 20.43920176 19.9165083
  19.45498294 20.21375275 20.37006936 19.57757207 19.88226427 19.54544429
  19.95617975 19.54161512 20.24701716 19.9273661  19.59661621 19.72829293
  20.22579899 20.21515427 20.58346808 20.3449422  19.5580339  20.5584394
  20.29392208 19.52242994 19.58948965 20.0855466  20.28408343 19.99696559
  20.15889967 19.9235659  20.94572596 19.95500326 19.79186517 19.47748597
  20.46240197 20.10215017 20.60511028 20.49865677 20.44222083 20.24979409
  20.23603937 20.34276435 20.42427396 20.328226  ]
[19.91143849 20.36450005 20.68155296 19.75980566 19.9807789  19.97253281
  19.86590171 19.60099293 19.8812792  20.25161207 20.29891283 20.28067051
  19.69156053 20.16351479 20.56237638 20.82709239 20.38998474 20.91823976
  20.26151826 20.10372453 20.36027132 20.11775838 20.45808745 21.19027119
  20.05905048 20.08497301 19.96726648 20.15845049 29.9871595  19.5112961
  20.83991765 20.38610749 19.90667122 20.34405642 20.56557797 19.65460668
  20.94783358 19.60857452 20.68892886 20.4663443  20.36890539 20.28235211
  20.2770326  20.02416866 19.93067247 20.64564116 20.09252745 19.92860285
  20.53914831 19.78490144 20.46672073 19.87189858 20.52221506 20.43329858
  20.0403444  20.35554399 20.62247917 19.86648264 20.56516885 20.25485406
  20.43424776 20.31213949 20.5570509  19.42076268 20.02128808 20.24533189
  20.02769793 19.93587271 19.93648082 20.51809855 19.89711932 19.81498114
  19.83571902 20.33143714 20.80264688 20.44484943 20.2673476  20.63982935
  20.19959392 19.82132198 20.22632195 20.84521046 20.41825349 20.61966705
  20.4517338  20.41032971 20.67841303 20.50222213 19.8372829  19.76918377
  20.62691289 20.27516168 20.65571304 20.91664048 20.20493127 20.45085139
  20.33763262 20.54205258 20.8191308  20.52359312]
[19.36823554 19.55573279 19.95371471 19.7934353  19.30509451 19.28623966
  19.29437409 19.43767336 19.35855203 19.32314095 19.57611209 19.72096373
  19.4298294  19.66180439 20.04826283 19.90897495 19.46773676 20.17033011
  19.49127638 20.33580944 19.47195133 19.29388968 20.06967732 20.30498355
  19.60740096 19.12311681 19.75231857 19.366282   19.5112961  28.42414567
  20.03620263 19.68789167 19.24628864 19.61148833 19.85658505 19.42206826
  19.69588346 19.42603458 20.2884362  20.08466314 19.56489964 19.62448101
  19.5786885  19.05317517 19.6329635  19.93406452 19.77360058 19.35580324
  19.85045081 19.12233073 19.68588966 19.26384307 19.91755736 20.17573822
  19.18701275 19.85178019 19.27552587 19.21467949 19.44952938 19.6604873
  19.82009766 20.18194462 20.50716277 19.56350163 19.79451184 19.460926
  19.6441726  19.31065655 19.44630509 19.92472567 19.38103286 19.45913225
  19.62043692 19.59240217 19.84472266 19.86488456 19.39796851 20.18931086
  19.80930282 19.03607142 19.26248363 19.97801287 20.27868551 19.65239685
  19.63263371 19.72790719 20.3678596  19.89382745 20.14536047 19.38489776
  19.38120936 20.12678527 20.12171638 19.93395043 20.00628818 19.825297
  19.84214982 19.50373208 19.77373042 19.70947245]
[19.72048016 20.2014834  21.04608747 20.43371476 20.13415438 20.77064535
  19.97981746 19.96849311 20.01621826 20.34036181 20.60114767 20.6315323
  20.00537928 20.54166404 20.38232051 20.70995285 20.96857543 20.94083461
  20.55204422 20.30075607 20.29547669 20.42236843 20.905287   20.98074629
  20.43069182 20.35763057 20.55422848 20.00794523 20.83991765 20.03620263
  31.03666149 20.45969935 20.22883856 20.72116003 20.35716884 19.9686285
  20.67489587 20.49587445 20.84170844 20.48332342 20.72821712 20.48282658
  20.71538848 20.10536885 20.68914477 21.06847367 20.47756955 20.47067799
  20.78017764 20.31833885 20.8418787  20.05785748 20.27182026 20.95165371
  20.13330303 20.88028618 20.31567112 20.12331013 20.25364888 20.55385768
  20.24729213 20.89717122 21.00896376 19.74324877 20.43955852 20.3643432
  20.23667977 20.42390904 20.38208997 20.61257358 20.23312214 20.66977028
  20.43898289 20.54078958 20.97106555 20.58206233 20.40646223 20.96872058
  20.89399748 20.18803348 19.97023195 20.71181696 20.620164   20.80780183
  20.42613997 20.74990142 21.34975085 20.78618756 20.52471811 20.3853623
  20.76521161 20.62418006 21.24844443 20.86101015 20.63258407 20.56190574
  20.75808079 20.80203226 20.76992603 20.67698328]
[19.75793117 19.56595544 20.26936622 19.94131665 19.50748958 19.46692792
  19.70585329 19.87151036 19.47825901 19.85244525 19.84506652 20.276545
  19.72169121 20.19157026 20.05165624 20.20988314 20.34830319 20.65652058
  20.09793736 20.42070246 19.58407912 19.99350273 20.03039956 20.80028733
  19.60896544 19.88739233 20.01598705 19.84910431 20.38610749 19.68789167
  20.45969935 29.81244407 20.11288269 20.08105214 20.12035723 19.4141119
  20.19654625 19.83101517 20.86119478 20.13052999 20.56402284 19.99169486
  20.26768602 19.92999086 19.76746307 20.20289082 20.33696244 20.19153558
