2925
50
10
21.31896351944655

[0.06452625 0.07361457 0.07955861 0.03855959 0.06483539 0.07191774
 0.07471968 0.06190901 0.02396249 0.05721896 0.06436351 0.09268811
 0.03523984 0.06847053 0.05451275 0.03920023 0.08692337 0.05281895
 0.05143551 0.0623392  0.05511483 0.08361674 0.03016879 0.03393946
 0.05320599 0.02850582 0.02090656 0.05215912 0.04396364 0.0669785
 0.09785365 0.05317464 0.04247644 0.02079816 0.08206063 0.07924186
 0.06684263 0.07352473 0.09444124 0.04088891 0.06380286 0.07235349
 0.06601893 0.08921144 0.09534891 0.0527881  0.03806296 0.09532565
 0.09000227 0.0447922 ]

[[30.55008556 20.04662117 20.74212939 19.78681758 19.95508079 20.37163774
  20.55632947 20.34201734 20.63928476 20.21234246 20.00899757 20.75422834
  20.36974115 20.76175819 20.4436765  19.76468077 20.40220315 19.97886763
  20.52437965 20.72201765 20.12007903 20.49149051 20.43833021 20.33470332
  20.66996876 20.51993958 19.94566761 20.50822932 20.25592975 20.23291635
  21.0722745  20.45417043 20.3441492  20.32149626 20.53086272 20.02510209
  20.14913356 20.13420396 20.00142721 20.36214956 20.05789587 20.33034229
  20.54337628 20.07535487 20.28525514 20.91485185 20.08527493 20.24637081
  19.86044117 20.5273403 ]
[20.04662117 29.67995917 20.46578083 19.49832083 19.73658333 20.3131694
  20.26080913 19.74373635 20.24761437 19.9592035  19.86777452 19.62216993
  19.70569785 20.55730643 19.92729025 19.64424313 19.66217271 19.56319533
  19.69275371 20.35556652 19.65393924 20.19323059 20.3154877  19.70709511
  19.80456209 20.27497936 19.65335636 20.12740941 19.97320343 19.90804486
  20.55736718 20.11905651 20.46536695 20.09573051 19.96495981 19.79396323
  19.95443158 20.19826185 19.83620427 19.7578896  19.75218702 20.05001119
  20.0606022  19.56987987 19.97337399 20.70175723 19.78845266 20.04282816
  19.47832987 20.41613279]
[20.74212939 20.46578083 31.2832389  20.23232813 20.15191398 20.72807533
  20.37164374 20.25866214 20.79463703 20.40930374 20.06329179 20.42486432
  19.88738681 20.96488529 20.40339611 20.1439814  20.00047404 20.10757419
  20.4278986  20.4627982  20.24989446 20.17375358 20.33158223 20.22666909
  20.57388331 20.42796679 20.24911754 20.53602732 20.27077249 20.26074818
  21.02911746 20.55606359 20.5757559  20.39539462 20.33691424 20.34683044
  19.91522251 20.86398676 19.82096685 20.46103836 20.11670884 20.48219598
  20.50830855 19.92169173 20.50740831 20.85100796 20.38192991 20.40507662
  20.24147433 20.36927798]
[19.78681758 19.49832083 20.23232813 29.10511341 19.00292372 19.98494466
  19.43273252 19.45561546 19.91119929 19.52166452 19.23360366 19.80837164
  19.2554919  20.10704408 19.74398155 19.33919684 19.67158145 19.23430265
  19.58681985 19.64611089 19.26382412 19.61137554 19.65739814 19.23485693
  19.88591849 19.48332413 19.39516873 19.57061055 19.38121135 19.50188573
  20.05116471 19.89834675 19.73563437 19.39048704 19.90232125 19.34428566
  19.30842792 19.78742679 19.44300486 19.39786619 19.39571946 19.57226433
  19.95541506 19.41911608 20.02211311 20.40207691 19.64452107 19.61959037
  19.12071427 19.69236459]
[19.95508079 19.73658333 20.15191398 19.00292372 29.13700735 19.66012159
  19.20375729 19.68778439 19.70537167 19.44675083 19.26456247 19.88426757
  18.94666974 20.74353661 19.30088148 19.71743669 19.57403611 19.1081459
  19.15766315 20.16800603 19.78346694 19.58833207 19.6235992  19.68413322
  19.61887058 19.3131033  19.19722828 20.08727219 19.50277312 19.01230472
  19.90997185 19.55034081 19.77105478 19.91615683 19.61243068 19.42820499
  19.64650785 19.75211204 18.77644812 19.5557248  19.41094793 19.53886519
  19.86419636 19.22229245 19.77067057 19.99635038 19.45000742 19.34289945
  19.1450011  20.0632726 ]
[20.37163774 20.3131694  20.72807533 19.98494466 19.66012159 30.5380698
  20.34111743 20.0978273  20.16084475 20.16053366 20.17185955 20.54997999
  19.97159913 20.5057783  20.51467143 19.77809207 20.34665413 20.00728083
  20.02461359 20.78630918 20.22425081 20.5771612  20.40703769 20.59806432
  20.37435173 20.54918706 20.16851869 19.8677738  20.02098148 20.13183054
  20.82820704 20.78178554 20.39590055 20.41369086 20.34978626 19.92160935
  19.76337665 20.4830545  19.71393213 20.28646668 20.01947884 20.05019358
  20.51903571 20.08879343 20.48527378 20.74724663 19.93298351 20.16873094
  19.97310033 20.44610818]
[20.55632947 20.26080913 20.37164374 19.43273252 19.20375729 20.34111743
  30.45315275 20.07551812 20.5150453  19.90633782 19.97018505 19.81153225
  20.01051389 20.69294443 19.99588075 19.94548388 19.8788433  19.63689961
  20.19643877 20.25220221 20.13840868 20.21437858 20.44685335 20.3390828
  20.23497085 20.14192144 19.8158028  19.98655608 19.71914279 20.10978436
  20.53328865 20.33209244 19.99398877 19.99256637 19.99712402 20.02974403
  20.07352219 20.26288891 19.60721051 20.20463506 20.07871609 19.90158326
  20.15512221 19.59498405 20.11301639 20.59841072 20.22812594 20.32953424
  19.4195205  20.41720723]
[20.34201734 19.74373635 20.25866214 19.45561546 19.68778439 20.0978273
  20.07551812 29.95301865 20.26827335 20.00875896 19.58086096 20.28953402
  19.48438327 20.54142253 20.27060315 20.00091747 19.88356369 19.69063914
  19.93263945 20.49664093 19.97155025 19.75440447 20.48996707 20.33791281
  20.01816857 19.89853066 19.89099994 20.27702626 19.60026857 19.34858592
  20.50069669 20.05590118 20.04909877 19.87775743 20.30504624 20.12461579
  20.15970209 20.22921371 19.24878869 20.11489513 19.50316766 19.7269135
  20.46647582 19.98269171 20.19140738 20.25167497 19.81368208 19.58296286
  19.35464568 20.27917986]
[20.63928476 20.24761437 20.79463703 19.91119929 19.70537167 20.16084475
  20.5150453  20.26827335 29.64569474 20.2082445  19.99599946 20.19981406
  19.58234801 20.46425652 20.30171814 19.62500656 19.8403968  19.89838168
  20.00562109 20.61215457 19.82391237 20.20341414 20.61780358 20.21819127
  20.14594195 20.19979913 19.76751728 20.13688884 19.69677    19.82320176
  20.64069666 20.0807839  20.36113977 20.20289087 20.26035363 19.74025822
  19.73812196 20.03047501 19.78641297 19.96915476 19.81010523 20.12725979
  20.36821868 19.56156262 20.13964787 20.54209997 19.69523495 20.16106607
  19.607536   20.2925166 ]
[20.21234246 19.9592035  20.40930374 19.52166452 19.44675083 20.16053366
  19.90633782 20.00875896 20.2082445  29.33521594 19.4212721  20.09347037
  19.69430877 20.26158825 19.47948609 19.96681658 20.01904839 19.22065946
  19.7664195  20.02483256 20.02189392 19.80724564 19.6923063  19.81873403
  19.64388316 20.21205239 19.76673415 19.53879901 19.41581676 19.15564962
  20.32974348 19.68117356 20.1452167  19.82052147 20.04464241 19.46931024
  19.57112341 19.7209081  18.81276931 19.66215253 19.59421973 19.68001232
  19.7476966  19.70641084 20.12392496 20.59571208 19.60260439 19.65627009
  19.4870745  20.07097928]
[20.00899757 19.86777452 20.06329179 19.23360366 19.26456247 20.17185955
  19.97018505 19.58086096 19.99599946 19.4212721  28.8237887  19.89236518
  19.061155   19.93535508 20.0503562  19.31252344 19.52936312 19.41607968
  19.4608252  20.00345768 19.82464087 19.79718549 19.77347678 19.94480218
  19.7662676  20.0124706  19.5631299  20.149114   19.32889166 19.42616501
  19.95853846 19.73922927 19.65421824 19.84651927 19.70690686 19.70007682
  19.41730694 19.52360587 19.16274632 19.77761107 19.77064527 19.83619136
  19.99177688 19.30856356 19.60671964 20.40283291 19.72832698 20.10315483
  19.03917116 19.94893365]
[20.75422834 19.62216993 20.42486432 19.80837164 19.88426757 20.54997999
  19.81153225 20.28953402 20.19981406 20.09347037 19.89236518 30.31441631
  19.97408984 20.46379331 20.24342863 19.61634847 20.39393287 19.79029708
  20.62526716 20.25697199 19.94941726 20.52284864 20.55536731 20.36297506
  20.22571716 20.2438856  20.08377208 20.26360396 20.67787545 19.87374959
  20.74057135 20.33539037 20.19051675 20.3703562  20.518393   20.03865853
  20.07901363 19.83708723 19.59330888 19.93445939 20.04755656 20.27100574
  20.72741397 19.76678811 20.08799063 20.73393848 20.01389501 20.30022909
  19.87754868 20.68898817]
[20.36974115 19.70569785 19.88738681 19.2554919  18.94666974 19.97159913
  20.01051389 19.48438327 19.58234801 19.69430877 19.061155   19.97408984
  29.51640705 20.17297106 19.72127604 19.40419456 19.24206845 19.58515695
  19.90821603 20.43805339 19.71094186 19.43578677 19.73110952 19.79277281
  19.28977427 20.03379139 19.56341548 19.64635688 19.39328318 19.25894651
  19.87038945 20.2106591  19.82048155 19.56847733 19.69431441 19.61426584
  19.3695988  19.8287838  19.41270876 19.72583786 19.74320155 20.1831787
  20.45551492 19.75446165 19.88214653 20.28241395 19.24773416 19.68980279
  19.19492504 20.19909749]
[20.76175819 20.55730643 20.96488529 20.10704408 20.74353661 20.5057783
  20.69294443 20.54142253 20.46425652 20.26158825 19.93535508 20.46379331
  20.17297106 30.16459477 20.42203205 20.21161036 20.3621728  19.88021684
  20.22021881 20.83242612 20.18421578 20.21279283 20.36753709 20.31185402
  20.53636976 20.11600873 19.88210966 20.6456652  19.91595202 19.95366129
  20.63098319 20.60302983 20.68071823 20.34399746 20.43675634 20.09374124
  20.12321426 20.37923386 19.90280179 20.32074904 20.10102995 20.22768422
  20.54334551 20.05122799 20.70119705 20.87623651 20.21164271 20.35867713
  19.70763473 20.52343382]
[20.4436765  19.92729025 20.40339611 19.74398155 19.30088148 20.51467143
  19.99588075 20.27060315 20.30171814 19.47948609 20.0503562  20.24342863
  19.72127604 20.42203205 29.57984554 19.59359118 19.4651377  19.94218939
  20.07885942 20.54463721 19.87972168 20.37646958 20.27353582 20.02710464
  20.05425132 20.41117695 19.57920707 20.40314939 19.96295191 19.67418394
  20.81299881 20.24706435 20.07429173 20.00810282 19.96536413 20.15572321
  20.02132744 20.04767331 19.70819322 20.26696566 19.79654804 19.93780689
  20.15885009 19.48504787 19.97244491 20.68139603 19.86690103 19.80945058
  19.24564554 20.08327385]
[19.76468077 19.64424313 20.1439814  19.33919684 19.71743669 19.77809207
  19.94548388 20.00091747 19.62500656 19.96681658 19.31252344 19.61634847
  19.40419456 20.21161036 19.59359118 29.24253803 19.70880335 19.53864525
  19.25613835 20.07503854 19.74823586 19.93707387 19.88004079 19.55211992
  19.51563543 19.8860775  19.33887355 19.60101104 19.38123083 19.52810962
  19.94734591 19.73293333 19.8496734  19.80388036 19.67109858 19.41835357
  19.78264537 19.7684949  19.15936514 19.46321927 19.25191108 19.80251998
  20.07816286 19.36879436 19.93103104 19.8914189  19.28605744 19.57984151
  19.31029306 19.84394155]
[20.40220315 19.66217271 20.00047404 19.67158145 19.57403611 20.34665413
  19.8788433  19.88356369 19.8403968  20.01904839 19.52936312 20.39393287
  19.24206845 20.3621728  19.4651377  19.70880335 29.21007279 19.45319675
  19.72324802 20.02851441 19.63220891 19.9998195  19.79424056 19.7773889
  19.77476068 19.70773654 19.70395451 19.74597    19.6364485  19.68161991
  20.19252124 19.7913089  20.09271714 19.78177492 20.06140517 19.75577324
  19.49999779 19.91504826 19.5172816  19.80776893 19.71716009 19.7925643
  20.1683903  19.56469599 19.85177326 20.05522896 19.32201038 19.73092617
  19.6056798  20.28332932]
[19.97886763 19.56319533 20.10757419 19.23430265 19.1081459  20.00728083
  19.63689961 19.69063914 19.89838168 19.22065946 19.41607968 19.79029708
  19.58515695 19.88021684 19.94218939 19.53864525 19.45319675 28.97382682
  19.65829583 19.97531255 19.45860317 19.51633869 19.7889988  20.10976956
  19.62383515 19.99971025 19.45806258 19.74444767 19.22133624 19.28398675
  20.33343842 20.1431283  19.70155566 19.64048822 19.74615927 19.5261461
  19.49652322 19.8052057  19.54023266 19.80269898 19.3193465  19.83874975
  19.8808939  19.04297292 19.95485323 19.93998972 19.69879223 19.47814679
  19.18560831 19.93681906]
[20.52437965 19.69275371 20.4278986  19.58681985 19.15766315 20.02461359
  20.19643877 19.93263945 20.00562109 19.7664195  19.4608252  20.62526716
  19.90821603 20.22021881 20.07885942 19.25613835 19.72324802 19.65829583
  29.49492953 20.21452157 19.74265755 19.78327244 20.07838133 20.10121979
  20.09186403 20.11252917 19.59000776 19.84591162 19.61910146 19.47658721
  19.82373972 19.81747631 19.9636212  20.11945499 19.67093038 19.84331477
  19.40810984 19.95899389 19.35057076 19.74961346 19.65108579 19.77297191
  19.790499   19.64056215 20.06341924 20.24510311 19.65871527 19.41144394
  18.85779646 20.1966513 ]
[20.72201765 20.35556652 20.4627982  19.64611089 20.16800603 20.78630918
  20.25220221 20.49664093 20.61215457 20.02483256 20.00345768 20.25697199
  20.43805339 20.83242612 20.54463721 20.07503854 20.02851441 19.97531255
  20.21452157 30.5948605  20.23788943 20.15494254 20.8235268  20.22903097
  20.54380621 20.38824904 19.86986983 20.34392426 20.21068592 20.15612805
  20.61812408 20.60813791 20.50304872 20.65641776 20.30862414 20.30514675
  20.32490179 19.82580913 20.14965023 20.43357787 20.16198894 19.90549085
  20.59560005 20.36237571 20.66907405 20.72712105 20.08883125 20.33098343
  19.90036469 20.78124799]
[20.12007903 19.65393924 20.24989446 19.26382412 19.78346694 20.22425081
  20.13840868 19.97155025 19.82391237 20.02189392 19.82464087 19.94941726
  19.71094186 20.18421578 19.87972168 19.74823586 19.63220891 19.45860317
  19.74265755 20.23788943 29.23229759 19.70490091 19.82528839 19.79806614
  19.85562662 20.06633022 19.39193384 19.63105306 19.37946828 19.65483144
  20.39744111 19.5531761  20.28989651 19.69216963 19.7455068  19.3595851
  19.57649928 19.7519371  19.24392115 19.77258839 19.96316773 19.87617034
  20.22841593 19.54900043 19.76905456 20.42397782 19.22589061 19.81265946
  19.51657507 19.81573693]
[20.49149051 20.19323059 20.17375358 19.61137554 19.58833207 20.5771612
  20.21437858 19.75440447 20.20341414 19.80724564 19.79718549 20.52284864
  19.43578677 20.21279283 20.37646958 19.93707387 19.9998195  19.51633869
  19.78327244 20.15494254 19.70490091 30.3093121  19.85160299 20.1125105
  20.09665808 19.75891137 19.74992924 20.04560243 19.60751604 19.55953957
  20.69974267 20.13854418 20.34754118 20.02365735 20.20047051 19.70257421
  19.99462169 19.84128488 19.48873071 19.72083128 19.64249004 19.97337122
  20.09904924 19.76206801 19.98768919 20.83115471 19.19492991 19.91199271
  19.50386888 20.26375208]
[20.43833021 20.3154877  20.33158223 19.65739814 19.6235992  20.40703769
  20.44685335 20.48996707 20.61780358 19.6923063  19.77347678 20.55536731
  19.73110952 20.36753709 20.27353582 19.88004079 19.79424056 19.7889988
  20.07838133 20.8235268  19.82528839 19.85160299 30.38632879 19.94991918
  20.19961415 19.83061839 19.96626093 20.28060536 19.80577958 19.82586295
  20.24267085 20.10129269 20.40398219 20.19342953 20.05711325 19.49034413
  19.88971455 20.34058655 19.98839436 20.18328057 20.27350785 19.88456105
  20.59121117 19.84410348 20.23508725 20.55246819 19.70510534 20.06346067
  19.93391948 20.3676809 ]
[20.33470332 19.70709511 20.22666909 19.23485693 19.68413322 20.59806432
  20.3390828  20.33791281 20.21819127 19.81873403 19.94480218 20.36297506
  19.79277281 20.31185402 20.02710464 19.55211992 19.7773889  20.10976956
  20.10121979 20.22903097 19.79806614 20.1125105  19.94991918 29.96839154
  20.01193749 20.07909586 19.77569334 20.12331344 19.7604663  19.72955405
  20.19382258 20.38229213 20.42299652 19.97008313 20.26076848 20.01850788
  19.67980006 19.81693482 19.71285502 20.25861903 19.80139234 20.05657119
  20.34134316 20.01760259 19.83762931 20.55065812 19.80967651 19.73172365
  19.59242877 20.11039941]
[20.66996876 19.80456209 20.57388331 19.88591849 19.61887058 20.37435173
  20.23497085 20.01816857 20.14594195 19.64388316 19.7662676  20.22571716
  19.28977427 20.53636976 20.05425132 19.51563543 19.77476068 19.62383515
  20.09186403 20.54380621 19.85562662 20.09665808 20.19961415 20.01193749
  29.58324504 20.25798952 19.67166921 20.18385748 20.02075817 19.84378666
  20.96852738 19.94259653 20.27754337 20.19216839 20.33081733 19.47500743
  19.77318518 20.12087051 19.92526809 20.1437398  19.94600051 19.56010212
  20.13647253 20.08059965 19.81294979 20.73613367 19.55578591 19.8892942
  19.62327404 20.24510159]
[20.51993958 20.27497936 20.42796679 19.48332413 19.3131033  20.54918706
  20.14192144 19.89853066 20.19979913 20.21205239 20.0124706  20.2438856
  20.03379139 20.11600873 20.41117695 19.8860775  19.70773654 19.99971025
  20.11252917 20.38824904 20.06633022 19.75891137 19.83061839 20.07909586
  20.25798952 30.04333753 19.47105595 20.16994907 19.90596894 20.04357447
  20.43211938 20.1822612  20.57439875 20.03409284 20.07724235 19.86800382
  19.89192514 20.03645355 19.83631881 19.99741717 20.21293011 20.30703557
  20.56914167 19.87498805 20.36840684 20.72031158 19.93294165 20.11945471
  19.85958307 20.88012843]
[19.94566761 19.65335636 20.24911754 19.39516873 19.19722828 20.16851869
  19.8158028  19.89099994 19.76751728 19.76673415 19.5631299  20.08377208
  19.56341548 19.88210966 19.57920707 19.33887355 19.70395451 19.45806258
  19.59000776 19.86986983 19.39193384 19.74992924 19.96626093 19.77569334
  19.67166921 19.47105595 29.40289702 19.67181625 19.6329802  19.16750984
  20.30753195 20.07695837 19.80354064 19.29003405 19.6933678  19.33693957
  19.26906354 19.09416226 19.33336822 19.84729475 19.39419495 19.69804827
  20.09077335 19.53345413 19.54543199 20.29629106 19.35232692 19.63367328
  19.28398151 20.01293051]
[20.50822932 20.12740941 20.53602732 19.57061055 20.08727219 19.8677738
  19.98655608 20.27702626 20.13688884 19.53879901 20.149114   20.26360396
  19.64635688 20.6456652  20.40314939 19.60101104 19.74597    19.74444767
  19.84591162 20.34392426 19.63105306 20.04560243 20.28060536 20.12331344
  20.18385748 20.16994907 19.67181625 30.11880077 19.89114902 19.98126253
  20.53255952 19.97819959 20.36766505 20.4278139  20.08305311 19.99184298
  20.00208398 20.41374807 19.89971622 19.96995827 19.67245415 19.96064099
  20.48563424 19.79296257 20.51987331 20.61294243 19.95464373 20.33190724
  19.56203362 20.32219511]
[20.25592975 19.97320343 20.27077249 19.38121135 19.50277312 20.02098148
  19.71914279 19.60026857 19.69677    19.41581676 19.32889166 20.67787545
  19.39328318 19.91595202 19.96295191 19.38123083 19.6364485  19.22133624
  19.61910146 20.21068592 19.37946828 19.60751604 19.80577958 19.7604663
  20.02075817 19.90596894 19.6329802  19.89114902 29.74165925 19.21962694
  20.36463322 19.96260709 19.92585069 19.90820872 20.29228277 19.78185773
  19.37148192 19.59868904 19.57105828 19.68818041 19.07282898 19.4621277
  20.15187632 19.25120428 19.88202945 20.25650268 19.81858327 19.5876906
  19.34649062 19.82786406]
[20.23291635 19.90804486 20.26074818 19.50188573 19.01230472 20.13183054
  20.10978436 19.34858592 19.82320176 19.15564962 19.42616501 19.87374959
  19.25894651 19.95366129 19.67418394 19.52810962 19.68161991 19.28398675
  19.47658721 20.15612805 19.65483144 19.55953957 19.82586295 19.72955405
  19.84378666 20.04357447 19.16750984 19.98126253 19.21962694 28.93935756
  20.13902016 19.8197843  20.13260015 19.84657032 19.99908664 19.70479235
  19.48828598 19.8991724  19.3631091  19.44558338 19.56796902 19.45600058
  19.94796873 19.17921825 19.41009345 20.16638003 19.15022271 19.62397519
  19.34122577 19.94365765]
[21.0722745  20.55736718 21.02911746 20.05116471 19.90997185 20.82820704
  20.53328865 20.50069669 20.64069666 20.32974348 19.95853846 20.74057135
  19.87038945 20.63098319 20.81299881 19.94734591 20.19252124 20.33343842
  19.82373972 20.61812408 20.39744111 20.69974267 20.24267085 20.19382258
  20.96852738 20.43211938 20.30753195 20.53255952 20.36463322 20.13902016
  30.31550858 20.65661185 20.5283429  20.51569231 20.66203504 20.19172486
  19.81157738 20.43995641 19.9372599  19.98752759 20.07510655 20.37681253
  20.70469234 19.96931083 20.34378019 21.05981921 19.9075828  19.93812868
  20.04237716 20.83521002]
[20.45417043 20.11905651 20.55606359 19.89834675 19.55034081 20.78178554
  20.33209244 20.05590118 20.0807839  19.68117356 19.73922927 20.33539037
  20.2106591  20.60302983 20.24706435 19.73293333 19.7913089  20.1431283
  19.81747631 20.60813791 19.5531761  20.13854418 20.10129269 20.38229213
  19.94259653 20.1822612  20.07695837 19.97819959 19.96260709 19.8197843
  20.65661185 30.13478004 20.264305   20.04904314 20.29502392 19.99108039
  20.09053981 19.73367562 19.78537163 20.51657013 19.73638353 20.30891749
  20.5868657  19.82516289 20.3011694  20.56954151 20.23225862 20.19771962
  19.3202387  20.27074166]
[20.3441492  20.46536695 20.5757559  19.73563437 19.77105478 20.39590055
  19.99398877 20.04909877 20.36113977 20.1452167  19.65421824 20.19051675
  19.82048155 20.68071823 20.07429173 19.8496734  20.09271714 19.70155566
  19.9636212  20.50304872 20.28989651 20.34754118 20.40398219 20.42299652
  20.27754337 20.57439875 19.80354064 20.36766505 19.92585069 20.13260015
  20.5283429  20.264305   30.56563358 20.28839227 20.16528833 20.08423611
  19.70367976 20.41140494 19.59446952 19.88601716 19.9652792  20.28588404
  20.53572392 19.62869975 20.45511336 21.00478652 20.06216296 20.12848763
  19.8428654  20.21762776]
[20.32149626 20.09573051 20.39539462 19.39048704 19.91615683 20.41369086
  19.99256637 19.87775743 20.20289087 19.82052147 19.84651927 20.3703562
  19.56847733 20.34399746 20.00810282 19.80388036 19.78177492 19.64048822
  20.11945499 20.65641776 19.69216963 20.02365735 20.19342953 19.97008313
  20.19216839 20.03409284 19.29003405 20.4278139  19.90820872 19.84657032
  20.51569231 20.04904314 20.28839227 30.15821804 20.29474643 20.01327395
  19.64045795 20.04283045 19.52534294 20.1190768  19.66620562 20.15808021
  20.00630749 19.5765478  20.22603005 20.13364891 19.80609369 20.33388653
  19.57562259 20.45596976]
[20.53086272 19.96495981 20.33691424 19.90232125 19.61243068 20.34978626
  19.99712402 20.30504624 20.26035363 20.04464241 19.70690686 20.518393
  19.69431441 20.43675634 19.96536413 19.67109858 20.06140517 19.74615927
  19.67093038 20.30862414 19.7455068  20.20047051 20.05711325 20.26076848
  20.33081733 20.07724235 19.6933678  20.08305311 20.29228277 19.99908664
  20.66203504 20.29502392 20.16528833 20.29474643 29.87430693 20.032472
  19.80350255 20.03781471 19.41183292 19.95387468 20.18374269 20.1160967
  20.16662602 19.88589562 20.28085482 20.66529863 20.01704083 19.86269196
  19.65892936 20.26496688]
[20.02510209 19.79396323 20.34683044 19.34428566 19.42820499 19.92160935
  20.02974403 20.12461579 19.74025822 19.46931024 19.70007682 20.03865853
  19.61426584 20.09374124 20.15572321 19.41835357 19.75577324 19.5261461
  19.84331477 20.30514675 19.3595851  19.70257421 19.49034413 20.01850788
  19.47500743 19.86800382 19.33693957 19.99184298 19.78185773 19.70479235
  20.19172486 19.99108039 20.08423611 20.01327395 20.032472   29.47514698
  19.58831769 19.77312635 19.32180036 19.94760309 19.90650145 19.78349957
  20.33457744 19.62619104 19.92639832 20.29306116 19.49305973 19.76852389
  19.27812483 20.22455822]
[20.14913356 19.95443158 19.91522251 19.30842792 19.64650785 19.76337665
  20.07352219 20.15970209 19.73812196 19.57112341 19.41730694 20.07901363
  19.3695988  20.12321426 20.02132744 19.78264537 19.49999779 19.49652322
  19.40810984 20.32490179 19.57649928 19.99462169 19.88971455 19.67980006
  19.77318518 19.89192514 19.26906354 20.00208398 19.37148192 19.48828598
  19.81157738 20.09053981 19.70367976 19.64045795 19.80350255 19.58831769
  29.45410017 20.03672034 19.1318972  19.37705723 19.31444494 19.76056268
  20.05705071 19.68645843 20.08214777 20.51640094 19.65984088 19.76105196
  19.76063452 20.29406687]
[20.13420396 20.19826185 20.86398676 19.78742679 19.75211204 20.4830545
  20.26288891 20.22921371 20.03047501 19.7209081  19.52360587 19.83708723
  19.8287838  20.37923386 20.04767331 19.7684949  19.91504826 19.8052057
  19.95899389 19.82580913 19.7519371  19.84128488 20.34058655 19.81693482
  20.12087051 20.03645355 19.09416226 20.41374807 19.59868904 19.8991724
  20.43995641 19.73367562 20.41140494 20.04283045 20.03781471 19.77312635
  20.03672034 29.63911103 19.74820125 20.01566199 19.66696449 20.34811806
  20.12026526 19.71528196 20.28267636 20.65643671 19.77637988 19.53666072
  19.84799224 20.31158858]
[20.00142721 19.83620427 19.82096685 19.44300486 18.77644812 19.71393213
  19.60721051 19.24878869 19.78641297 18.81276931 19.16274632 19.59330888
  19.41270876 19.90280179 19.70819322 19.15936514 19.5172816  19.54023266
  19.35057076 20.14965023 19.24392115 19.48873071 19.98839436 19.71285502
  19.92526809 19.83631881 19.33336822 19.89971622 19.57105828 19.3631091
  19.9372599  19.78537163 19.59446952 19.52534294 19.41183292 19.32180036
  19.1318972  19.74820125 29.04320829 19.4275062  19.1361517  19.5844829
  19.95822439 19.66800231 19.65816071 19.89225008 19.26461505 19.35428043
  19.23587553 19.91207848]
[20.36214956 19.7578896  20.46103836 19.39786619 19.5557248  20.28646668
  20.20463506 20.11489513 19.96915476 19.66215253 19.77761107 19.93445939
  19.72583786 20.32074904 20.26696566 19.46321927 19.80776893 19.80269898
  19.74961346 20.43357787 19.77258839 19.72083128 20.18328057 20.25861903
  20.1437398  19.99741717 19.84729475 19.96995827 19.68818041 19.44558338
  19.98752759 20.51657013 19.88601716 20.1190768  19.95387468 19.94760309
  19.37705723 20.01566199 19.4275062  29.5066701  19.60709917 19.87285483
  20.52184376 19.70641314 19.86023726 20.31235905 20.0398202  19.93936628
  19.56853472 19.93122071]
[20.05789587 19.75218702 20.11670884 19.39571946 19.41094793 20.01947884
  20.07871609 19.50316766 19.81010523 19.59421973 19.77064527 20.04755656
  19.74320155 20.10102995 19.79654804 19.25191108 19.71716009 19.3193465
  19.65108579 20.16198894 19.96316773 19.64249004 20.27350785 19.80139234
  19.94600051 20.21293011 19.39419495 19.67245415 19.07282898 19.56796902
  20.07510655 19.73638353 19.9652792  19.66620562 20.18374269 19.90650145
  19.31444494 19.66696449 19.1361517  19.60709917 29.30340638 19.70275987
  20.37105646 19.66664879 19.65520506 20.20145069 19.61016462 19.66938038
  19.4534974  19.78738567]
[20.33034229 20.05001119 20.48219598 19.57226433 19.53886519 20.05019358
  19.90158326 19.7269135  20.12725979 19.68001232 19.83619136 20.27100574
  20.1831787  20.22768422 19.93780689 19.80251998 19.7925643  19.83874975
  19.77297191 19.90549085 19.87617034 19.97337122 19.88456105 20.05657119
  19.56010212 20.30703557 19.69804827 19.96064099 19.4621277  19.45600058
  20.37681253 20.30891749 20.28588404 20.15808021 20.1160967  19.78349957
  19.76056268 20.34811806 19.5844829  19.87285483 19.70275987 29.76022718
  20.71275046 19.7267851  19.98094412 20.35244853 19.70609152 19.77002201
  19.27869872 19.92604388]
[20.54337628 20.0606022  20.50830855 19.95541506 19.86419636 20.51903571
  20.15512221 20.46647582 20.36821868 19.7476966  19.99177688 20.72741397
  20.45551492 20.54334551 20.15885009 20.07816286 20.1683903  19.8808939
  19.790499   20.59560005 20.22841593 20.09904924 20.59121117 20.34134316
  20.13647253 20.56914167 20.09077335 20.48563424 20.15187632 19.94796873
  20.70469234 20.5868657  20.53572392 20.00630749 20.16662602 20.33457744
  20.05705071 20.12026526 19.95822439 20.52184376 20.37105646 20.71275046
  30.19530951 19.81332592 20.29218925 20.54900411 19.93221842 20.26638377
  19.930768   20.61546332]
[20.07535487 19.56987987 19.92169173 19.41911608 19.22229245 20.08879343
  19.59498405 19.98269171 19.56156262 19.70641084 19.30856356 19.76678811
  19.75446165 20.05122799 19.48504787 19.36879436 19.56469599 19.04297292
  19.64056215 20.36237571 19.54900043 19.76206801 19.84410348 20.01760259
  20.08059965 19.87498805 19.53345413 19.79296257 19.25120428 19.17921825
  19.96931083 19.82516289 19.62869975 19.5765478  19.88589562 19.62619104
  19.68645843 19.71528196 19.66800231 19.70641314 19.66664879 19.7267851
  19.81332592 29.40026588 19.98379959 20.26768734 19.58622302 19.45070453
  19.31861312 20.34349537]
[20.28525514 19.97337399 20.50740831 20.02211311 19.77067057 20.48527378
  20.11301639 20.19140738 20.13964787 20.12392496 19.60671964 20.08799063
  19.88214653 20.70119705 19.97244491 19.93103104 19.85177326 19.95485323
  20.06341924 20.66907405 19.76905456 19.98768919 20.23508725 19.83762931
  19.81294979 20.36840684 19.54543199 20.51987331 19.88202945 19.41009345
  20.34378019 20.3011694  20.45511336 20.22603005 20.28085482 19.92639832
  20.08214777 20.28267636 19.65816071 19.86023726 19.65520506 19.98094412
  20.29218925 19.98379959 29.74248351 20.51000941 20.03019809 19.82633045
  19.96798558 20.53717016]
[20.91485185 20.70175723 20.85100796 20.40207691 19.99635038 20.74724663
  20.59841072 20.25167497 20.54209997 20.59571208 20.40283291 20.73393848
  20.28241395 20.87623651 20.68139603 19.8914189  20.05522896 19.93998972
  20.24510311 20.72712105 20.42397782 20.83115471 20.55246819 20.55065812
  20.73613367 20.72031158 20.29629106 20.61294243 20.25650268 20.16638003
  21.05981921 20.56954151 21.00478652 20.13364891 20.66529863 20.29306116
  20.51640094 20.65643671 19.89225008 20.31235905 20.20145069 20.35244853
  20.54900411 20.26768734 20.51000941 30.14708668 20.03787054 20.64139022
  19.97424762 20.8296427 ]
[20.08527493 19.78845266 20.38192991 19.64452107 19.45000742 19.93298351
  20.22812594 19.81368208 19.69523495 19.60260439 19.72832698 20.01389501
  19.24773416 20.21164271 19.86690103 19.28605744 19.32201038 19.69879223
  19.65871527 20.08883125 19.22589061 19.19492991 19.70510534 19.80967651
  19.55578591 19.93294165 19.35232692 19.95464373 19.81858327 19.15022271
  19.9075828  20.23225862 20.06216296 19.80609369 20.01704083 19.49305973
  19.65984088 19.77637988 19.26461505 20.0398202  19.61016462 19.70609152
  19.93221842 19.58622302 20.03019809 20.03787054 29.50831244 19.37792855
  19.55638052 19.70287526]
[20.24637081 20.04282816 20.40507662 19.61959037 19.34289945 20.16873094
  20.32953424 19.58296286 20.16106607 19.65627009 20.10315483 20.30022909
  19.68980279 20.35867713 19.80945058 19.57984151 19.73092617 19.47814679
  19.41144394 20.33098343 19.81265946 19.91199271 20.06346067 19.73172365
  19.8892942  20.11945471 19.63367328 20.33190724 19.5876906  19.62397519
  19.93812868 20.19771962 20.12848763 20.33388653 19.86269196 19.76852389
  19.76105196 19.53666072 19.35428043 19.93936628 19.66938038 19.77002201
  20.26638377 19.45070453 19.82633045 20.64139022 19.37792855 28.81933565
  19.56226539 20.31385658]
[19.86044117 19.47832987 20.24147433 19.12071427 19.1450011  19.97310033
  19.4195205  19.35464568 19.607536   19.4870745  19.03917116 19.87754868
  19.19492504 19.70763473 19.24564554 19.31029306 19.6056798  19.18560831
  18.85779646 19.90036469 19.51657507 19.50386888 19.93391948 19.59242877
  19.62327404 19.85958307 19.28398151 19.56203362 19.34649062 19.34122577
  20.04237716 19.3202387  19.8428654  19.57562259 19.65892936 19.27812483
  19.76063452 19.84799224 19.23587553 19.56853472 19.4534974  19.27869872
  19.930768   19.31861312 19.96798558 19.97424762 19.55638052 19.56226539
  29.45805468 19.97950047]
[20.5273403  20.41613279 20.36927798 19.69236459 20.0632726  20.44610818
  20.41720723 20.27917986 20.2925166  20.07097928 19.94893365 20.68898817
  20.19909749 20.52343382 20.08327385 19.84394155 20.28332932 19.93681906
  20.1966513  20.78124799 19.81573693 20.26375208 20.3676809  20.11039941
  20.24510159 20.88012843 20.01293051 20.32219511 19.82786406 19.94365765
  20.83521002 20.27074166 20.21762776 20.45596976 20.26496688 20.22455822
  20.29406687 20.31158858 19.91207848 19.93122071 19.78738567 19.92604388
  20.61546332 20.34349537 20.53717016 20.8296427  19.70287526 20.31385658
  19.97950047 30.29954683]
]