5933
50
10
30.127226776322765

[0.04060007 0.06600673 0.03918778 0.06506592 0.06712183 0.0489899
 0.08276005 0.0992873  0.02492067 0.07013946 0.07070657 0.03830824
 0.03632829 0.09968607 0.09436224 0.08722081 0.08000063 0.02960264
 0.05646    0.04932568 0.03417576 0.09539616 0.08729321 0.03506459
 0.04005207 0.07580918 0.08760314 0.03702358 0.08271877 0.0433341
 0.06709792 0.05900796 0.06986908 0.05605409 0.03766552 0.05314647
 0.07982095 0.06534572 0.06731614 0.08370865 0.09437981 0.05481222
 0.03673195 0.03666664 0.02321619 0.06617202 0.09784528 0.02155804
 0.08598474 0.02520638]

[[29.78149527 19.80343831 19.97643504 19.67765959 19.65508531 20.06498047
  19.97855296 19.51561979 20.01498676 20.23446514 19.95949489 19.91834271
  19.49841226 20.04855979 19.3910952  19.76879703 19.79869362 20.35569023
  19.74427766 19.67749308 19.49207236 20.56042754 19.71443108 19.97555198
  19.84736641 19.26319889 20.36941836 19.66587563 20.08905    19.87491405
  20.4905182  19.41495231 19.62549484 18.96941744 19.90559328 20.09308295
  19.51725158 20.58241612 19.48713    20.04599847 20.15527818 20.03107329
  19.39943336 20.02190031 20.14518704 20.00127985 20.00897612 19.79349447
  20.38497387 20.44318476]
[19.80343831 30.4468746  20.06525298 19.82416062 19.99188247 19.70137457
  19.82943389 19.8603495  20.33656523 20.30507589 20.23447867 19.94438431
  19.75738706 19.91805121 19.55678513 19.92604211 19.91902753 20.37293801
  20.05449239 20.00031799 19.68751388 20.34415006 20.10770395 19.96733217
  20.72910203 19.54476416 20.43478106 19.8095597  20.56959465 19.74897568
  20.71066252 19.91111884 19.52904892 19.5510753  19.66385047 20.57319542
  19.67559566 20.49599206 19.79705079 20.22078133 19.97835504 20.01697667
  20.21847499 20.01644944 20.21963218 20.4135337  19.65225139 20.01140164
  20.41804492 20.75840706]
[19.97643504 20.06525298 29.81768042 19.87447546 20.10692046 20.13352399
  20.11632881 19.6611257  20.3045291  20.11694634 20.02221201 19.98005932
  19.97262665 20.17179357 19.57411694 20.02173194 20.03754856 20.53709626
  19.90479965 19.68714447 20.00364452 20.47122044 20.09681096 20.2059675
  20.42061602 19.80313322 20.43299267 20.14476095 20.12483046 19.79269926
  20.62558997 20.31999871 20.04429644 19.43428268 19.6118773  20.54105912
  19.67433632 20.86671147 19.97955658 20.75181007 20.08071732 20.31941587
  19.84493276 20.66511389 19.9411903  20.22271014 20.05726836 19.74426215
  20.05454226 20.67244708]
[19.67765959 19.82416062 19.87447546 29.63198093 19.63770208 19.31582258
  19.90331592 19.41832694 19.75224185 19.69099112 19.57933903 19.4988103
  19.64954487 19.73738074 19.22535026 19.50280856 19.46383986 19.87418287
  19.77228108 19.49371913 19.35672553 20.13875685 19.51547576 19.74132569
  19.95181478 19.48826219 19.61745678 19.39257999 19.63061816 19.31691922
  20.15771848 19.68618286 19.66379845 18.814859   19.56509113 20.13493582
  19.41645121 20.07569196 19.40570057 20.10435944 19.93440753 19.666762
  19.49099358 20.13042968 19.63507092 19.51820241 19.7330513  19.50563605
  20.05655847 20.28378622]
[19.65508531 19.99188247 20.10692046 19.63770208 29.26167136 20.00247777
  19.48628642 19.68648038 20.49919472 19.76700593 19.68711205 19.75532223
  20.01247083 19.90385841 19.49869047 20.11811352 20.19003052 20.34669353
  19.95356409 19.59677617 19.65215923 20.40185446 20.00886714 19.7028418
  20.74535091 19.39634941 20.20160253 19.99578519 19.81204102 20.29612796
  20.85096618 20.04294397 19.89634604 19.1477343  19.83457221 20.44766774
  19.42244918 20.0761534  19.87942853 20.46930569 19.95877785 20.1338415
  19.81768831 20.03849484 20.21153052 19.96475815 20.15769803 19.57606725
  20.17663641 20.47277517]
[20.06498047 19.70137457 20.13352399 19.31582258 20.00247777 29.2900662
  20.14124295 19.07430537 19.98191035 19.67232073 19.65376736 19.83986
  19.97352905 20.05396029 19.26690149 20.13503001 19.93505405 19.99839773
  19.77481841 19.44440817 19.22246788 20.15768273 19.60817884 20.05424887
  19.99014951 19.71491134 19.77344173 19.52100869 20.01592677 19.80621035
  20.54081255 19.95480279 19.42184707 19.25401776 19.25727442 20.24657628
  19.34638605 20.23600588 19.33434256 19.9942679  19.44986348 19.80056429
  19.69123236 19.87812393 20.11283333 19.6764694  19.84171876 19.19614769
  20.41194859 19.98742904]
[19.97855296 19.82943389 20.11632881 19.90331592 19.48628642 20.14124295
  29.43280588 19.97327362 20.31638293 19.82064681 19.97700207 19.87190817
  20.10362886 19.74745244 19.25011375 19.79325369 20.02871959 19.93008668
  19.92862955 19.5877014  19.8566324  20.26077383 19.60681058 19.82485999
  20.48296016 19.8753897  19.72559614 19.69529862 20.14714119 19.77785813
  20.09133913 19.93685468 19.77086996 19.07394966 19.44133763 20.60243567
  19.39953035 20.02892384 19.61439672 20.44607129 20.01690455 19.83530956
  19.78424788 20.48403929 20.10638191 19.85533961 19.96068633 19.67846663
  20.02418625 20.50202126]
[19.51561979 19.8603495  19.6611257  19.41832694 19.68648038 19.07430537
  19.97327362 29.79019318 19.82725176 20.00172707 19.85934741 19.61001625
  19.84782771 19.63679291 19.40547062 19.83193861 19.85257391 20.33319667
  19.69493218 20.17367636 19.19023768 20.0171321  19.67136717 19.39328857
  20.16080941 19.4165156  20.26566535 19.53377019 19.92398806 19.99592796
  20.55477808 20.39329598 19.884145   18.92955175 19.7234532  20.29973937
  19.67371629 20.24152672 19.36265898 19.91047375 19.684707   19.85805464
  19.66721812 20.0910966  19.92283864 19.79514105 20.2572197  19.75611016
  19.97977426 20.60318008]
[20.01498676 20.33656523 20.3045291  19.75224185 20.49919472 19.98191035
  20.31638293 19.82725176 29.83059537 20.3747774  19.9889139  20.03438737
  20.20117031 20.09443916 19.85125375 20.17157462 20.28034647 20.63164861
  19.86469996 20.09098588 19.92057383 20.41379003 20.50701313 20.35717009
  20.40686594 19.83586507 20.36343892 20.03755025 20.32990979 20.09569236
  20.88661523 20.12144299 19.85752657 19.07277965 20.03766401 20.6599899
  20.05505799 20.4510514  19.74672452 20.41070941 20.01882365 20.07554698
  19.99422864 20.39218671 20.46792562 19.6960732  20.49630512 19.6935403
  20.38404781 20.65909985]
[20.23446514 20.30507589 20.11694634 19.69099112 19.76700593 19.67232073
  19.82064681 20.00172707 20.3747774  30.1092777  20.12399836 19.94262895
  19.74962868 19.92972194 19.55069383 20.05774398 19.92790713 20.09121906
  19.84181331 19.76221389 19.97935576 20.24446732 20.37269663 20.17812074
  20.68771508 19.85524886 20.53033641 19.89604979 19.99078174 19.86119631
  20.4707463  20.54508698 19.43265768 19.46737119 20.02690407 20.46657839
  19.69194047 20.33867213 19.67122813 20.36959806 19.97819158 20.09537436
  19.6455136  20.05993074 20.13031068 20.1738999  20.07049145 19.70645942
  20.48454344 20.67206597]
[19.95949489 20.23447867 20.02221201 19.57933903 19.68711205 19.65376736
  19.97700207 19.85934741 19.9889139  20.12399836 29.5704561  19.59719263
  19.8234757  19.95172185 19.57018951 19.58630826 20.00517104 20.22712957
  20.08127569 19.71587057 19.60656668 20.53451784 19.79845387 19.8557147
  20.3641198  19.74381718 19.80598144 19.326539   19.73836524 19.66982334
  20.70551966 19.65659546 19.53736599 19.50792828 19.4321222  19.96688519
  19.09146718 20.61583871 19.577034   20.11508259 19.68121944 19.48220783
  19.65432394 20.06549394 19.96795269 19.87196075 19.63027896 19.31895081
  20.32345405 20.5406874 ]
[19.91834271 19.94438431 19.98005932 19.4988103  19.75532223 19.83986
  19.87190817 19.61001625 20.03438737 19.94262895 19.59719263 29.19841686
  20.11101268 19.79306927 19.10457404 19.51645885 19.96958864 20.09714083
  19.87978984 19.60771442 19.2546112  20.00256891 19.8205825  19.97463497
  20.33123026 19.47614461 20.20542909 19.71680804 19.8307599  19.91836066
  20.43651834 20.00307428 19.22266057 19.27033536 19.80941402 20.73563519
  19.61853821 20.43690333 19.47357859 20.1228329  19.55162809 20.13325099
  19.47316661 20.10574981 19.97911267 19.69915046 20.07104545 19.60227092
  20.31536633 20.54765797]
[19.49841226 19.75738706 19.97262665 19.64954487 20.01247083 19.97352905
  20.10362886 19.84782771 20.20117031 19.74962868 19.8234757  20.11101268
  29.85191928 19.82076884 19.3466316  19.52807228 20.04872369 20.47808361
  19.68238204 19.57732361 19.50509911 20.17686862 19.68816094 20.01532211
  20.2823659  19.56269138 20.42031762 19.55441596 19.98565564 20.10607993
  20.45820304 19.88002716 19.55408713 19.06086075 19.72282564 20.40796478
  19.57134683 20.07497738 19.97944452 20.52352542 19.80025057 19.50240928
  19.86049119 20.17459746 20.13848257 19.84976064 20.23372365 19.79630613
  20.35525052 20.47699795]
[20.04855979 19.91805121 20.17179357 19.73738074 19.90385841 20.05396029
  19.74745244 19.63679291 20.09443916 19.92972194 19.95172185 19.79306927
  19.82076884 29.61981891 19.38119247 19.84727307 19.75260847 20.16877841
  19.66798047 19.7721467  19.74653268 20.00601868 19.91864378 20.10171935
  20.05693748 19.39563319 19.90945538 19.47170123 19.99178897 19.32589503
  20.55655077 20.01565641 19.49494899 19.10101454 19.55997181 20.15570644
  19.65706952 19.87593458 19.87328063 19.82004169 20.14123788 20.01546982
  19.80724029 19.85082596 19.97679302 19.78176244 19.785025   19.2149386
  20.23470547 20.22949469]
[19.3910952  19.55678513 19.57411694 19.22535026 19.49869047 19.26690149
  19.25011375 19.40547062 19.85125375 19.55069383 19.57018951 19.10457404
  19.3466316  19.38119247 28.86954281 19.48376738 19.47726409 19.67517206
  19.77566556 19.25556084 19.1089032  19.71641882 19.51436807 19.92239045
  19.80908069 19.377221   19.50634768 19.32627322 19.74807434 19.30927861
  19.54798136 19.4584837  19.2889781  18.83432019 19.44110278 19.79975976
  19.0950158  19.64486386 19.04533447 19.95199462 19.74152811 19.74105118
  19.22957903 19.77000482 19.40569114 19.73362459 19.22545842 18.95540408
  19.85059212 19.88205342]
[19.76879703 19.92604211 20.02173194 19.50280856 20.11811352 20.13503001
  19.79325369 19.83193861 20.17157462 20.05774398 19.58630826 19.51645885
  19.52807228 19.84727307 19.48376738 29.50781045 19.73560707 19.89019374
  19.68708754 19.47511597 19.32724225 20.20660086 19.95895711 19.97534512
  19.91269905 19.22113725 20.07023596 19.5419761  19.93211659 19.69652926
  20.7472065  20.15797366 19.51126154 19.16139981 19.39673423 20.166933
  19.96781607 19.74810328 19.42773621 19.99487763 19.82337584 19.71054881
  19.42330229 19.51957662 19.97699974 19.8946236  19.93060417 19.47445747
  20.16994635 19.97661178]
[19.79869362 19.91902753 20.03754856 19.46383986 20.19003052 19.93505405
  20.02871959 19.85257391 20.28034647 19.92790713 20.00517104 19.96958864
  20.04872369 19.75260847 19.47726409 19.73560707 29.82984247 19.97833284
  20.2116893  19.6523362  19.74675141 20.68728461 19.6058199  20.50603614
  20.20168249 19.72598187 20.07325443 19.7202104  19.99842676 19.668019
  20.82459921 20.07969141 19.90459406 19.34460974 20.05466132 20.48273946
  19.7282557  20.41870945 19.58109513 20.16743235 19.74126068 20.15655974
  19.66336661 20.1803397  20.07273596 19.99310951 19.74662279 19.70887284
  20.0337973  20.45840463]
[20.35569023 20.37293801 20.53709626 19.87418287 20.34669353 19.99839773
  19.93008668 20.33319667 20.63164861 20.09121906 20.22712957 20.09714083
  20.47808361 20.16877841 19.67517206 19.89019374 19.97833284 29.94827278
  20.42666051 19.92948481 20.03213872 20.44141363 20.039842   20.27955398
  20.54266753 19.8044052  20.43099234 20.29933934 20.23179201 20.19040907
  20.70703104 20.38948832 19.76408417 19.54516254 19.94459531 20.57840797
  19.58538658 20.69034014 19.86373834 20.25728313 19.88247602 20.21648277
  19.92326238 20.4005674  20.11833914 20.00535033 20.26545812 19.73930773
  20.03282978 20.51256778]
[19.74427766 20.05449239 19.90479965 19.77228108 19.95356409 19.77481841
  19.92862955 19.69493218 19.86469996 19.84181331 20.08127569 19.87978984
  19.68238204 19.66798047 19.77566556 19.68708754 20.2116893  20.42666051
  29.39792728 19.66467523 19.51994857 20.07589341 20.00950289 19.93996269
  20.36149053 19.76935441 20.41992625 19.51403738 19.7194263  19.67570448
  20.30883268 19.90158901 19.55130588 19.50886522 19.74953344 20.26465327
  19.75398486 20.55410276 19.44417007 20.2979019  19.90938119 20.10613658
  19.97129288 19.91700704 19.97497089 19.64856982 19.72236724 19.74679002
  20.10697576 20.05691004]
[19.67749308 20.00031799 19.68714447 19.49371913 19.59677617 19.44440817
  19.5877014  20.17367636 20.09098588 19.76221389 19.71587057 19.60771442
  19.57732361 19.7721467  19.25556084 19.47511597 19.6523362  19.92948481
  19.66467523 29.49408254 19.54227656 20.13572261 19.73168821 19.88832231
  19.94636081 19.13180191 19.92524362 19.79111581 19.90849229 19.6476453
  20.41792344 20.0837756  19.5711424  18.96379907 19.96768138 20.3871718
  19.56935494 20.02729237 19.46402793 20.03232621 19.93106049 19.61317251
  19.66242551 19.79683094 19.96053209 19.52029677 19.73490914 19.37522622
  19.93857147 20.27556817]
[19.49207236 19.68751388 20.00364452 19.35672553 19.65215923 19.22246788
  19.8566324  19.19023768 19.92057383 19.97935576 19.60656668 19.2546112
  19.50509911 19.74653268 19.1089032  19.32724225 19.74675141 20.03213872
  19.51994857 19.54227656 29.23059297 20.14786818 19.7654903  19.65007391
  19.92591346 19.27613458 19.89305952 19.60146215 19.73817527 19.36287003
  19.94553638 19.62737545 19.07634    19.05607724 19.20528598 19.57939321
  19.03967128 19.97367074 19.52796321 19.95413875 19.92119183 19.45273451
  19.54093406 19.92648744 20.30287308 19.72408279 19.48338018 19.13557109
  19.43730125 20.1629192 ]
[20.56042754 20.34415006 20.47122044 20.13875685 20.40185446 20.15768273
  20.26077383 20.0171321  20.41379003 20.24446732 20.53451784 20.00256891
  20.17686862 20.00601868 19.71641882 20.20660086 20.68728461 20.44141363
  20.07589341 20.13572261 20.14786818 29.93760021 20.22252626 20.09712855
  20.74933186 19.94979117 20.33441574 19.94325755 20.13800822 20.37298238
  20.77360535 20.13352613 20.11783864 19.5728256  19.84502017 20.52483609
  19.6579403  20.2500201  20.0566513  20.48236335 20.25161608 20.27504357
  19.54137805 20.4651783  20.57920568 20.04007471 20.34073128 19.90638197
  20.61111358 20.92259245]
[19.71443108 20.10770395 20.09681096 19.51547576 20.00886714 19.60817884
  19.60681058 19.67136717 20.50701313 20.37269663 19.79845387 19.8205825
  19.68816094 19.91864378 19.51436807 19.95895711 19.6058199  20.039842
  20.00950289 19.73168821 19.7654903  20.22252626 30.07758194 19.74668167
  20.25261228 19.57711493 20.13890599 19.65282556 19.89348156 19.64285692
  20.53461378 20.39755134 19.46951678 19.22499514 19.3965926  20.0428658
  19.38179784 19.72099655 19.6550707  20.32841691 20.20318365 20.2259561
  19.96426056 19.81531666 20.24561231 19.60790831 20.02993718 19.40541072
  20.1101078  20.18307831]
[19.97555198 19.96733217 20.2059675  19.74132569 19.7028418  20.05424887
  19.82485999 19.39328857 20.35717009 20.17812074 19.8557147  19.97463497
  20.01532211 20.10171935 19.92239045 19.97534512 20.50603614 20.27955398
  19.93996269 19.88832231 19.65007391 20.09712855 19.74668167 30.52286445
  20.60502169 19.57087074 20.2310385  19.79181943 19.85694319 20.00317359
  20.40367376 20.08751034 19.47809115 19.54699047 19.90945831 20.72261496
  19.52605251 20.5861944  20.09178453 20.53149999 19.96067545 19.71287794
  19.63931646 20.15550368 20.01256092 19.90065999 20.2992832  19.6770876
  20.39776985 20.55714591]
[19.84736641 20.72910203 20.42061602 19.95181478 20.74535091 19.99014951
  20.48296016 20.16080941 20.40686594 20.68771508 20.3641198  20.33123026
  20.2823659  20.05693748 19.80908069 19.91269905 20.20168249 20.54266753
  20.36149053 19.94636081 19.92591346 20.74933186 20.25261228 20.60502169
  31.08086345 19.95980183 20.67990035 20.21346333 20.35016111 20.41110472
  20.9412455  20.55245658 20.21233024 19.69157625 20.0273859  20.39052319
  20.22224237 20.42243084 19.86757961 20.87495356 20.50876599 20.25532997
  20.2036177  20.67179631 20.52342351 20.25482079 20.11681986 19.88628267
  20.69128992 20.79430507]
[19.26319889 19.54476416 19.80313322 19.48826219 19.39634941 19.71491134
  19.8753897  19.4165156  19.83586507 19.85524886 19.74381718 19.47614461
  19.56269138 19.39563319 19.377221   19.22113725 19.72598187 19.8044052
  19.76935441 19.13180191 19.27613458 19.94979117 19.57711493 19.57087074
  19.95980183 28.97093049 19.89958187 19.37804861 19.6097547  19.24516697
  20.04314488 19.68417119 19.64544527 18.83199215 19.38506969 20.2638809
  19.57878057 19.96339219 19.30183084 19.7706451  19.7311183  19.55628576
  19.4050595  19.80047476 19.36223505 19.3809709  18.95691563 19.1086442
  19.93536241 20.12746497]
[20.36941836 20.43478106 20.43299267 19.61745678 20.20160253 19.77344173
  19.72559614 20.26566535 20.36343892 20.53033641 19.80598144 20.20542909
  20.42031762 19.90945538 19.50634768 20.07023596 20.07325443 20.43099234
  20.41992625 19.92524362 19.89305952 20.33441574 20.13890599 20.2310385
  20.67990035 19.89958187 30.0663519  20.38112591 20.13917224 20.30048761
  20.77231881 20.38391046 19.88915532 19.36072352 20.06346855 20.47896971
  19.81392226 20.53980952 19.97155491 20.1998454  20.38447178 20.00176668
  20.05344604 20.63937433 20.37499847 20.35494825 20.23808439 19.7767879
  20.55659679 20.678306  ]
[19.66587563 19.8095597  20.14476095 19.39257999 19.99578519 19.52100869
  19.69529862 19.53377019 20.03755025 19.89604979 19.326539   19.71680804
  19.55441596 19.47170123 19.32627322 19.5419761  19.7202104  20.29933934
  19.51403738 19.79111581 19.60146215 19.94325755 19.65282556 19.79181943
  20.21346333 19.37804861 20.38112591 29.23342491 19.83668821 19.70506135
  20.19158711 19.86800891 19.5189033  19.32313925 19.54227203 20.40141553
  19.42198258 20.30636965 19.48282485 20.35322057 19.46319873 19.50611485
  19.45535215 20.06324181 19.65347209 19.72602751 19.7542769  19.76051007
  19.77241459 20.29621702]
[20.08905    20.56959465 20.12483046 19.63061816 19.81204102 20.01592677
  20.14714119 19.92398806 20.32990979 19.99078174 19.73836524 19.8307599
  19.98565564 19.99178897 19.74807434 19.93211659 19.99842676 20.23179201
  19.7194263  19.90849229 19.73817527 20.13800822 19.89348156 19.85694319
  20.35016111 19.6097547  20.13917224 19.83668821 29.90066889 19.84204962
  20.63671343 19.63435702 19.37506271 19.05975725 19.71810106 20.37221536
  19.5802414  20.06058234 19.37033549 20.46404581 20.25543317 20.18478435
  19.95970412 20.07937528 20.06613597 19.97964682 20.25993043 19.6696473
  20.28250748 20.43202038]
[19.87491405 19.74897568 19.79269926 19.31691922 20.29612796 19.80621035
  19.77785813 19.99592796 20.09569236 19.86119631 19.66982334 19.91836066
  20.10607993 19.32589503 19.30927861 19.69652926 19.668019   20.19040907
  19.67570448 19.6476453  19.36287003 20.37298238 19.64285692 20.00317359
  20.41110472 19.24516697 20.30048761 19.70506135 19.84204962 29.45391873
  20.3448557  20.09540458 19.66398938 19.05342253 20.01072803 20.09412067
  19.30207408 20.34215137 19.16167181 19.81261303 19.59481329 19.84325356
  19.70147763 19.96065464 20.08355448 19.93130665 20.20838158 19.70248059
  20.26864144 20.32429594]
[20.4905182  20.71066252 20.62558997 20.15771848 20.85096618 20.54081255
  20.09133913 20.55477808 20.88661523 20.4707463  20.70551966 20.43651834
  20.45820304 20.55655077 19.54798136 20.7472065  20.82459921 20.70703104
  20.30883268 20.41792344 19.94553638 20.77360535 20.53461378 20.40367376
  20.9412455  20.04314488 20.77231881 20.19158711 20.63671343 20.3448557
  31.03787052 20.54249609 20.14040734 19.28493899 20.28167154 21.11754616
  20.00052728 20.70500909 19.95331704 20.87734816 20.3960193  20.08735275
  20.4694193  20.42402546 20.69598106 20.40882362 20.61595962 20.16232401
  20.69425194 20.89834773]
[19.41495231 19.91111884 20.31999871 19.68618286 20.04294397 19.95480279
  19.93685468 20.39329598 20.12144299 20.54508698 19.65659546 20.00307428
  19.88002716 20.01565641 19.4584837  20.15797366 20.07969141 20.38948832
  19.90158901 20.0837756  19.62737545 20.13352613 20.39755134 20.08751034
  20.55245658 19.68417119 20.38391046 19.86800891 19.63435702 20.09540458
  20.54249609 29.89326045 20.01660647 19.25933047 19.87990058 20.5208607
  19.5035941  20.09129913 19.72807222 20.1025424  19.92427105 19.78860553
  20.09016883 20.24971859 19.96679556 19.67933641 20.25734309 19.63887896
  20.06760498 20.27199381]
[19.62549484 19.52904892 20.04429644 19.66379845 19.89634604 19.42184707
  19.77086996 19.884145   19.85752657 19.43265768 19.53736599 19.22266057
  19.55408713 19.49494899 19.2889781  19.51126154 19.90459406 19.76408417
  19.55130588 19.5711424  19.07634    20.11783864 19.46951678 19.47809115
  20.21233024 19.64544527 19.88915532 19.5189033  19.37506271 19.66398938
  20.14040734 20.01660647 29.41196736 18.61313278 19.21694488 20.0219596
  19.68412247 19.92133826 19.3275351  20.13458392 19.66062117 19.73272373
  19.64482952 19.63402604 20.27047796 19.68513524 19.50175756 19.06194888
  20.03498654 19.96461334]
[18.96941744 19.5510753  19.43428268 18.814859   19.1477343  19.25401776
  19.07394966 18.92955175 19.07277965 19.46737119 19.50792828 19.27033536
  19.06086075 19.10101454 18.83432019 19.16139981 19.34460974 19.54516254
  19.50886522 18.96379907 19.05607724 19.5728256  19.22499514 19.54699047
  19.69157625 18.83199215 19.36072352 19.32313925 19.05975725 19.05342253
  19.28493899 19.25933047 18.61313278 28.3519622  19.11555568 19.50397087
  18.59160444 19.51024693 19.13644093 19.59710732 19.08775756 19.7157614
  18.99143549 19.08932754 19.47398613 19.28735309 19.00157201 18.77932309
  19.69741217 19.66478325]
[19.90559328 19.66385047 19.6118773  19.56509113 19.83457221 19.25727442
  19.44133763 19.7234532  20.03766401 20.02690407 19.4321222  19.80941402
  19.72282564 19.55997181 19.44110278 19.39673423 20.05466132 19.94459531
  19.74953344 19.96768138 19.20528598 19.84502017 19.3965926  19.90945831
  20.0273859  19.38506969 20.06346855 19.54227203 19.71810106 20.01072803
  20.28167154 19.87990058 19.21694488 19.11555568 29.42709756 20.2188372
  19.35032916 19.93876063 19.24081892 19.80410675 19.89178079 19.97186685
  19.53377966 19.93786136 19.77132187 19.41066562 19.77574719 19.42853212
  19.7774493  20.00922183]
[20.09308295 20.57319542 20.54105912 20.13493582 20.44766774 20.24657628
  20.60243567 20.29973937 20.6599899  20.46657839 19.96688519 20.73563519
  20.40796478 20.15570644 19.79975976 20.166933   20.48273946 20.57840797
  20.26465327 20.3871718  19.57939321 20.52483609 20.0428658  20.72261496
  20.39052319 20.2638809  20.47896971 20.40141553 20.37221536 20.09412067
  21.11754616 20.5208607  20.0219596  19.50397087 20.2188372  31.01052169
  19.88268809 20.78352848 20.13915164 20.64848975 20.30644755 19.98907379
  20.05350438 20.49261908 20.4804511  20.32802686 20.54251719 19.94659371
  20.50099363 20.86096866]
[19.51725158 19.67559566 19.67433632 19.41645121 19.42244918 19.34638605
  19.39953035 19.67371629 20.05505799 19.69194047 19.09146718 19.61853821
  19.57134683 19.65706952 19.0950158  19.96781607 19.7282557  19.58538658
  19.75398486 19.56935494 19.03967128 19.6579403  19.38179784 19.52605251
  20.22224237 19.57878057 19.81392226 19.42198258 19.5802414  19.30207408
  20.00052728 19.5035941  19.68412247 18.59160444 19.35032916 19.88268809
  29.15983855 20.05094014 19.20359822 19.8157617  19.56344019 19.78320891
  19.51143403 20.08972296 19.44934397 19.52336764 19.84271118 19.09448369
  19.69613256 20.0025492 ]
[20.58241612 20.49599206 20.86671147 20.07569196 20.0761534  20.23600588
  20.02892384 20.24152672 20.4510514  20.33867213 20.61583871 20.43690333
  20.07497738 19.87593458 19.64486386 19.74810328 20.41870945 20.69034014
  20.55410276 20.02729237 19.97367074 20.2500201  19.72099655 20.5861944
  20.42243084 19.96339219 20.53980952 20.30636965 20.06058234 20.34215137
  20.70500909 20.09129913 19.92133826 19.51024693 19.93876063 20.78352848
  20.05094014 30.06027332 20.06766832 20.44354911 20.25882012 20.57856016
  19.88211429 20.67553714 20.44175526 20.01986197 20.11774318 20.06824503
  20.43879193 20.7434178 ]
[19.48713    19.79705079 19.97955658 19.40570057 19.87942853 19.33434256
  19.61439672 19.36265898 19.74672452 19.67122813 19.577034   19.47357859
  19.97944452 19.87328063 19.04533447 19.42773621 19.58109513 19.86373834
  19.44417007 19.46402793 19.52796321 20.0566513  19.6550707  20.09178453
  19.86757961 19.30183084 19.97155491 19.48282485 19.37033549 19.16167181
  19.95331704 19.72807222 19.3275351  19.13644093 19.24081892 20.13915164
  19.20359822 20.06766832 28.97898047 20.16858069 19.57280251 19.66215183
  19.60513793 19.69007632 19.56632791 19.487126   19.24597264 19.25656379
  19.75648262 20.15842745]
[20.04599847 20.22078133 20.75181007 20.10435944 20.46930569 19.9942679
  20.44607129 19.91047375 20.41070941 20.36959806 20.11508259 20.1228329
  20.52352542 19.82004169 19.95199462 19.99487763 20.16743235 20.25728313
  20.2979019  20.03232621 19.95413875 20.48236335 20.32841691 20.53149999
  20.87495356 19.7706451  20.1998454  20.35322057 20.46404581 19.81261303
  20.87734816 20.1025424  20.13458392 19.59710732 19.80410675 20.64848975
  19.8157617  20.44354911 20.16858069 30.64550163 20.27979913 20.39410883
  20.26738097 20.75830896 20.52846537 20.11771647 20.10164445 20.15794621
  20.68971178 20.67940449]
[20.15527818 19.97835504 20.08071732 19.93440753 19.95877785 19.44986348
  20.01690455 19.684707   20.01882365 19.97819158 19.68121944 19.55162809
  19.80025057 20.14123788 19.74152811 19.82337584 19.74126068 19.88247602
  19.90938119 19.93106049 19.92119183 20.25161608 20.20318365 19.96067545
  20.50876599 19.7311183  20.38447178 19.46319873 20.25543317 19.59481329
  20.3960193  19.92427105 19.66062117 19.08775756 19.89178079 20.30644755
  19.56344019 20.25882012 19.57280251 20.27979913 29.70894191 19.87016619
  19.66815786 19.96992157 19.88473232 19.66627468 19.76781241 19.43011414
  20.40027942 20.4969162 ]
[20.03107329 20.01697667 20.31941587 19.666762   20.1338415  19.80056429
  19.83530956 19.85805464 20.07554698 20.09537436 19.48220783 20.13325099
  19.50240928 20.01546982 19.74105118 19.71054881 20.15655974 20.21648277
  20.10613658 19.61317251 19.45273451 20.27504357 20.2259561  19.71287794
  20.25532997 19.55628576 20.00176668 19.50611485 20.18478435 19.84325356
  20.08735275 19.78860553 19.73272373 19.7157614  19.97186685 19.98907379
  19.78320891 20.57856016 19.66215183 20.39410883 19.87016619 29.75744121
  20.0407509  20.24650804 19.81757267 19.56639472 19.83566444 19.36832245
  20.02929655 20.48615197]
[19.39943336 20.21847499 19.84493276 19.49099358 19.81768831 19.69123236
  19.78424788 19.66721812 19.99422864 19.6455136  19.65432394 19.47316661
  19.86049119 19.80724029 19.22957903 19.42330229 19.66336661 19.92326238
  19.97129288 19.66242551 19.54093406 19.54137805 19.96426056 19.63931646
  20.2036177  19.4050595  20.05344604 19.45535215 19.95970412 19.70147763
  20.4694193  20.09016883 19.64482952 18.99143549 19.53377966 20.05350438
  19.51143403 19.88211429 19.60513793 20.26738097 19.66815786 20.0407509
  28.8115411  19.93738995 19.72998484 19.55145725 19.87079786 19.20373586
  19.97366372 20.22330455]
[20.02190031 20.01644944 20.66511389 20.13042968 20.03849484 19.87812393
  20.48403929 20.0910966  20.39218671 20.05993074 20.06549394 20.10574981
  20.17459746 19.85082596 19.77000482 19.51957662 20.1803397  20.4005674
  19.91700704 19.79683094 19.92648744 20.4651783  19.81531666 20.15550368
  20.67179631 19.80047476 20.63937433 20.06324181 20.07937528 19.96065464
  20.42402546 20.24971859 19.63402604 19.08932754 19.93786136 20.49261908
  20.08972296 20.67553714 19.69007632 20.75830896 19.96992157 20.24650804
  19.93738995 29.75840202 20.02484798 19.89824268 19.91322317 19.79260921
  20.16621421 21.01784156]
[20.14518704 20.21963218 19.9411903  19.63507092 20.21153052 20.11283333
  20.10638191 19.92283864 20.46792562 20.13031068 19.96795269 19.97911267
  20.13848257 19.97679302 19.40569114 19.97699974 20.07273596 20.11833914
  19.97497089 19.96053209 20.30287308 20.57920568 20.24561231 20.01256092
  20.52342351 19.36223505 20.37499847 19.65347209 20.06613597 20.08355448
  20.69598106 19.96679556 20.27047796 19.47398613 19.77132187 20.4804511
  19.44934397 20.44175526 19.56632791 20.52846537 19.88473232 19.81757267
  19.72998484 20.02484798 29.83125718 20.08573723 20.24290164 19.76033041
  20.37002145 20.33579247]
[20.00127985 20.4135337  20.22271014 19.51820241 19.96475815 19.6764694
  19.85533961 19.79514105 19.6960732  20.1738999  19.87196075 19.69915046
  19.84976064 19.78176244 19.73362459 19.8946236  19.99310951 20.00535033
  19.64856982 19.52029677 19.72408279 20.04007471 19.60790831 19.90065999
  20.25482079 19.3809709  20.35494825 19.72602751 19.97964682 19.93130665
  20.40882362 19.67933641 19.68513524 19.28735309 19.41066562 20.32802686
  19.52336764 20.01986197 19.487126   20.11771647 19.66627468 19.56639472
  19.55145725 19.89824268 20.08573723 29.5048519  19.95793928 19.24699219
  20.11889499 20.49162921]
[20.00897612 19.65225139 20.05726836 19.7330513  20.15769803 19.84171876
  19.96068633 20.2572197  20.49630512 20.07049145 19.63027896 20.07104545
  20.23372365 19.785025   19.22545842 19.93060417 19.74662279 20.26545812
  19.72236724 19.73490914 19.48338018 20.34073128 20.02993718 20.2992832
  20.11681986 18.95691563 20.23808439 19.7542769  20.25993043 20.20838158
  20.61595962 20.25734309 19.50175756 19.00157201 19.77574719 20.54251719
  19.84271118 20.11774318 19.24597264 20.10164445 19.76781241 19.83566444
  19.87079786 19.91322317 20.24290164 19.95793928 29.52870973 20.00952771
  20.62827168 20.22222665]
[19.79349447 20.01140164 19.74426215 19.50563605 19.57606725 19.19614769
  19.67846663 19.75611016 19.6935403  19.70645942 19.31895081 19.60227092
  19.79630613 19.2149386  18.95540408 19.47445747 19.70887284 19.73930773
  19.74679002 19.37522622 19.13557109 19.90638197 19.40541072 19.6770876
  19.88628267 19.1086442  19.7767879  19.76051007 19.6696473  19.70248059
  20.16232401 19.63887896 19.06194888 18.77932309 19.42853212 19.94659371
  19.09448369 20.06824503 19.25656379 20.15794621 19.43011414 19.36832245
  19.20373586 19.79260921 19.76033041 19.24699219 20.00952771 28.70697116
  19.89490134 20.2553964 ]
[20.38497387 20.41804492 20.05454226 20.05655847 20.17663641 20.41194859
  20.02418625 19.97977426 20.38404781 20.48454344 20.32345405 20.31536633
  20.35525052 20.23470547 19.85059212 20.16994635 20.0337973  20.03282978
  20.10697576 19.93857147 19.43730125 20.61111358 20.1101078  20.39776985
  20.69128992 19.93536241 20.55659679 19.77241459 20.28250748 20.26864144
  20.69425194 20.06760498 20.03498654 19.69741217 19.7774493  20.50099363
  19.69613256 20.43879193 19.75648262 20.68971178 20.40027942 20.02929655
  19.97366372 20.16621421 20.37002145 20.11889499 20.62827168 19.89490134
  30.08089233 20.87190513]
[20.44318476 20.75840706 20.67244708 20.28378622 20.47277517 19.98742904
  20.50202126 20.60318008 20.65909985 20.67206597 20.5406874  20.54765797
  20.47699795 20.22949469 19.88205342 19.97661178 20.45840463 20.51256778
  20.05691004 20.27556817 20.1629192  20.92259245 20.18307831 20.55714591
  20.79430507 20.12746497 20.678306   20.29621702 20.43202038 20.32429594
  20.89834773 20.27199381 19.96461334 19.66478325 20.00922183 20.86096866
  20.0025492  20.7434178  20.15842745 20.67940449 20.4969162  20.48615197
  20.22330455 21.01784156 20.33579247 20.49162921 20.22222665 20.2553964
  20.87190513 30.48237274]
]