6858
50
10
31.167931299887723

[0.03471948 0.06962892 0.05273415 0.04566384 0.09034022 0.05531083
 0.08182543 0.03556325 0.06248006 0.06737867 0.05677126 0.03734561
 0.03183364 0.05868687 0.07850654 0.04989848 0.071069   0.04137528
 0.07963636 0.02169677 0.02290078 0.08561193 0.04313627 0.04518449
 0.0732299  0.07714978 0.03552848 0.07972466 0.08754286 0.06684107
 0.08062484 0.09384782 0.06100349 0.09871791 0.0566356  0.07059179
 0.07074458 0.07718458 0.05636782 0.05154666 0.08311215 0.09797929
 0.03154698 0.09642984 0.08501386 0.09058741 0.08080673 0.04649409
 0.06553867 0.03676378]

[[30.33643961 20.23313266 20.43170925 20.47253982 20.44150812 20.57787296
  21.42368447 19.96415109 20.80057489 20.17560547 20.31792031 19.47877134
  20.92710028 20.73091671 20.33045617 20.19449405 20.1450435  19.84867422
  20.5866311  19.85936352 20.41060073 20.6094758  19.57225046 20.61764815
  20.2274029  20.9506152  20.46465711 20.43282281 20.08629682 20.39382374
  20.41630397 20.29706588 20.27466375 20.08179273 20.43786447 20.05706021
  20.07039688 20.29477854 20.34277066 19.70705687 20.30900304 20.48331313
  20.65153052 20.08253015 20.44772475 20.12839072 20.85440804 20.68055554
  20.11660169 20.36342824]
[20.23313266 29.38188111 20.25397189 19.9276982  20.03056815 20.25232586
  20.82935145 19.24727034 20.24714887 19.53291894 20.05964267 19.44501379
  20.32195942 20.12095017 20.37256491 19.94979484 20.21817481 19.7821789
  20.26107032 19.30480525 19.92778592 19.86206571 19.07701187 19.60259079
  19.88361301 20.64379023 19.9120059  19.70256653 19.79383472 19.89050374
  20.06867013 20.08255551 19.74905828 19.62761137 19.85296635 19.91849221
  19.83707647 20.00938775 20.2481614  19.18186051 19.87307971 20.39615058
  20.67381739 19.87103678 20.01223225 19.81480351 20.29124529 20.09471248
  20.17355591 19.81077542]
[20.43170925 20.25397189 29.90929701 20.2779933  20.67722877 20.54116946
  21.48471403 19.70624389 20.68299888 20.17924021 21.01988531 20.34056525
  21.16125667 20.5809433  20.93161323 20.00098387 20.32782689 20.43695859
  20.6314637  19.97022939 20.72499666 20.43529468 19.62344373 20.31604618
  19.80967899 20.8537525  20.68860931 20.13235351 20.2027594  20.41855161
  20.64252805 20.52505235 20.37509877 20.31601641 20.46859009 20.19261645
  20.582615   20.27231353 20.63151252 19.75177451 20.54765673 20.76289002
  21.01841361 20.21670566 20.38379008 20.23662825 20.66361952 20.76227419
  20.60907994 20.41836685]
[20.47253982 19.9276982  20.2779933  29.47736041 20.25347581 20.26268025
  21.22711981 19.95238403 20.07090508 19.90196111 20.25187701 19.33078646
  20.44000204 20.30529668 20.08472843 19.80405658 20.47314126 20.41952041
  20.51952685 19.66008228 20.19021871 19.74279167 19.51784401 20.24135589
  19.53054229 20.39500988 20.2190416  19.98733339 19.78186587 20.21708958
  20.11117464 20.27662423 20.06564491 20.04528638 20.2716971  19.86680701
  20.15259104 20.13193234 20.28532325 19.44460295 20.06830529 20.36922528
  20.72557621 20.15884075 20.29435164 20.01560383 20.09966086 20.28109742
  20.31671136 20.26255172]
[20.44150812 20.03056815 20.67722877 20.25347581 30.15137541 20.33746391
  20.82608555 19.9240209  20.4137002  20.72675131 20.0310211  19.56583322
  20.48380054 20.31739666 20.65170925 20.27250451 20.00607179 20.10523748
  20.57222106 19.82719913 20.2430599  20.41664936 19.37985981 20.59396082
  20.22191313 20.5065154  20.80055249 20.19856173 20.19023085 20.22811632
  20.34515554 20.21002444 20.39819442 20.18806702 20.4805075  20.31803534
  20.09633223 20.24401747 20.45989453 19.93914834 20.31452105 20.66886817
  20.94897283 20.64599589 20.55005976 19.92474779 20.47080817 20.33454509
  20.54138257 20.1130489 ]
[20.57787296 20.25232586 20.54116946 20.26268025 20.33746391 30.74234766
  21.53796076 20.15997755 20.46305857 20.23470724 20.72403115 19.72437874
  20.76273709 21.16752895 20.91402356 20.64661407 20.64266817 20.78566378
  20.75195546 20.37766594 20.9368464  20.27102752 20.07628558 20.72961189
  20.60515859 20.75659961 20.9892256  19.85622614 20.41137965 20.25609814
  20.40388919 20.34601304 20.36139784 20.29133579 20.2574911  20.26884078
  20.53177447 20.6822786  20.77356298 19.63458812 20.19225433 20.89459409
  20.8862178  20.17135113 20.65309369 20.20159355 20.80268329 20.90443914
  20.73962369 20.33401027]
[21.42368447 20.82935145 21.48471403 21.22711981 20.82608555 21.53796076
  31.89500286 20.66317615 21.10749202 21.24224925 21.17332954 20.55629684
  21.76432268 21.1739799  21.41862011 21.20241622 21.34390253 20.91835815
  21.55726692 20.76219886 21.2632449  21.03163087 20.84127886 21.65611646
  20.8213506  21.59472598 21.26863296 20.98702314 21.48652929 21.17885667
  21.54532772 21.44166765 20.98950432 20.74143615 21.17556072 20.76837996
  20.80073432 20.79095561 21.21616146 20.31556417 21.36265684 21.65214342
  21.24481901 21.23953151 21.29167177 20.74916002 20.94180014 21.4287227
  21.45025529 20.9954175 ]
[19.96415109 19.24727034 19.70624389 19.95238403 19.9240209  20.15997755
  20.66317615 29.24276756 19.71353255 19.21333767 19.94287879 19.0182179
  20.18310291 19.66087721 20.48600868 19.28404232 19.59141061 19.46584792
  19.93472443 19.28104301 19.80896659 19.73543499 19.43224818 19.41326711
  19.18293876 19.96853104 19.45414453 19.53163294 19.36646418 19.51327664
  20.06011349 19.48485862 19.69494016 19.79508205 19.45513778 19.63151215
  19.45578927 19.91536474 19.82226745 18.76313595 19.79476274 19.84201268
  19.96744864 19.29696322 20.22936078 19.74981994 20.00854386 19.95381324
  19.4336802  19.46647099]
[20.80057489 20.24714887 20.68299888 20.07090508 20.4137002  20.46305857
  21.10749202 19.71353255 30.30537481 19.87096621 20.53714321 19.65287163
  20.71989117 20.83144837 20.74795018 20.12770687 20.58724409 20.34107284
  20.29554793 20.35339142 20.65158153 20.02939594 19.43201734 20.21993768
  20.22799037 20.69736554 20.57692431 20.35397055 20.47654703 20.44501468
  20.75135411 20.43864157 20.16308166 20.60393444 20.50149144 20.28206855
  20.53753728 20.57244846 20.41890764 19.78071707 20.36005468 20.85950673
  21.03816595 20.01686284 20.05878349 20.43039178 20.44999135 20.83125393
  20.62605493 20.29433541]
[20.17560547 19.53291894 20.17924021 19.90196111 20.72675131 20.23470724
  21.24224925 19.21333767 19.87096621 29.10176085 20.05783342 19.4230644
  20.18798987 20.36347652 20.34991865 19.55646805 19.95427066 19.79834348
  20.15215663 19.46580404 20.0658844  19.89005162 19.18466768 19.8677357
  19.94879729 20.60185052 19.76009382 19.64606979 19.9768003  19.95759896
  19.88713741 19.85534918 19.84287571 19.82407275 19.66726821 20.05359018
  19.59976733 20.22495865 19.81988901 18.70264845 19.85120337 20.30121833
  20.51418391 19.97706837 19.92427137 19.58112721 19.92768755 20.2101643
  20.11784577 19.85876912]
[20.31792031 20.05964267 21.01988531 20.25187701 20.0310211  20.72403115
  21.17332954 19.94287879 20.53714321 20.05783342 29.85217527 19.57080518
  20.7297736  20.46507606 20.63463112 20.1078771  19.8731544  19.86635789
  20.05502556 19.69338923 20.26167879 20.03020559 19.77215198 20.64830175
  20.2194287  20.52625771 20.31241786 20.35943571 20.18712366 19.77356175
  20.32228601 20.06011025 19.9070355  19.71128124 20.41398779 20.12125377
  20.35941049 20.34579333 20.1769954  19.29577519 20.13829636 20.39828659
  20.82022051 20.27604686 20.54100746 20.16554144 20.07658823 20.16142965
  20.49316644 19.98097463]
[19.47877134 19.44501379 20.34056525 19.33078646 19.56583322 19.72437874
  20.55629684 19.0182179  19.65287163 19.4230644  19.57080518 28.61633639
  20.37332601 19.74265227 20.18773994 19.56420586 19.95570553 19.85573773
  19.92393883 19.05202281 19.98908587 19.37908292 18.71429765 19.86715912
  19.40744687 20.44871633 20.079237   19.48061913 19.79434765 19.41447902
  19.78016351 19.51657307 19.62926077 19.37271931 19.81167534 19.44223537
  19.59401825 19.49760542 19.76155722 18.9788167  19.42968998 20.7148887
  20.28556829 19.63687696 19.57628516 19.55089852 19.6690256  19.88859477
  19.7913144  19.25676552]
[20.92710028 20.32195942 21.16125667 20.44000204 20.48380054 20.76273709
  21.76432268 20.18310291 20.71989117 20.18798987 20.7297736  20.37332601
  30.61008225 20.86444483 20.8635571  20.37595251 20.76116775 20.47306524
  20.6206027  20.23791906 20.71206092 20.80098886 19.86659477 20.38382878
  20.15583936 21.01158829 20.91323756 20.29481079 20.61534633 20.512118
  20.70252347 20.53312462 20.2859666  20.39092491 21.01874258 20.41779582
  20.36206632 20.58635203 20.30523067 19.76917935 20.78558665 21.23564036
  20.92576411 20.47551331 20.79246865 20.7556848  20.76608816 21.29105595
  20.91160334 20.66698371]
[20.73091671 20.12095017 20.5809433  20.30529668 20.31739666 21.16752895
  21.1739799  19.66087721 20.83144837 20.36347652 20.46507606 19.74265227
  20.86444483 31.13357945 20.93358482 20.63375687 20.59197135 20.50582089
  20.64183659 19.97691866 20.84586516 20.43610743 19.50399721 20.43273876
  20.4522777  20.76589545 20.83504497 20.51602295 20.46214539 20.68059177
  20.54757306 20.31726796 20.2594707  20.03149639 20.39147753 20.12854247
  20.14345855 20.43805339 20.9007974  19.44731873 20.72371726 20.76866942
  20.87682029 20.5349089  20.66280279 20.56055801 20.43698234 20.44175382
  20.42040651 20.58520382]
[20.33045617 20.37256491 20.93161323 20.08472843 20.65170925 20.91402356
  21.41862011 20.48600868 20.74795018 20.34991865 20.63463112 20.18773994
  20.8635571  20.93358482 30.46588299 20.74922853 20.76110426 20.1211858
  20.77435409 20.39644388 20.48830638 20.22687142 19.89821828 21.08499043
  20.26670125 21.27811837 20.8316689  20.36146382 20.67169637 20.47187975
  20.75666579 20.41335062 20.45501001 20.71431339 20.51741199 20.60644569
  20.35626687 20.66781469 20.6553148  19.68385021 20.56940251 20.98538103
  20.85662432 20.78575273 21.00998155 20.21780079 20.78137392 20.78614216
  21.07277609 20.40960307]
[20.19449405 19.94979484 20.00098387 19.80405658 20.27250451 20.64661407
  21.20241622 19.28404232 20.12770687 19.55646805 20.1078771  19.56420586
  20.37595251 20.63375687 20.74922853 30.27690307 20.48760728 20.11515464
  20.64521323 19.93936284 20.43371204 20.13469818 19.45895727 20.07909318
  20.24461855 20.93931693 20.23886114 20.0613339  20.20342055 20.334988
  20.10347964 20.01376076 20.01291938 20.0262774  19.98772509 20.13746081
  20.27982323 20.16601305 20.24019843 19.33484467 20.34963295 20.31733744
  20.70004887 20.30633614 20.04387612 20.06268274 20.08829814 20.34327236
  20.1441797  20.35938613]
[20.1450435  20.21817481 20.32782689 20.47314126 20.00607179 20.64266817
  21.34390253 19.59141061 20.58724409 19.95427066 19.8731544  19.95570553
  20.76116775 20.59197135 20.76110426 20.48760728 30.63371658 20.08466144
  20.62122075 19.96782602 20.50724374 19.98442903 19.06004089 20.36784748
  19.80799781 20.75431119 20.12315665 19.97031506 20.03873898 19.96057996
  20.49845744 19.95285214 20.20841108 19.83345707 19.87473448 19.99560201
  20.14432682 20.34531289 20.32517078 19.53439342 20.24932936 20.5225669
  20.86923748 20.15732799 20.55716431 20.13502373 20.31601653 20.33726722
  20.03263454 20.24834446]
[19.84867422 19.7821789  20.43695859 20.41952041 20.10523748 20.78566378
  20.91835815 19.46584792 20.34107284 19.79834348 19.86635789 19.85573773
  20.47306524 20.50582089 20.1211858  20.11515464 20.08466144 29.85287652
  20.17617517 19.81668488 19.87356741 19.74758717 19.41438356 20.38267245
  19.93756212 20.51916249 20.45004844 19.76657175 19.91165371 20.28301187
  20.44099288 20.60196805 19.97749173 20.23003222 20.25895352 20.00117115
  20.01872053 19.76396572 19.63511079 19.75192288 19.85587803 20.39090252
  20.4310645  20.33886557 19.94521316 20.11306    20.07000998 20.39509829
  20.1513913  20.07782971]
[20.5866311  20.26107032 20.6314637  20.51952685 20.57222106 20.75195546
  21.55726692 19.93472443 20.29554793 20.15215663 20.05502556 19.92393883
  20.6206027  20.64183659 20.77435409 20.64521323 20.62122075 20.17617517
  30.06422472 19.49294129 20.2366618  20.36371908 19.76432306 20.61142232
  20.52960845 20.87466612 20.71423404 20.39061532 20.18986613 20.5461207
  20.29578125 20.28043581 20.33644365 20.09309161 20.2836355  20.44709472
  20.03475471 20.43651164 20.15031114 19.52782317 20.22314292 20.52799242
  20.59982062 20.68717069 20.46370109 20.05385184 20.15853259 20.69004089
  20.53873346 19.75979272]
[19.85936352 19.30480525 19.97022939 19.66008228 19.82719913 20.37766594
  20.76219886 19.28104301 20.35339142 19.46580404 19.69338923 19.05202281
  20.23791906 19.97691866 20.39644388 19.93936284 19.96782602 19.81668488
  19.49294129 29.50238319 20.07546225 19.78221154 19.06273715 19.88806603
  19.79138743 20.28182874 20.35022645 19.78800242 19.6498335  19.71832289
  20.13422091 20.21865865 19.7446714  20.06325023 20.16957506 19.96080248
  19.94986976 19.58308349 19.81159113 19.18847898 20.08802202 20.09986268
  20.12538124 19.62807135 20.54641534 19.8330954  20.06363491 19.97525588
  20.16185983 19.71470184]
[20.41060073 19.92778592 20.72499666 20.19021871 20.2430599  20.9368464
  21.2632449  19.80896659 20.65158153 20.0658844  20.26167879 19.98908587
  20.71206092 20.84586516 20.48830638 20.43371204 20.50724374 19.87356741
  20.2366618  20.07546225 29.98219981 20.03281089 19.44399723 20.27782367
  20.11372292 20.73331387 20.18370208 20.08783144 20.05430634 20.21975389
  20.49774958 20.16032287 20.17482714 20.00651735 20.30748335 20.19787659
  20.28583129 20.1293425  20.54717968 19.56802034 20.10814644 20.83781873
  20.61359302 20.35707666 20.13500648 19.8685909  20.11529816 20.54750817
  20.43332835 20.09086161]
[20.6094758  19.86206571 20.43529468 19.74279167 20.41664936 20.27102752
  21.03163087 19.73543499 20.02939594 19.89005162 20.03020559 19.37908292
  20.80098886 20.43610743 20.22687142 20.13469818 19.98442903 19.74758717
  20.36371908 19.78221154 20.03281089 29.57315926 19.29496686 20.29560162
  19.9925898  20.97510396 20.3248096  19.80145297 20.01649648 20.17492901
  20.26071843 20.12213609 19.99670314 19.69639628 20.16286516 19.88469101
  20.06840559 19.96733544 20.22741593 19.1101738  20.2138347  20.80810554
  20.26562946 20.04834563 20.08229174 19.90095049 20.36922082 20.48524044
  20.6476469  20.09045427]
[19.57225046 19.07701187 19.62344373 19.51784401 19.37985981 20.07628558
  20.84127886 19.43224818 19.43201734 19.18466768 19.77215198 18.71429765
  19.86659477 19.50399721 19.89821828 19.45895727 19.06004089 19.41438356
  19.76432306 19.06273715 19.44399723 19.29496686 28.44488577 19.68544553
  19.30817736 19.81409215 19.38278861 19.07165134 19.15072438 19.4428556
  19.47039076 19.01717114 19.02277655 19.54917714 19.3714364  19.54402062
  19.14031532 19.53879584 19.50821295 18.83419483 19.24852566 20.06627724
  19.71830873 19.72348313 19.39219952 19.41361722 19.37468912 19.64334962
  19.25317558 19.21994489]
[20.61764815 19.60259079 20.31604618 20.24135589 20.59396082 20.72961189
  21.65611646 19.41326711 20.21993768 19.8677357  20.64830175 19.86715912
  20.38382878 20.43273876 21.08499043 20.07909318 20.36784748 20.38267245
  20.61142232 19.88806603 20.27782367 20.29560162 19.68544553 29.99258598
  20.31954427 20.58345842 20.59746878 20.32732647 20.04857638 20.1981414
  20.42054778 20.07402291 19.84935815 20.28233213 20.42757619 20.04614332
  20.27769709 20.28007584 20.27775504 19.66148824 20.38163557 20.87371576
  20.44661067 20.52921773 20.51479468 19.84594564 20.44823893 20.58182906
  20.31663756 20.43094936]
[20.2274029  19.88361301 19.80967899 19.53054229 20.22191313 20.60515859
  20.8213506  19.18293876 20.22799037 19.94879729 20.2194287  19.40744687
  20.15583936 20.4522777  20.26670125 20.24461855 19.80799781 19.93756212
  20.52960845 19.79138743 20.11372292 19.9925898  19.30817736 20.31954427
  29.52735068 20.15517904 20.06031303 20.16559291 19.92044118 20.14434541
  20.40616378 20.37124843 19.92977608 19.90266662 19.7883214  19.71410074
  20.01949063 19.76101882 19.88983669 19.20749824 19.49976217 20.20719254
  20.47721451 19.91147464 19.9737898  19.87853735 19.90699385 20.12737587
  19.93450359 19.91617853]
[20.9506152  20.64379023 20.8537525  20.39500988 20.5065154  20.75659961
  21.59472598 19.96853104 20.69736554 20.60185052 20.52625771 20.44871633
  21.01158829 20.76589545 21.27811837 20.93931693 20.75431119 20.51916249
  20.87466612 20.28182874 20.73331387 20.97510396 19.81409215 20.58345842
  20.15517904 31.07965191 20.11057675 20.65343976 20.58141343 20.81028432
  20.89607891 20.37470276 20.79492557 20.49376527 20.79889131 20.57081457
  20.54012391 20.5651851  20.77793452 19.37960113 20.77655485 21.24191875
  21.48518368 20.73116036 21.06233217 20.74762586 20.7460749  20.65444886
  20.72839917 20.60957746]
[20.46465711 19.9120059  20.68860931 20.2190416  20.80055249 20.9892256
  21.26863296 19.45414453 20.57692431 19.76009382 20.31241786 20.079237
  20.91323756 20.83504497 20.8316689  20.23886114 20.12315665 20.45004844
  20.71423404 20.35022645 20.18370208 20.3248096  19.38278861 20.59746878
  20.06031303 20.11057675 30.35404654 19.82054841 20.17860078 20.25361873
  20.52492772 20.28437841 20.2224928  20.01762282 20.56625043 19.73090773
  19.86077249 20.58256597 20.23402876 19.74773393 20.81781908 20.87700574
  20.90175913 20.22915991 20.14347651 20.31669408 20.46018866 20.56909505
  20.77053362 20.33779045]
[20.43282281 19.70256653 20.13235351 19.98733339 20.19856173 19.85622614
  20.98702314 19.53163294 20.35397055 19.64606979 20.35943571 19.48061913
  20.29481079 20.51602295 20.36146382 20.0613339  19.97031506 19.76657175
  20.39061532 19.78800242 20.08783144 19.80145297 19.07165134 20.32732647
  20.16559291 20.65343976 19.82054841 29.9386273  20.1155859  20.05490243
  20.2069253  20.30583684 20.05751743 20.32020546 19.85523136 19.8417814
  19.98858725 19.90563986 20.23541568 19.36852133 20.20049486 20.61589164
  20.42796616 20.26082319 20.15477057 20.01052039 20.22499056 20.10344659
  20.12081719 19.66524398]
[20.08629682 19.79383472 20.2027594  19.78186587 20.19023085 20.41137965
  21.48652929 19.36646418 20.47654703 19.9768003  20.18712366 19.79434765
  20.61534633 20.46214539 20.67169637 20.20342055 20.03873898 19.91165371
  20.18986613 19.6498335  20.05430634 20.01649648 19.15072438 20.04857638
  19.92044118 20.58141343 20.17860078 20.1155859  29.61639234 19.888489
  20.51025439 20.24007651 20.13136314 19.88878019 20.15420957 19.694815
  19.98521581 20.26557654 20.04467306 19.35032858 20.15061027 20.69883239
  20.03764435 20.10164741 20.53778002 20.04598722 20.20569882 20.22773571
  19.98990269 19.84498549]
[20.39382374 19.89050374 20.41855161 20.21708958 20.22811632 20.25609814
  21.17885667 19.51327664 20.44501468 19.95759896 19.77356175 19.41447902
  20.512118   20.68059177 20.47187975 20.334988   19.96057996 20.28301187
  20.5461207  19.71832289 20.21975389 20.17492901 19.4428556  20.1981414
  20.14434541 20.81028432 20.25361873 20.05490243 19.888489   29.24833591
  20.2672302  20.15675127 19.87385219 19.90979849 20.09902975 19.97993261
  19.8923792  20.02531052 20.01096779 19.4436437  20.63675692 20.55886984
  20.76002241 19.98778265 20.37437562 19.98410771 20.48991531 20.4157776
  20.21483821 20.01834089]
[20.41630397 20.06867013 20.64252805 20.11117464 20.34515554 20.40388919
  21.54532772 20.06011349 20.75135411 19.88713741 20.32228601 19.78016351
  20.70252347 20.54757306 20.75666579 20.10347964 20.49845744 20.44099288
  20.29578125 20.13422091 20.49774958 20.26071843 19.47039076 20.42054778
  20.40616378 20.89607891 20.52492772 20.2069253  20.51025439 20.2672302
  30.05414778 20.49124418 20.43168728 20.37231314 20.20326152 20.50565541
  20.28743402 20.4422778  20.99636138 19.57220451 20.44642242 21.09536804
  20.38846522 20.31547595 20.57777585 20.18846846 20.36291017 20.79751975
  20.63816338 20.26199259]
[20.29706588 20.08255551 20.52505235 20.27662423 20.21002444 20.34601304
  21.44166765 19.48485862 20.43864157 19.85534918 20.06011025 19.51657307
  20.53312462 20.31726796 20.41335062 20.01376076 19.95285214 20.60196805
  20.28043581 20.21865865 20.16032287 20.12213609 19.01717114 20.07402291
  20.37124843 20.37470276 20.28437841 20.30583684 20.24007651 20.15675127
  20.49124418 30.53594129 19.91564277 20.48092442 20.52021864 20.14458076
  20.36230053 20.38735638 20.49106137 19.75762092 20.74971536 20.67399495
  20.63202312 20.07649577 20.66988182 20.08134524 20.3583309  20.07577202
  20.51002212 20.41168199]
[20.27466375 19.74905828 20.37509877 20.06564491 20.39819442 20.36139784
  20.98950432 19.69494016 20.16308166 19.84287571 19.9070355  19.62926077
  20.2859666  20.2594707  20.45501001 20.01291938 20.20841108 19.97749173
  20.33644365 19.7446714  20.17482714 19.99670314 19.02277655 19.84935815
  19.92977608 20.79492557 20.2224928  20.05751743 20.13136314 19.87385219
  20.43168728 19.91564277 29.59402965 20.13006224 20.00654308 20.06904677
  19.92065494 20.39307496 20.06116041 19.33769927 19.75715708 20.10569536
  20.27993995 20.1043174  20.26319409 19.76893661 19.84848781 20.51988802
  20.12240055 19.78258644]
[20.08179273 19.62761137 20.31601641 20.04528638 20.18806702 20.29133579
  20.74143615 19.79508205 20.60393444 19.82407275 19.71128124 19.37271931
  20.39092491 20.03149639 20.71431339 20.0262774  19.83345707 20.23003222
  20.09309161 20.06325023 20.00651735 19.69639628 19.54917714 20.28233213
  19.90266662 20.49376527 20.01762282 20.32020546 19.88878019 19.90979849
  20.37231314 20.48092442 20.13006224 30.09619215 19.95796805 19.66148191
  19.81503324 19.85056358 19.88910857 19.27056865 20.11268368 20.41712539
  20.29503695 19.88007734 19.77876268 20.13192183 20.23508208 20.36659308
  20.21207162 20.15074587]
[20.43786447 19.85296635 20.46859009 20.2716971  20.4805075  20.2574911
  21.17556072 19.45513778 20.50149144 19.66726821 20.41398779 19.81167534
  21.01874258 20.39147753 20.51741199 19.98772509 19.87473448 20.25895352
  20.2836355  20.16957506 20.30748335 20.16286516 19.3714364  20.42757619
  19.7883214  20.79889131 20.56625043 19.85523136 20.15420957 20.09902975
  20.20326152 20.52021864 20.00654308 19.95796805 29.86710234 19.92845265
  20.09560631 19.84103241 20.52371934 19.31309004 20.05774962 20.47750067
  20.63321449 20.10866326 20.29893391 20.18622459 20.28586785 20.22731899
  20.12452035 20.7320409 ]
[20.05706021 19.91849221 20.19261645 19.86680701 20.31803534 20.26884078
  20.76837996 19.63151215 20.28206855 20.05359018 20.12125377 19.44223537
  20.41779582 20.12854247 20.60644569 20.13746081 19.99560201 20.00117115
  20.44709472 19.96080248 20.19787659 19.88469101 19.54402062 20.04614332
  19.71410074 20.57081457 19.73090773 19.8417814  19.694815   19.97993261
  20.50565541 20.14458076 20.06904677 19.66148191 19.92845265 29.3356474
  20.09658544 20.25516382 19.9119315  19.24206731 19.90485193 20.48250948
  20.45504163 19.91907978 20.03610009 20.03580125 20.12141725 20.80299669
  20.18612397 19.94695062]
[20.07039688 19.83707647 20.582615   20.15259104 20.09633223 20.53177447
  20.80073432 19.45578927 20.53753728 19.59976733 20.35941049 19.59401825
  20.36206632 20.14345855 20.35626687 20.27982323 20.14432682 20.01872053
  20.03475471 19.94986976 20.28583129 20.06840559 19.14031532 20.27769709
  20.01949063 20.54012391 19.86077249 19.98858725 19.98521581 19.8923792
  20.28743402 20.36230053 19.92065494 19.81503324 20.09560631 20.09658544
  29.70231024 20.10225399 20.50581424 19.43597179 20.02043185 20.60319934
  20.7600449  19.87654352 20.23856879 20.19106263 20.23389931 20.17868101
  19.86712673 19.74481913]
[20.29477854 20.00938775 20.27231353 20.13193234 20.24401747 20.6822786
  20.79095561 19.91536474 20.57244846 20.22495865 20.34579333 19.49760542
  20.58635203 20.43805339 20.66781469 20.16601305 20.34531289 19.76396572
  20.43651164 19.58308349 20.1293425  19.96733544 19.53879584 20.28007584
  19.76101882 20.5651851  20.58256597 19.90563986 20.26557654 20.02531052
  20.4422778  20.38735638 20.39307496 19.85056358 19.84103241 20.25516382
  20.10225399 30.12837746 20.40947376 19.14580875 20.20349649 20.79235213
  20.88806477 20.02186459 20.35579906 20.14511069 20.59523994 20.41197972
  20.4357366  20.13275468]
[20.34277066 20.2481614  20.63151252 20.28532325 20.45989453 20.77356298
  21.21616146 19.82226745 20.41890764 19.81988901 20.1769954  19.76155722
  20.30523067 20.9007974  20.6553148  20.24019843 20.32517078 19.63511079
  20.15031114 19.81159113 20.54717968 20.22741593 19.50821295 20.27775504
  19.88983669 20.77793452 20.23402876 20.23541568 20.04467306 20.01096779
  20.99636138 20.49106137 20.06116041 19.88910857 20.52371934 19.9119315
  20.50581424 20.40947376 29.93767596 19.47708554 20.31174092 20.93967684
  20.94333108 20.35166637 20.39840239 20.3650492  20.39114404 20.32903788
  20.3859467  20.3555915 ]
[19.70705687 19.18186051 19.75177451 19.44460295 19.93914834 19.63458812
  20.31556417 18.76313595 19.78071707 18.70264845 19.29577519 18.9788167
  19.76917935 19.44731873 19.68385021 19.33484467 19.53439342 19.75192288
  19.52782317 19.18847898 19.56802034 19.1101738  18.83419483 19.66148824
  19.20749824 19.37960113 19.74773393 19.36852133 19.35032858 19.4436437
  19.57220451 19.75762092 19.33769927 19.27056865 19.31309004 19.24206731
  19.43597179 19.14580875 19.47708554 28.12958609 19.57399112 19.87873479
  20.15980204 19.41707429 19.19830094 19.50861441 19.59256316 19.63097986
  19.70802199 19.29516515]
[20.30900304 19.87307971 20.54765673 20.06830529 20.31452105 20.19225433
  21.36265684 19.79476274 20.36005468 19.85120337 20.13829636 19.42968998
  20.78558665 20.72371726 20.56940251 20.34963295 20.24932936 19.85587803
  20.22314292 20.08802202 20.10814644 20.2138347  19.24852566 20.38163557
  19.49976217 20.77655485 20.81781908 20.20049486 20.15061027 20.63675692
  20.44642242 20.74971536 19.75715708 20.11268368 20.05774962 19.90485193
  20.02043185 20.20349649 20.31174092 19.57399112 29.81111098 20.02762789
  20.63852067 19.96070728 20.26058676 20.36456504 20.48026572 20.4083013
  20.48186911 20.06384299]
[20.48331313 20.39615058 20.76289002 20.36922528 20.66886817 20.89459409
  21.65214342 19.84201268 20.85950673 20.30121833 20.39828659 20.7148887
  21.23564036 20.76866942 20.98538103 20.31733744 20.5225669  20.39090252
  20.52799242 20.09986268 20.83781873 20.80810554 20.06627724 20.87371576
  20.20719254 21.24191875 20.87700574 20.61589164 20.69883239 20.55886984
  21.09536804 20.67399495 20.10569536 20.41712539 20.47750067 20.48250948
  20.60319934 20.79235213 20.93967684 19.87873479 20.02762789 30.89610175
  20.9610093  20.97494402 20.83028738 20.48335749 20.93908012 20.55169818
  20.76353552 20.84400967]
[20.65153052 20.67381739 21.01841361 20.72557621 20.94897283 20.8862178
  21.24481901 19.96744864 21.03816595 20.51418391 20.82022051 20.28556829
  20.92576411 20.87682029 20.85662432 20.70004887 20.86923748 20.4310645
  20.59982062 20.12538124 20.61359302 20.26562946 19.71830873 20.44661067
  20.47721451 21.48518368 20.90175913 20.42796616 20.03764435 20.76002241
  20.38846522 20.63202312 20.27993995 20.29503695 20.63321449 20.45504163
  20.7600449  20.88806477 20.94333108 20.15980204 20.63852067 20.9610093
  30.67719467 20.29623395 21.02688462 20.58675329 20.68465556 20.77064946
  20.84075734 20.57914777]
[20.08253015 19.87103678 20.21670566 20.15884075 20.64599589 20.17135113
  21.23953151 19.29696322 20.01686284 19.97706837 20.27604686 19.63687696
  20.47551331 20.5349089  20.78575273 20.30633614 20.15732799 20.33886557
  20.68717069 19.62807135 20.35707666 20.04834563 19.72348313 20.52921773
  19.91147464 20.73116036 20.22915991 20.26082319 20.10164741 19.98778265
  20.31547595 20.07649577 20.1043174  19.88007734 20.10866326 19.91907978
  19.87654352 20.02186459 20.35166637 19.41707429 19.96070728 20.97494402
  20.29623395 30.680847   20.2777274  19.73003872 20.198252   20.27493817
  20.78079098 20.32699221]
[20.44772475 20.01223225 20.38379008 20.29435164 20.55005976 20.65309369
  21.29167177 20.22936078 20.05878349 19.92427137 20.54100746 19.57628516
  20.79246865 20.66280279 21.00998155 20.04387612 20.55716431 19.94521316
  20.46370109 20.54641534 20.13500648 20.08229174 19.39219952 20.51479468
  19.9737898  21.06233217 20.14347651 20.15477057 20.53778002 20.37437562
  20.57777585 20.66988182 20.26319409 19.77876268 20.29893391 20.03610009
  20.23856879 20.35579906 20.39840239 19.19830094 20.26058676 20.83028738
  21.02688462 20.2777274  30.55001051 20.29608149 20.38255526 20.33631223
  20.15275521 20.20806663]
[20.12839072 19.81480351 20.23662825 20.01560383 19.92474779 20.20159355
  20.74916002 19.74981994 20.43039178 19.58112721 20.16554144 19.55089852
  20.7556848  20.56055801 20.21780079 20.06268274 20.13502373 20.11306
  20.05385184 19.8330954  19.8685909  19.90095049 19.41361722 19.84594564
  19.87853735 20.74762586 20.31669408 20.01052039 20.04598722 19.98410771
  20.18846846 20.08134524 19.76893661 20.13192183 20.18622459 20.03580125
  20.19106263 20.14511069 20.3650492  19.50861441 20.36456504 20.48335749
  20.58675329 19.73003872 20.29608149 29.74335061 20.23452014 20.07197396
  20.4263471  19.96772427]
[20.85440804 20.29124529 20.66361952 20.09966086 20.47080817 20.80268329
  20.94180014 20.00854386 20.44999135 19.92768755 20.07658823 19.6690256
  20.76608816 20.43698234 20.78137392 20.08829814 20.31601653 20.07000998
  20.15853259 20.06363491 20.11529816 20.36922082 19.37468912 20.44823893
  19.90699385 20.7460749  20.46018866 20.22499056 20.20569882 20.48991531
  20.36291017 20.3583309  19.84848781 20.23508208 20.28586785 20.12141725
  20.23389931 20.59523994 20.39114404 19.59256316 20.48026572 20.93908012
  20.68465556 20.198252   20.38255526 20.23452014 30.40746218 20.36995335
  20.11599478 19.90735024]
[20.68055554 20.09471248 20.76227419 20.28109742 20.33454509 20.90443914
  21.4287227  19.95381324 20.83125393 20.2101643  20.16142965 19.88859477
  21.29105595 20.44175382 20.78614216 20.34327236 20.33726722 20.39509829
  20.69004089 19.97525588 20.54750817 20.48524044 19.64334962 20.58182906
  20.12737587 20.65444886 20.56909505 20.10344659 20.22773571 20.4157776
  20.79751975 20.07577202 20.51988802 20.36659308 20.22731899 20.80299669
  20.17868101 20.41197972 20.32903788 19.63097986 20.4083013  20.55169818
  20.77064946 20.27493817 20.33631223 20.07197396 20.36995335 30.70767403
  20.70144979 20.49098075]
[20.11660169 20.17355591 20.60907994 20.31671136 20.54138257 20.73962369
  21.45025529 19.4336802  20.62605493 20.11784577 20.49316644 19.7913144
  20.91160334 20.42040651 21.07277609 20.1441797  20.03263454 20.1513913
  20.53873346 20.16185983 20.43332835 20.6476469  19.25317558 20.31663756
  19.93450359 20.72839917 20.77053362 20.12081719 19.98990269 20.21483821
  20.63816338 20.51002212 20.12240055 20.21207162 20.12452035 20.18612397
  19.86712673 20.4357366  20.3859467  19.70802199 20.48186911 20.76353552
  20.84075734 20.78079098 20.15275521 20.4263471  20.11599478 20.70144979
  29.97445024 20.00884806]
[20.36342824 19.81077542 20.41836685 20.26255172 20.1130489  20.33401027
  20.9954175  19.46647099 20.29433541 19.85876912 19.98097463 19.25676552
  20.66698371 20.58520382 20.40960307 20.35938613 20.24834446 20.07782971
  19.75979272 19.71470184 20.09086161 20.09045427 19.21994489 20.43094936
  19.91617853 20.60957746 20.33779045 19.66524398 19.84498549 20.01834089
  20.26199259 20.41168199 19.78258644 20.15074587 20.7320409  19.94695062
  19.74481913 20.13275468 20.3555915  19.29516515 20.06384299 20.84400967
  20.57914777 20.32699221 20.20806663 19.96772427 19.90735024 20.49098075
  20.00884806 29.70394681]
]