3804
100
10
22.13170568367893

[0.09011135 0.06489805 0.05453366 0.03831486 0.06586594 0.03193327
 0.02601199 0.05428746 0.04629599 0.0764012  0.09899598 0.02575037
 0.088366   0.07468266 0.06184102 0.03662943 0.08540929 0.03435457
 0.06338312 0.07557293 0.02800881 0.08455841 0.02888599 0.05530371
 0.02122497 0.09882766 0.05964554 0.09012574 0.04003847 0.03404192
 0.05807419 0.08726808 0.09603019 0.08908393 0.04772558 0.09724044
 0.08408598 0.08281921 0.02086414 0.04363443 0.03523379 0.08602061
 0.08073912 0.02348946 0.04536662 0.04035852 0.0299457  0.03560186
 0.04014346 0.08464152 0.07291146 0.06708806 0.04136405 0.05571696
 0.02462483 0.05168282 0.07147941 0.04158863 0.02184317 0.04681801
 0.09231083 0.05142043 0.06316406 0.0961094  0.07148508 0.06005264
 0.02938506 0.02959849 0.07781449 0.04018789 0.05509098 0.05114117
 0.04127825 0.03075022 0.08574824 0.06565056 0.04300612 0.052148
 0.05351842 0.02930174 0.03525632 0.03577827 0.08302494 0.09956147
 0.02435812 0.06345894 0.08062048 0.08022052 0.06295162 0.04516389
 0.05571264 0.07767739 0.06287278 0.03880092 0.05017775 0.06600786
 0.05760479 0.04124917 0.08045985 0.05784194]

[[30.09923816 20.79913302 19.7992877  19.9566947  20.71340735 20.6414602
  19.99131517 20.24372266 20.17278948 20.18342363 20.40638952 19.19114512
  20.18316668 19.69825247 20.41244593 20.63421092 19.81509698 20.80435549
  20.40658059 20.20173175 20.74554886 20.08261784 20.4489804  20.10066159
  19.80277863 20.11664902 20.04599644 20.69631782 20.69657415 19.91969857
  20.18924333 20.43373076 20.47004067 19.92406401 19.76656346 20.33328701
  19.98863041 20.26152572 19.79434965 20.73733847 20.57036202 19.82724702
  20.70820854 19.94638033 19.48751874 20.6153581  19.87239896 20.28844772
  20.46601078 20.22733611 19.85441717 19.92741478 20.26881775 20.08504318
  20.0109491  20.3556123  19.4281582  20.35368328 19.67683513 19.8891069
  19.96404136 19.86884986 20.5620325  20.35415275 20.1544603  20.21284938
  19.91384783 19.76821417 19.10472537 20.10655327 19.89324638 20.35144067
  20.17419312 20.39430577 20.19042078 20.68862448 19.52021692 20.44380995
  20.09660322 20.40431377 20.21081207 20.27581529 20.19526446 20.32943994
  19.76351358 20.42155299 20.35377004 20.11656631 20.83741277 19.55004503
  19.90310466 20.43621822 19.58839525 20.75141903 19.59414405 20.37263439
  20.4434138  20.34177692 20.21545243 20.20104585]
[20.79913302 30.2571192  20.3961901  20.10020856 20.68160989 20.11783781
  20.04090763 20.39123001 20.62653892 20.22016409 20.38923736 19.20120483
  20.02932346 20.00769589 21.0019869  20.49980812 20.00269511 20.9870387
  20.59509866 20.58315535 21.03650111 20.92684942 20.49867264 20.13138807
  20.27906517 20.13321057 20.31410636 20.63169626 21.0915678  20.37900982
  20.45798367 20.64709515 20.60440446 19.62088443 19.91878104 20.08821914
  20.08672952 20.38975896 19.96370625 20.7362098  21.21377031 20.10001133
  20.39364117 20.08180507 19.48472234 20.49925308 20.5931598  20.56977019
  20.44656682 20.28966014 19.98375776 19.29210191 20.00770277 20.18959687
  20.48050236 20.2076206  20.07169299 20.83545922 19.71671226 19.80466702
  19.95108051 19.97272352 21.27931138 20.27905765 20.29606558 20.01918407
  20.40526703 20.24555678 19.38366425 20.50424931 20.33314036 20.36449233
  19.59207959 20.53795137 20.29561269 20.61492292 19.71097056 20.57462681
  20.06797204 20.71802299 20.58770948 20.05837402 20.13619202 20.03863307
  19.94115316 20.71033443 20.48020785 20.56518781 20.44877812 20.14621706
  20.08990404 20.4119314  19.8586756  20.2860301  19.72960987 20.44580204
  20.62396469 21.18699926 20.40629887 20.40205036]
[19.7992877  20.3961901  29.48730758 20.03814276 20.73739268 20.38585807
  19.78538095 19.93573815 20.74322499 20.23113725 20.52463187 19.13937399
  19.61593103 19.67354818 20.65848649 20.39467814 20.06670233 20.53676685
  20.26814733 20.05548339 20.38004537 20.31146731 20.127705   20.13601074
  19.39925251 20.06682259 19.74903031 20.33823397 20.87182715 20.08254232
  19.97536581 20.59719194 20.56019346 19.27211787 19.34996637 20.04224769
  19.87774585 20.18374845 20.20177899 20.51024374 20.53457706 20.06831742
  20.24362704 20.21879111 19.45478911 20.10316087 19.84819492 20.15782398
  20.35210775 20.12481894 19.6223729  19.4459634  20.007975   20.17776984
  20.03989395 19.96735208 19.69768644 20.38327991 19.85378169 19.677765
  20.09257291 19.93813211 20.79638336 20.81847297 20.02765625 19.96383534
  20.0206129  19.63953206 18.94654603 20.38105611 20.21623466 20.35533811
  19.59352559 20.03836527 19.73677332 20.16228785 19.53775717 20.59833221
  19.88464891 20.51400356 20.17911884 20.31433346 20.08502379 19.99228751
  20.1885691  20.35877567 20.55675656 20.05601154 20.0762588  20.05483005
  19.80772153 20.05328858 19.51085248 19.9683144  19.9014689  20.5056855
  20.52628908 20.31956479 20.66456447 20.40356046]
[19.9566947  20.10020856 20.03814276 29.40680733 20.28084345 19.8432553
  19.8621527  19.49998159 20.04295539 19.98326533 20.38516127 18.91810002
  19.59627886 19.50874731 19.97649901 19.87215905 19.33046519 20.73046698
  20.18330569 19.78397868 19.9796736  20.06541798 19.88422197 19.77481452
  19.60160887 19.71429309 19.62813166 20.43819341 20.26669267 19.97672027
  19.89557042 19.99502164 20.19622537 19.37750929 19.35594535 19.97503622
  19.48096687 19.82749368 19.03183069 20.19080479 20.03079253 19.53444684
  20.3649738  19.42911338 19.77383384 19.66982948 19.89808003 19.85345147
  20.36708889 19.99087282 19.10814445 19.34558179 19.5972861  19.90092269
  19.73157452 19.87221362 19.16439553 19.95171683 19.59046331 19.29090348
  19.74797204 19.83219769 20.20684853 20.24574532 19.82000818 19.43342816
  19.33045231 19.31567446 18.85610032 19.73020479 19.63970587 19.96651737
  19.98813477 19.49797541 19.56171863 20.10920812 18.8136123  20.17651423
  19.58566661 20.02662932 20.20478159 19.66232656 19.6671164  19.93642838
  19.83072708 19.82865992 20.00973571 20.1938713  20.61207596 19.56251083
  19.40522324 19.57756777 19.46886697 20.08311216 19.3124974  20.01434975
  20.20407899 20.1007255  20.0676255  19.76855557]
[20.71340735 20.68160989 20.73739268 20.28084345 30.71745176 20.06023325
  20.16656097 20.18459325 20.46904865 19.82382326 20.47287228 18.86582012
  19.98952916 19.92862975 20.01331765 20.15309339 19.68342288 20.71605648
  20.48115995 20.16943537 20.51607179 20.6667766  20.39371084 19.91098413
  19.97415982 20.1632177  20.05443051 20.48592606 20.64202253 20.04058564
  20.16202775 19.99884857 20.48782005 19.84488029 19.80924988 20.37079854
  20.02862934 20.17918952 19.90779256 20.68980326 20.43843251 20.11626935
  20.51650475 20.0393401  19.16972886 20.29035096 20.22135092 19.98546494
  20.77036361 20.09950329 19.9191817  19.82887822 19.89807851 20.83054791
  19.58622285 19.81492534 19.88082402 20.45111558 19.93611565 19.99251389
  19.7781062  19.90780669 20.74130582 20.55498202 20.47128121 20.11097306
  19.91463221 19.80412711 19.27280482 20.13173987 19.73060261 20.02251362
  20.05440011 20.32304607 19.86625923 20.90381118 19.66026046 20.47038755
  19.98313038 20.36757559 20.03414522 19.90897286 20.21033796 20.27022533
  20.00055344 20.42359199 20.17291406 20.28673068 20.54330032 19.99312471
  20.23918757 20.3157867  19.69396107 20.02074815 19.70018647 19.69334255
  20.3414853  20.22419492 20.14541679 19.88267389]
[20.6414602  20.11783781 20.38585807 19.8432553  20.06023325 30.1061608
  20.11880694 19.83341429 20.47102745 19.74958243 20.44923291 19.381241
  20.04695562 19.90002072 20.336649   20.30889057 19.78039364 21.36698441
  20.63811382 20.09570243 20.28224674 20.42086759 20.48777688 20.12875312
  20.09282657 20.0206346  20.21456963 20.6270065  20.89409179 20.3111986
  20.14067483 20.55809298 20.42141673 20.00359423 20.08745062 20.38874626
  19.81170718 20.16180429 19.46814886 20.27114365 20.44379688 19.7199355
  20.28223118 20.33565894 19.78742472 20.79078822 20.30321379 20.39647749
  20.460018   20.2039421  19.8051783  20.14838958 20.04167502 20.52111751
  19.9487489  19.91199921 19.60801098 20.16166247 20.0338576  19.93604258
  19.88844243 19.68030224 20.72612348 20.56912102 20.36056801 20.32799811
  20.33045647 19.40696521 19.56786082 20.23689965 20.12399833 20.12892111
  20.29131427 20.42358709 19.90222498 20.53376297 19.52468918 20.7020085
  19.98286203 20.27605569 20.14836632 20.0205205  20.31979976 20.14524793
  20.0713191  20.51881126 20.50365958 20.11179803 20.44994041 19.7426465
  19.82325278 20.09330687 19.56702647 20.33225825 20.14762535 20.23519365
  20.50812115 20.54983534 20.17796472 20.16808119]
[19.99131517 20.04090763 19.78538095 19.8621527  20.16656097 20.11880694
  29.63968917 19.65633004 20.36110339 19.50539648 19.92083054 18.84418892
  19.77436441 19.32268496 20.06916234 20.08783881 19.61411961 20.56041588
  20.39605648 19.53213329 20.01344591 19.96193311 19.9288619  19.87022043
  19.47418082 19.65720807 19.66536849 20.52310097 20.71392139 19.79630888
  20.22739716 19.85332675 19.98109544 19.16888753 19.00389207 19.92688994
  19.64035936 20.27056944 19.30720136 20.16598877 20.83558601 19.45414097
  20.26480969 19.73417187 19.42091438 19.94443844 19.67205785 20.26596636
  20.09651514 19.72401393 19.28238263 19.42909625 19.46182808 19.66665461
  19.77313671 19.70464889 19.51814928 20.04713944 19.6730524  19.50998672
  19.83960731 19.58630007 20.24134308 19.98230312 19.69732831 19.76911259
  19.81343108 19.40855549 18.94069826 20.12892673 19.57569569 19.94667244
  19.81377026 19.71752057 20.06913577 20.28538644 19.39208258 20.09305887
  19.71056134 20.00362719 19.57026227 19.81579029 19.77982754 19.77037332
  19.74956862 19.88319669 20.42603442 20.17755455 20.43057222 19.7139337
  19.77218966 19.64845108 19.51497799 20.15610515 19.6983171  20.33349627
  20.29882499 20.12473941 19.76532201 19.92357631]
[20.24372266 20.39123001 19.93573815 19.49998159 20.18459325 19.83341429
  19.65633004 29.46268464 20.15462342 19.61339261 19.79277068 18.80203065
  19.50482153 19.86646109 20.41766984 19.97350847 19.52420464 20.828706
  20.25933659 19.77983372 20.22025676 20.33238606 19.95325477 19.69417398
  19.24806104 19.64663317 19.8950422  20.39335704 20.49009583 19.51416968
  20.01386484 19.85169294 20.17576918 18.99320737 19.38945257 19.88777636
  19.39048957 19.87464724 19.37106542 20.47287937 20.35714367 19.45156462
  20.38214266 19.64266825 19.26777512 20.2455199  20.21905315 20.15145095
  20.22585207 19.91382044 19.49051927 19.24076723 19.2060234  20.22107931
  19.64807278 19.87332369 19.15700306 20.32557356 19.81442952 19.39717341
  19.21793128 19.74345225 19.78869919 19.82000754 19.8949629  19.64564446
  19.72189133 19.7550845  18.97154888 20.00329665 20.17277371 19.88976873
  19.6708276  19.78138464 19.4683961  19.88971739 19.46493946 20.51596052
  19.55070769 20.07209981 19.8177967  19.99073643 20.22294752 19.99085442
  19.71339069 19.83605628 20.00378279 20.0037859  20.24684145 19.60340362
  19.93772696 19.66178669 19.78575991 19.88760645 19.33626489 19.89273876
  20.12108229 20.28762108 19.9367418  20.13335312]
[20.17278948 20.62653892 20.74322499 20.04295539 20.46904865 20.47102745
  20.36110339 20.15462342 30.60015699 19.97506684 20.54056391 19.08500691
  20.22624699 20.08615815 20.97254248 20.51168086 19.69468044 20.91645589
  20.51418833 20.13393808 20.52435071 20.66395245 20.53782422 20.30158889
  19.88748383 20.08458973 20.13047615 20.48535647 21.14771476 20.42950464
  20.1562652  20.72665387 20.79292224 19.72575955 20.06337891 20.34645593
  20.12624824 20.32488057 19.77673625 20.74702319 20.85639616 19.88875725
  20.83135507 20.10547921 20.32160856 20.68514192 20.29981952 20.84057498
  20.80755268 20.48075854 19.97212361 19.93116533 20.16459159 20.70773305
  19.93825231 20.32871791 20.15542126 20.74824293 19.86485081 20.14178852
  20.07871732 20.11206515 20.83455468 20.95164194 20.2496628  20.29765699
  20.29732072 19.85062204 19.83998445 20.34269361 20.08700602 20.45622472
  20.62039123 20.41262785 20.23293737 20.28241349 19.82450375 20.41741589
  20.09279575 20.56015527 20.33921852 20.18695051 20.21530617 20.25144623
  20.19264098 20.47498785 20.43923077 20.29036572 20.76167332 19.90274906
  20.28908373 20.30596562 19.81296212 20.64430317 19.92310851 20.8271345
  20.83021709 20.74989154 20.2034755  20.64613906]
[20.18342363 20.22016409 20.23113725 19.98326533 19.82382326 19.74958243
  19.50539648 19.61339261 19.97506684 29.60643985 19.90807534 18.82956759
  19.46056009 19.47636051 20.12224756 20.42618985 19.89894114 20.37302706
  20.19855478 19.74877518 20.04587972 20.42309769 20.12015056 19.29909104
  19.46211743 19.84537112 19.77985385 20.37916452 20.50085622 20.12037566
  19.91737255 19.83855523 20.01646444 19.28578045 18.99181433 20.00564083
  19.54730627 20.08999896 19.57180741 20.38242713 19.99779624 20.04652164
  20.45260563 19.52231388 19.36445318 19.77457502 20.10701985 20.21983325
  20.46714344 19.85133935 19.34783134 19.33750015 19.76331298 19.98374581
  19.65403261 19.78827354 19.21782087 20.29070214 19.77709843 19.33946704
  19.86344386 19.81563325 20.36575634 20.36703917 20.18608155 19.61096684
  19.8464446  19.83075862 19.25927835 19.85862864 19.78399962 19.70801658
  19.60740202 19.66887714 19.7785429  20.20159229 19.06239155 20.12245394
  19.9204286  20.14694518 20.10943328 19.6326731  19.91392312 19.69846807
  19.77629859 20.34707185 20.36800048 19.93916786 20.36936931 19.4112986
  19.58202162 19.30382178 19.72529265 19.88909148 19.54784138 20.23323966
  20.13012572 20.17145425 20.25459502 19.96073994]
[20.40638952 20.38923736 20.52463187 20.38516127 20.47287228 20.44923291
  19.92083054 19.79277068 20.54056391 19.90807534 30.42726613 18.98078259
  19.91073449 19.68268199 20.38088181 20.39661922 19.31498282 21.21843272
  20.3455129  20.03250094 20.78319018 20.2025277  20.07801357 19.92264607
  19.79993798 19.89759411 19.92436917 20.54939707 20.60564479 19.96739358
  19.85138852 20.13645912 20.32124979 19.40470269 19.75255817 20.31283537
  19.97921368 20.37760978 19.5475162  20.41760688 20.50210168 19.80072779
  20.18572958 20.16875245 19.95836114 20.2709087  20.25215878 20.31020384
  20.46668697 20.09955914 19.55948979 19.72380868 19.9768196  20.48713144
  20.05411969 19.84304868 19.93374747 20.34195591 20.17840885 20.1177379
  20.21971815 19.8822599  20.49544769 20.36576821 20.1443309  19.79962767
  19.96398738 19.82627078 19.29295156 20.08401781 20.26731709 19.85670161
  19.66331572 20.09939145 19.73535391 20.33154216 19.18364985 20.50078641
  19.61809921 20.67207075 20.04276876 20.52278192 19.88233825 19.79506721
  20.08776767 20.33886734 20.36613758 20.32520129 20.56594671 20.01505874
  20.00207237 19.90563624 19.50344077 20.42509632 19.64538627 20.58756428
  20.20232038 20.45567352 20.95835594 20.18541665]
[19.19114512 19.20120483 19.13937399 18.91810002 18.86582012 19.381241
  18.84418892 18.80203065 19.08500691 18.82956759 18.98078259 27.79880826
  18.80794069 18.77464119 19.58720361 19.32746117 18.98007446 19.83377448
  19.86584739 18.67322621 18.93022801 19.11840918 19.01768333 19.0782743
  18.55028384 18.89771992 19.07559573 19.63568262 19.63998232 18.80487383
  18.80952756 19.19310708 19.37473693 18.49740049 18.24219261 19.03812293
  18.45021213 19.09725682 18.81969882 19.54565292 19.29270248 19.03574015
  19.44370646 18.87881388 18.49584474 19.00796393 19.03059306 19.19956752
  19.55847022 19.22346909 18.88925859 18.617468   18.83194899 18.9048527
  19.11807254 19.14276447 18.65435147 19.20827613 18.55512658 18.90548996
  18.39954513 18.77694469 19.4899801  19.0852789  18.51876916 19.06407278
  18.4947226  18.58323609 18.2828032  19.30224558 18.68396858 18.82538133
  18.90277834 19.58654577 18.85540671 19.30618971 18.5340192  19.24716824
  18.82093568 19.55105415 19.23011601 19.07270931 19.04944671 18.80219274
  18.873545   18.87468569 19.10500328 19.04545797 19.43406737 18.63895778
  18.71059363 18.6498426  18.62573391 19.27418153 18.41106008 19.31112719
  18.95221627 19.12431289 18.8000591  19.25113876]
[20.18316668 20.02932346 19.61593103 19.59627886 19.98952916 20.04695562
  19.77436441 19.50482153 20.22624699 19.46056009 19.91073449 18.80794069
  29.9074489  19.45395116 20.08641068 19.97097137 19.3716082  20.81325499
  20.03620766 19.84046744 19.99659693 20.12039782 19.80157761 19.39652783
  19.35752363 19.85199451 19.43741981 20.26135338 20.39853279 19.56477675
  19.79372446 19.87800429 20.22937781 19.28390827 19.32363324 20.20297798
  19.74568695 19.85646808 19.26991449 20.10768713 20.33215067 19.54180446
  20.36902321 19.9828763  19.68096665 19.96599233 19.77058584 19.82550142
  20.19502967 19.89571033 19.23492636 19.37863579 19.57881909 20.11765328
  19.66814002 19.6815158  19.35472524 20.01561591 19.23992945 19.52291691
  19.5261363  19.60962331 20.5240982  20.17226787 19.84982311 19.69077127
  20.43923697 19.55197692 19.0573694  19.87289894 19.54863882 20.01433146
  19.70042075 20.15796991 19.57102479 19.7368048  19.29940441 20.18153731
  19.97359035 19.5998212  19.94034525 19.89226553 20.11872155 19.82059401
  19.62861798 20.12532033 20.07318116 19.61545245 20.20724164 19.37936995
  19.46102295 19.30514108 19.15888584 20.15711219 19.13589951 19.60542494
  20.35538095 19.97940707 19.98341256 19.72349117]
[19.69825247 20.00769589 19.67354818 19.50874731 19.92862975 19.90002072
  19.32268496 19.86646109 20.08615815 19.47636051 19.68268199 18.77464119
  19.45395116 29.19183952 20.30022701 19.87823777 19.33871058 20.68187364
  20.14689639 19.59726474 19.90156662 20.09584316 19.67382657 19.38597697
  19.30300301 19.6337297  19.1623358  19.99340791 20.2782705  19.64895754
  19.84964682 19.83565866 19.85610225 19.35060335 19.17761128 19.98460257
  19.38385111 19.51407813 19.16328255 19.78638557 20.27814049 19.86446679
  19.90820698 19.18442012 19.19859503 20.12669267 19.80155322 19.79154275
  19.79450752 19.60237689 19.28199526 19.0795297  19.63924859 19.81237552
  19.39640542 19.58015237 19.03400046 20.04356612 19.28252973 19.53529816
  19.24065395 19.10832704 19.95516179 20.24942019 19.66706839 19.51876076
  19.47959402 19.30745039 18.99485833 19.451089   19.44756464 19.57073674
  19.55546538 19.42410964 19.70934186 19.45091594 18.8527448  20.355386
  19.33975687 20.23367372 19.6461349  19.6226245  19.40006811 19.89018842
  19.32368077 19.96145469 20.08033731 19.74127871 19.9198473  19.32691028
  19.5614245  19.4937209  19.07750031 20.00525639 19.45137242 19.41311059
  19.88152555 19.86876775 19.7690791  20.00451606]
[20.41244593 21.0019869  20.65848649 19.97649901 20.01331765 20.336649
  20.06916234 20.41766984 20.97254248 20.12224756 20.38088181 19.58720361
  20.08641068 20.30022701 30.1857183  20.69623908 20.15491194 21.30306312
  20.74153473 20.3379019  20.76600537 20.37460007 20.08867359 20.17995138
  19.95038225 20.0296765  19.91338826 20.83967093 21.26022647 20.01785454
  20.46051526 20.44165678 20.67073825 20.12654371 19.72640696 20.17702408
  20.30067995 20.34461004 19.68535037 20.81042823 21.07221101 20.03655101
  20.39288522 20.39578703 19.71416409 20.65547632 20.3331428  20.46729725
  20.4664795  20.16399335 19.63815778 19.68451733 20.00700387 20.52775479
  19.91581989 20.44814034 20.04736451 20.5920191  19.78577332 20.14148387
  19.93566177 20.51652592 20.60590368 20.84600033 20.49588878 20.41968695
  20.17663028 19.69777537 19.27310399 20.61461815 20.0932302  20.56494666
  20.34506403 19.94914609 20.28556385 20.26733605 19.49478216 20.74852162
  19.91047698 20.71828678 20.11808392 20.12397105 20.04764269 20.31707941
  19.80428038 19.99229136 20.75451836 20.55889554 20.64289167 20.05752365
  20.11508953 20.31834892 19.67976777 20.66656756 20.03276609 20.3576993
  20.74911677 20.59380712 20.21765552 20.81729816]
[20.63421092 20.49980812 20.39467814 19.87215905 20.15309339 20.30889057
  20.08783881 19.97350847 20.51168086 20.42618985 20.39661922 19.32746117
  19.97097137 19.87823777 20.69623908 30.30765875 19.88186219 20.74209915
  20.24019048 19.87243842 20.2860253  20.58342502 20.42962389 20.09672236
  19.64626172 19.90540892 19.87052071 20.49080163 20.80077239 19.89576638
  20.34582166 20.45530403 20.33413114 19.82335374 19.54522938 20.48766604
  20.1600124  20.29508841 19.60459402 20.69287458 20.77649021 19.8219725
  20.53519789 20.11717964 19.56730913 20.35206622 19.82570819 20.56230178
  20.51012434 20.35506977 19.61638151 19.44509019 19.87867228 20.23838787
  20.21083239 20.31601168 19.78845108 20.46543    20.09407085 20.11627833
  20.00067423 20.12797718 20.38435357 20.50697453 20.43411144 19.95519443
  20.2654232  19.82077486 19.35157254 20.07722085 20.12338682 20.03966341
  19.99083837 20.039613   19.88209712 19.98353704 19.7419691  20.43448017
  19.99255145 19.95194947 19.57334866 20.06635649 19.70531451 20.02043257
  19.57693306 20.40589718 20.13016004 20.02592939 20.61608373 19.71766287
  19.61238078 20.12370899 19.79308196 20.22232672 19.88579512 20.45541979
  20.28343317 20.33597701 20.18029978 20.31822829]
[19.81509698 20.00269511 20.06670233 19.33046519 19.68342288 19.78039364
  19.61411961 19.52420464 19.69468044 19.89894114 19.31498282 18.98007446
  19.3716082  19.33871058 20.15491194 19.88186219 28.98373751 20.28330536
  20.07286063 19.2462247  19.61993495 19.91788745 19.43128306 19.4815672
  18.7974181  19.51905541 19.7372925  19.9818312  20.20223711 19.36029301
  19.96152137 19.4186902  19.99042866 19.26686682 18.9682182  19.77874616
  19.35521811 19.53405759 19.47710906 19.92352302 20.05445294 19.18084989
  20.10651401 19.47802478 19.3148455  19.91885195 19.64250156 20.20625353
  19.8905527  19.57686967 19.19649746 19.15122638 19.04412316 19.81609419
  19.57071197 19.93341244 19.13963125 19.55245712 19.61508161 19.27119819
  19.21830384 19.58387117 19.84162453 19.65464997 19.81167965 19.63601437
  19.37507347 19.12611053 18.65419078 19.63338869 19.57407256 19.49266873
  19.57412181 19.43036576 19.30766409 20.05981419 19.05890634 20.04235544
  19.55117396 19.7773805  19.42324761 19.56603641 19.62771103 19.3917459
  19.19383131 20.03814387 19.67818701 19.33010562 19.75070285 19.53623472
  19.41207853 19.52949957 19.21208574 19.60644317 18.99200142 19.98880932
  20.17763419 19.79208161 19.72873032 20.02973957]
[20.80435549 20.9870387  20.53676685 20.73046698 20.71605648 21.36698441
  20.56041588 20.828706   20.91645589 20.37302706 21.21843272 19.83377448
  20.81325499 20.68187364 21.30306312 20.74209915 20.28330536 30.67584431
  21.34441322 20.92377772 20.99253147 20.58916982 20.79660862 20.64241101
  20.33645523 20.56943807 20.38181742 20.80372716 21.51716901 20.70315692
  20.89986882 20.78964937 20.73199936 20.26721066 19.99924092 20.6754174
  20.70685195 20.82181938 20.16602118 21.1269545  21.22622032 20.51859062
  21.46150028 20.68217006 20.3433159  20.93315429 20.83796939 21.03146281
  21.02359121 20.95829598 20.18066883 20.2074864  20.41942439 20.69667865
  20.77315699 20.43481757 20.22702817 21.34060508 20.3162735  20.71715483
  20.36828358 20.82510015 21.19565598 20.97051808 20.64349847 20.31061765
  20.42192772 20.22929695 19.92089354 20.73986233 20.43433571 20.6488734
  20.72061073 20.22900517 20.82109548 20.99473038 19.94622739 20.97868821
  20.1454007  20.91183216 20.67545954 21.22530316 20.48253407 20.57892662
  20.60796563 20.84081617 20.62032845 20.52896271 21.27676054 20.3795296
  20.55998607 20.42247075 20.29561337 20.70907505 20.43705525 20.56054657
  21.3351077  21.27769332 20.7984371  20.72114803]
[20.40658059 20.59509866 20.26814733 20.18330569 20.48115995 20.63811382
  20.39605648 20.25933659 20.51418833 20.19855478 20.3455129  19.86584739
  20.03620766 20.14689639 20.74153473 20.24019048 20.07286063 21.34441322
  30.68122019 20.19687827 20.94127632 20.17314663 20.58476288 20.08650343
  19.91035919 20.26994639 19.86146535 20.8085006  21.50371628 20.10721969
  20.05171012 20.25455934 20.49334757 20.26473917 19.88072209 20.13295768
  20.00313658 20.5245944  20.11912402 20.66420171 21.00114298 20.40833454
  20.79599384 20.06593616 19.88551745 20.61141207 20.38355296 20.73396635
  20.83034108 20.54496665 19.95656915 19.97161244 20.04278637 20.60536178
  20.14929324 20.42857528 20.04985293 20.75306    20.16708069 20.01128735
  20.06072237 20.23250001 20.93778521 21.06075005 20.40369486 20.23429669
  20.28698465 19.98201558 19.23886018 20.48625915 20.16674479 20.53893546
  20.05875324 20.27380487 20.39366431 20.35734549 19.60304334 20.78117723
  19.80216227 20.54675145 20.26874544 20.34034784 20.48800952 20.30413222
  20.44027486 20.55260267 20.49580218 20.47619863 20.8950658  19.81895256
  20.00255521 20.27940657 19.91942749 20.23769342 20.06260801 20.19715187
  21.03569846 20.90611402 20.83643726 20.64172794]
[20.20173175 20.58315535 20.05548339 19.78397868 20.16943537 20.09570243
  19.53213329 19.77983372 20.13393808 19.74877518 20.03250094 18.67322621
  19.84046744 19.59726474 20.3379019  19.87243842 19.2462247  20.92377772
  20.19687827 29.14680415 20.36816435 20.03980722 19.69693917 19.89520858
  19.48787928 20.17262564 19.94402824 20.31197293 20.61329573 19.6644332
  20.03935231 20.02018532 20.35351047 19.83324893 19.45826228 20.08087449
  19.47736148 19.68709156 19.16192629 20.44974144 20.32433008 19.69806447
  20.12009741 19.55020218 19.26540693 20.15937955 19.93429214 20.13024778
  20.31833914 19.89543364 19.65836893 18.99160097 19.98344557 19.9292625
  19.82109405 19.66942164 19.56337583 20.19298432 19.32524215 19.66147941
  19.50028275 19.77726231 20.59365072 20.2240274  19.90126229 19.57641656
  19.90670809 19.53406381 19.36409993 20.08055245 20.04246809 20.02171904
  19.68803253 19.45096647 19.84168297 20.04041691 19.38422394 20.23549101
  19.53456267 19.98642748 19.66249881 19.99322749 20.11841621 19.6284544
  19.5092197  20.1340698  20.05799491 19.91753132 20.17990916 19.54549197
  20.04176537 19.79173934 19.60085941 20.17318614 19.91600615 19.92057244
  20.32040865 20.12367261 20.14504787 20.01106106]
[20.74554886 21.03650111 20.38004537 19.9796736  20.51607179 20.28224674
  20.01344591 20.22025676 20.52435071 20.04587972 20.78319018 18.93022801
  19.99659693 19.90156662 20.76600537 20.2860253  19.61993495 20.99253147
  20.94127632 20.36816435 30.19512026 20.67166574 20.05739059 20.04496361
  19.78516334 19.99843199 20.09945292 20.87844408 20.9902377  20.26684326
  20.16610994 20.47138245 20.69610501 19.78830034 19.39802662 20.43366585
  20.32285947 20.07951973 19.51601468 20.87076226 20.81565146 20.49928813
  21.02528559 20.14834842 19.78670606 20.27021451 20.4839451  20.52464234
  20.53153782 20.65419196 19.56264712 19.55802313 20.04138448 20.51440818
  19.55294483 20.10090395 20.17650948 20.50233588 19.67353583 19.74712831
  19.66412444 20.19290266 20.77884616 20.62886481 20.3478378  19.94534128
  20.18315118 19.88072084 18.86581577 20.3844532  20.25061248 20.3806038
  20.07049311 20.15520332 20.30792072 20.44062229 19.68695148 20.95096275
  19.73877529 20.2375004  19.64827217 20.32971836 19.66451417 20.08766665
  20.42855719 19.93220676 20.64183197 20.38635671 20.90936201 19.63272355
  19.89702667 20.19017637 20.21558119 20.27174826 19.93471206 20.47348817
  20.74198049 20.25728544 20.69568134 20.34614528]
[20.08261784 20.92684942 20.31146731 20.06541798 20.6667766  20.42086759
  19.96193311 20.33238606 20.66395245 20.42309769 20.2025277  19.11840918
  20.12039782 20.09584316 20.37460007 20.58342502 19.91788745 20.58916982
  20.17314663 20.03980722 20.67166574 30.28594298 20.2801875  19.85994298
  19.80264655 20.17254449 20.07092482 20.58487739 21.0875717  20.35674791
  20.26917249 20.56221832 20.53205418 19.30536356 19.67383797 20.48838656
  19.77818432 20.05969379 19.98878004 20.48940014 20.59937724 20.06358665
  20.58594481 20.24635868 19.64006163 21.1006897  20.4100308  20.36181728
  20.24750478 20.25967074 19.90135557 19.45164529 19.89505831 20.74506567
  20.27769091 19.86005516 19.67324859 20.42772695 19.72400509 19.70109128
  19.80702231 19.7189951  20.64666466 20.18823158 20.35539747 19.62584721
  20.09146642 20.18196118 19.1904431  20.35378011 19.98411709 20.19543269
  20.0639529  20.18249406 20.12238384 20.14595012 19.63730363 20.48541176
  19.93536    20.53795518 19.93703893 20.19666196 19.85154826 20.20083433
  19.84552852 20.79811667 20.26276292 20.27559783 20.49319016 19.91231985
  20.22459909 20.04426814 19.82154005 20.27298972 19.83434253 20.26597582
  20.23414475 20.67716728 20.22986457 20.25361272]
[20.4489804  20.49867264 20.127705   19.88422197 20.39371084 20.48777688
  19.9288619  19.95325477 20.53782422 20.12015056 20.07801357 19.01768333
  19.80157761 19.67382657 20.08867359 20.42962389 19.43128306 20.79660862
  20.58476288 19.69693917 20.05739059 20.2801875  30.52877661 19.8321592
  19.84800153 19.88894555 19.828149   20.69410751 20.69518099 19.57141712
  20.13623141 20.08367961 20.33997447 19.49746192 19.90015167 20.33789517
  20.05308417 20.34647127 19.61742539 20.45379252 20.93498857 19.91731879
  20.29033167 19.86145557 19.54037545 20.49249124 20.2246092  20.60791973
  20.33143768 20.03424973 19.37875569 19.65563255 19.65006209 20.25487862
  19.94811455 20.04225075 19.58032158 20.17929975 20.18299484 19.76772411
  20.16583307 19.68193961 20.49268932 20.22474274 19.80962565 19.87414103
  19.76573202 19.70426362 19.00808788 20.10447367 19.72984568 20.02075635
  19.99769249 19.99304461 19.72011746 20.51888451 19.26019839 20.13211738
  19.92720912 20.35966094 20.39362803 20.22038903 20.07172539 20.11091463
  20.20389213 20.77502603 20.12406197 20.07896126 20.35659867 19.41932466
  19.93603569 19.91721478 20.02152744 20.17373792 19.74846995 20.08113625
  20.23359768 20.34602292 20.4302012  20.26512057]
[20.10066159 20.13138807 20.13601074 19.77481452 19.91098413 20.12875312
  19.87022043 19.69417398 20.30158889 19.29909104 19.92264607 19.0782743
  19.39652783 19.38597697 20.17995138 20.09672236 19.4815672  20.64241101
  20.08650343 19.89520858 20.04496361 19.85994298 19.8321592  29.46797372
  19.16999294 19.6590986  19.88825271 20.38830368 20.15745905 19.80239482
  19.54093908 19.76054103 20.30388732 19.09783205 19.37222928 19.86836516
  19.38705832 19.76413346 19.13444415 20.23309351 20.04031792 19.76274224
  20.00626559 19.61933913 19.61066092 19.94428361 19.56691667 20.00236576
  19.9294145  19.98279927 19.2099917  19.14090936 19.43337287 20.16793455
  19.73769028 19.90179065 19.29503974 20.16608937 19.33746711 19.61782124
  19.82771046 19.94989066 20.20084978 20.28771167 19.66468619 19.16076696
  19.75955192 19.26178755 18.49120548 19.92383616 19.47515424 19.54856296
  19.62371495 19.72347712 19.74933595 20.18249639 19.36654233 20.14272547
  19.58101722 19.92126533 19.70772011 19.9320897  19.52684643 19.91822719
  19.27628956 20.1910534  19.76838287 19.59208631 20.31220759 19.62992204
  19.52406236 19.6724835  19.09664904 19.86068236 19.50970848 19.91684164
  20.23210428 20.18630916 20.00532686 19.70816981]
[19.80277863 20.27906517 19.39925251 19.60160887 19.97415982 20.09282657
  19.47418082 19.24806104 19.88748383 19.46211743 19.79993798 18.55028384
  19.35752363 19.30300301 19.95038225 19.64626172 18.7974181  20.33645523
  19.91035919 19.48787928 19.78516334 19.80264655 19.84800153 19.16999294
  28.87795148 19.20465012 19.496404   20.3021516  20.61272724 19.42493119
  19.80583827 19.97801894 19.88661737 19.2222785  19.4162195  19.51066005
  19.6910262  19.91327025 19.11391118 19.64989652 20.01868698 19.59206095
  20.13391378 19.51867171 19.50455684 19.78882381 19.22338239 20.11067782
  19.63044238 19.44345703 18.73225474 19.23115502 19.47209648 19.90003526
  19.36136518 19.56630891 18.93923898 19.91029994 18.86141299 19.15024067
  19.17428664 19.40581064 20.14676582 19.75787073 19.75213284 19.56510605
  19.77465032 19.22095439 19.06234191 19.59575095 19.87278919 19.73819567
  19.37085209 19.85992396 19.12302541 19.7992604  19.19008244 20.1730887
  18.95183704 20.1873454  19.84942269 19.7327984  19.46259912 19.89814495
  19.64426556 19.89817666 19.52966727 19.60905555 19.75233123 19.47705769
  19.18741096 19.32111381 19.61698166 19.47292343 19.38712298 19.7180414
  19.95238735 20.11779701 20.05721561 19.70871103]
[20.11664902 20.13321057 20.06682259 19.71429309 20.1632177  20.0206346
  19.65720807 19.64663317 20.08458973 19.84537112 19.89759411 18.89771992
  19.85199451 19.6337297  20.0296765  19.90540892 19.51905541 20.56943807
  20.26994639 20.17262564 19.99843199 20.17254449 19.88894555 19.6590986
  19.20465012 29.35530168 19.85304089 20.33107437 20.3587789  19.79571614
  19.96726982 20.1152122  20.42975965 19.32594344 19.53787314 20.2798776
  19.78998327 19.77490985 19.61862186 20.35117105 20.52572147 19.92500235
  20.09700295 19.99049629 19.27156708 20.48565524 19.98310847 19.89705607
  20.15531905 19.98039227 19.48027209 19.55060663 19.7824028  20.25156615
  19.70711852 19.96373424 19.69538404 19.84574653 19.35315562 19.22999284
  19.65988229 19.92439923 20.32187674 20.02744411 19.98488615 19.8393856
  19.59507933 19.53797854 18.77249333 20.10416782 19.84648186 19.88403354
  19.84523162 19.87272419 19.95258806 19.90896188 19.55783818 20.57818835
  19.70864502 20.48176243 19.79977561 20.02745518 19.68450095 19.9124464
  20.10201815 20.40218252 20.19741611 19.72191266 20.02359649 19.43037862
  19.90795053 19.87631745 19.51465756 19.87570359 19.48811187 19.92828358
  20.08627145 20.09034348 20.2968833  19.96934917]
[20.04599644 20.31410636 19.74903031 19.62813166 20.05443051 20.21456963
  19.66536849 19.8950422  20.13047615 19.77985385 19.92436917 19.07559573
  19.43741981 19.1623358  19.91338826 19.87052071 19.7372925  20.38181742
  19.86146535 19.94402824 20.09945292 20.07092482 19.828149   19.88825271
  19.496404   19.85304089 29.64239474 20.59612674 20.26301811 20.17913743
  19.7392231  20.19068166 19.80334781 19.50450807 19.5355427  20.28384048
  19.34567327 19.8708366  19.20453231 20.30246081 20.21845946 19.83507442
  20.34771688 20.03393273 19.47690915 20.13684842 19.82281817 19.57074033
  20.12932829 20.19319948 19.2611426  19.10945355 19.77762754 20.21482272
  19.63027098 19.69753698 19.40756013 20.59695787 19.35848724 19.62571351
  19.31828669 19.69505028 20.51380163 19.96644406 20.00067532 19.63401632
  19.96947282 19.49257498 19.13088081 19.78465159 19.50984079 19.70147941
  19.50501675 19.8154938  19.47148966 20.00338943 19.56808395 20.01633165
  19.44835573 20.05706918 19.92146968 19.75078904 20.32485023 19.88184274
  19.68193907 20.07712612 20.07685123 19.8796247  19.72106632 19.30384009
  19.92316222 19.96045118 19.45960926 20.04531653 19.62910699 20.25043113
  20.22477741 20.17735546 19.76713183 20.23326742]
[20.69631782 20.63169626 20.33823397 20.43819341 20.48592606 20.6270065
  20.52310097 20.39335704 20.48535647 20.37916452 20.54939707 19.63568262
  20.26135338 19.99340791 20.83967093 20.49080163 19.9818312  20.80372716
  20.8085006  20.31197293 20.87844408 20.58487739 20.69410751 20.38830368
  20.3021516  20.33107437 20.59612674 30.54307917 21.06719555 20.50038213
  20.45943741 20.42940964 20.80123088 19.77888459 19.54772336 20.38550445
  20.08400593 20.15484601 19.98776387 20.86641589 21.0903353  20.31938474
  20.63976551 20.71846989 20.27882904 20.42413924 19.97611001 20.39224905
  20.85894842 20.28853576 19.94920982 19.88029068 19.85998252 20.99040856
  20.39017281 20.34946929 19.81493224 20.85013398 19.97610413 20.07878583
  20.36835815 20.4215569  20.82223478 20.74439999 20.62753531 20.23327692
  20.3821841  19.980489   19.62385905 20.49412682 20.35018492 20.34755055
  20.59479706 20.25154637 19.87823529 20.74430084 19.30287578 21.06905489
  20.39269322 20.83480772 20.16046241 20.23832347 20.46606815 20.28047631
  20.03876138 20.89086306 20.80783927 20.60245064 20.91222538 19.95338323
  20.42454171 20.15222702 20.04947253 20.47950044 20.14588929 20.64322722
  20.81760504 20.56873359 20.53023689 20.47213765]
[20.69657415 21.0915678  20.87182715 20.26669267 20.64202253 20.89409179
  20.71392139 20.49009583 21.14771476 20.50085622 20.60564479 19.63998232
  20.39853279 20.2782705  21.26022647 20.80077239 20.20223711 21.51716901
  21.50371628 20.61329573 20.9902377  21.0875717  20.69518099 20.15745905
  20.61272724 20.3587789  20.26301811 21.06719555 31.20471206 20.72440446
  20.65925543 20.83384392 20.83798733 19.87506825 20.30243414 20.82195246
  19.98264423 20.49031638 20.44380442 20.90237463 21.46093764 20.10531327
  20.78795286 20.73090763 19.91994959 20.85305082 20.86422755 20.96523411
  21.36130557 20.73708709 20.32159606 20.24226874 20.1884726  20.73985035
  20.85074322 20.51860427 19.82548865 20.80215082 20.22128436 20.14968929
  19.97541623 20.59084512 20.95348264 21.00000754 20.50303888 20.72000668
  20.52433523 20.64572235 19.64822763 20.69523394 20.55030126 20.31250146
  20.60506194 20.51437083 20.923274   20.77797897 20.11867605 21.02441003
  20.25626255 20.90002654 20.75817635 20.58938524 20.65980197 20.37346536
  20.18959666 20.76024847 20.60384085 20.60327699 21.05191897 20.09069768
  20.58292233 20.37476946 20.19007673 20.48264541 20.31984975 20.63397596
  20.97486369 20.91764488 20.88689426 20.95285658]
[19.91969857 20.37900982 20.08254232 19.97672027 20.04058564 20.3111986
  19.79630888 19.51416968 20.42950464 20.12037566 19.96739358 18.80487383
  19.56477675 19.64895754 20.01785454 19.89576638 19.36029301 20.70315692
  20.10721969 19.6644332  20.26684326 20.35674791 19.57141712 19.80239482
  19.42493119 19.79571614 20.17913743 20.50038213 20.72440446 29.51197957
  19.90791073 20.18942949 19.59453432 19.57529541 19.75934606 20.1243869
  19.50138181 19.9165319  19.68610881 20.29044181 20.85312874 19.76442937
  20.39156148 19.67083201 19.69342306 20.29894239 19.95892163 20.15173401
  20.00931253 19.71985952 19.46667604 19.38936543 19.42334414 19.93096269
  19.43481039 19.98952635 19.238045   20.03004224 19.51159948 20.02558599
  19.49667662 20.12758165 20.28594896 20.35164862 19.82494318 19.75718684
  19.98074137 19.23578929 18.93511701 19.82829617 19.643333   19.90165787
  20.04602651 20.0519697  19.48289317 19.99775167 19.12845338 20.47431255
  19.63231852 19.98568233 20.04078574 19.63813767 19.52285347 19.85806287
  19.64280252 20.01485935 20.29124227 19.83295045 20.07587163 19.31883517
  20.16215049 19.84823373 19.66468578 20.17050769 19.87624892 19.95269073
  20.08370323 20.03857806 20.03273026 20.31540392]
[20.18924333 20.45798367 19.97536581 19.89557042 20.16202775 20.14067483
  20.22739716 20.01386484 20.1562652  19.91737255 19.85138852 18.80952756
  19.79372446 19.84964682 20.46051526 20.34582166 19.96152137 20.89986882
  20.05171012 20.03935231 20.16610994 20.26917249 20.13623141 19.54093908
  19.80583827 19.96726982 19.7392231  20.45943741 20.65925543 19.90791073
  29.91613814 20.11017142 20.31460786 19.42048717 19.67249078 20.00424536
  19.72387556 20.44504028 19.95133033 20.49625493 20.58064511 19.82762546
  20.40581835 19.76174921 19.52222525 20.2756103  20.10003932 20.17061011
  20.02537209 20.08449735 19.96406074 19.6604786  19.82746177 19.98956384
  20.05042772 20.16598177 19.77056409 20.33058005 19.74117586 19.76044775
  19.60081397 20.15746262 20.32182803 20.08918466 19.98777795 19.92245027
  20.02967231 19.606275   19.15724407 19.77314865 20.11704861 19.63005925
  20.20731146 20.49188893 19.89857808 19.9976414  19.49266177 20.6744104
  19.37428622 20.32718174 19.8770571  19.7229008  19.9712557  19.96523438
  19.72823675 20.23522497 20.26135931 20.02264808 20.53410251 19.35180451
  19.95087554 19.82298311 19.97525975 19.79532784 19.68359619 20.06358493
  20.64898348 20.13236577 20.44052198 19.9820644 ]
[20.43373076 20.64709515 20.59719194 19.99502164 19.99884857 20.55809298
  19.85332675 19.85169294 20.72665387 19.83855523 20.13645912 19.19310708
  19.87800429 19.83565866 20.44165678 20.45530403 19.4186902  20.78964937
  20.25455934 20.02018532 20.47138245 20.56221832 20.08367961 19.76054103
  19.97801894 20.1152122  20.19068166 20.42940964 20.83384392 20.18942949
  20.11017142 30.23336933 20.34847266 19.62546839 19.58123841 20.38386754
  19.84431526 20.22482454 19.84661673 20.38339736 20.38303041 19.8864562
  20.59258866 19.92609537 19.79820194 20.44154279 20.17728201 20.08743828
