4162
100
10
20.537887852951187

[0.02536861 0.07729122 0.02813193 0.07632212 0.06872447 0.05435693
 0.07858335 0.06796321 0.05378662 0.02292168 0.04653206 0.08456345
 0.07306932 0.06702455 0.0468769  0.06420373 0.04686077 0.09784585
 0.08527242 0.03138928 0.09533414 0.03954057 0.09816807 0.05640719
 0.04966175 0.07664912 0.06816492 0.0957217  0.08417946 0.06310656
 0.07927133 0.06465017 0.07520998 0.0354193  0.06774944 0.06255431
 0.02558018 0.06033362 0.02629821 0.04755345 0.04349019 0.07359347
 0.06109268 0.07086265 0.07939964 0.06836627 0.04992669 0.02300013
 0.02288081 0.08884177 0.07955183 0.05383617 0.02963332 0.07780281
 0.09434452 0.05931239 0.03014155 0.02488991 0.07448865 0.05679632
 0.08955306 0.0956258  0.06392113 0.03587032 0.07640665 0.05095279
 0.07698465 0.05577033 0.07553129 0.06913845 0.07304029 0.08789536
 0.08998111 0.05949077 0.07504153 0.03496332 0.02198404 0.09134244
 0.02003355 0.08755924 0.0668645  0.08690927 0.05765056 0.0304688
 0.05827643 0.05516033 0.07101199 0.05181097 0.03618728 0.04010322
 0.09445115 0.09387021 0.07649144 0.07568068 0.03356117 0.06667174
 0.07240734 0.0473282  0.03608654 0.02186363]

[[30.16489773 20.22575988 20.7670954  20.69793866 19.82415719 20.83838025
  20.41903733 20.25723051 20.23416562 20.51805938 19.94775781 20.57753613
  19.5101158  20.35477494 20.54016805 20.69302192 20.07230792 20.56326578
  19.8429547  19.73792916 20.2543283  20.62198475 20.15035033 20.4021251
  20.0428764  20.23998953 20.15777547 20.42082896 20.34323466 19.74639273
  19.94023219 20.31827767 19.94523113 20.00542552 20.70681451 20.67846321
  20.46774031 19.89747125 20.78199621 20.03718822 19.71657032 20.6854479
  20.78599699 19.86062838 20.20337728 20.52924948 20.51518574 20.36270202
  20.36826837 20.31662871 20.16861793 20.21778382 20.43969853 20.11573337
  20.12194994 19.87620549 20.60955661 20.02722158 19.68325047 19.6511553
  20.10958027 19.42098075 20.22981186 20.51673044 19.73316228 19.42424233
  20.36130899 20.15191471 20.12188965 20.06760335 19.93056568 20.37489007
  20.19405147 20.49813349 19.9906936  20.40811802 19.95915914 19.95715735
  20.17781287 20.45242807 20.96103749 20.06953926 20.21026216 21.28806492
  20.22073826 19.91872625 20.25487689 20.16807145 20.30432593 20.29022046
  20.48368245 20.13032499 19.74136794 20.48270039 20.62526259 20.02995216
  19.96581528 19.76948872 20.27262105 20.48277377]
[20.22575988 30.24048123 20.22083568 20.4008268  19.70033464 20.36931608
  20.24493064 20.01354394 20.41414674 20.05106636 19.32006699 20.18259707
  19.45366428 20.16718265 20.00333361 20.13743078 19.79463882 19.86824451
  20.06009705 19.65678085 19.60909526 20.90363695 19.95574545 20.33797949
  20.03664252 20.13269684 20.04559565 20.19887099 19.7766466  19.60277548
  19.48185121 19.78960152 20.12079073 19.87788753 20.0315744  20.67279314
  20.39169012 20.12287578 20.19053311 20.13596127 19.63138595 20.22102075
  20.30898357 19.72568075 20.01427975 20.55608283 20.27834595 20.10265971
  20.04136083 19.77087178 19.76798214 20.06987649 20.44122244 20.13230916
  19.91397219 19.64983436 20.74521149 19.65492489 19.59175908 19.77802664
  20.17397976 19.68968001 20.51761181 19.75546746 19.32920208 19.57771087
  20.2030938  20.25013565 20.15012059 20.00685533 19.807935   20.62700404
  20.05848666 20.33072738 19.80428341 20.16729082 19.61090596 19.95785983
  20.23137167 20.78914145 20.78379972 19.80988556 20.00215235 20.13924843
  20.17724005 19.6872621  20.09178923 20.2024421  20.43923752 20.32852634
  20.70865293 19.6126763  19.84564979 20.55733267 20.20378909 19.71412973
  19.69447347 19.44297453 19.5209042  20.09616079]
[20.7670954  20.22083568 30.43549    21.14326931 20.04154559 20.56648694
  20.8869402  20.11899755 20.51901953 20.40599726 20.19554783 20.75561099
  20.11705165 20.46291033 20.32014014 20.37211309 20.0421275  20.08951196
  19.80875105 19.92323384 20.21063384 20.61464828 20.29615392 20.82130533
  20.16579677 20.37207964 20.22071382 20.34526505 20.46707551 20.2582038
  19.38934185 20.19263882 19.87354183 19.88086885 20.73030053 20.74562618
  20.72810938 19.75959419 20.64887494 20.51140519 20.22751935 20.24921485
  20.62611828 20.50284868 20.44177661 21.03825369 20.76685867 20.34000875
  20.46260944 20.25434577 20.07217705 20.23508105 20.68047306 20.33087355
  20.21436947 20.1913567  20.77631053 19.95149291 19.94242783 20.1057299
  20.07387272 19.48895636 20.33950564 20.25651255 20.00669064 19.53980782
  20.36158475 20.06873176 20.53093672 20.21594368 20.11888561 20.65865501
  20.06897063 20.54655041 20.01389081 20.59630303 20.01821461 20.18645368
  20.41352533 20.16476371 21.02565022 19.75724895 20.43225809 21.01958145
  20.48066634 19.88571291 19.95677426 20.03401337 20.1171166  20.78303291
  20.27829041 19.8083817  19.80802534 20.60372338 20.46044969 20.02231086
  20.16212488 19.81585923 20.30108465 20.25236022]
[20.69793866 20.4008268  21.14326931 30.65615892 20.51635161 20.68793749
  20.49918423 20.12449259 20.36665852 20.37238512 20.64426571 20.96563265
  19.80769075 20.2482994  20.447377   20.95049854 20.17465108 20.83121757
  20.16078399 20.08856776 20.54987218 20.98809028 20.25192906 20.83875675
  20.61975777 20.46693069 19.94719253 20.53765594 20.26243732 19.94809644
  19.95189986 20.36268523 19.91142849 20.45767819 20.53469287 21.10376041
  20.69991212 20.46209652 20.87138624 20.31589482 19.98090889 20.49395121
  20.664955   20.31646787 20.43644373 20.56469443 20.87528766 20.31047135
  20.62924411 20.52093949 20.34678321 20.79505491 20.98168923 20.53985089
  20.59571231 20.07272201 21.05144582 20.18195426 19.95369251 20.30910879
  20.4361092  19.41346265 20.51166604 20.40900126 20.13867031 19.52896493
  20.29990176 20.37600376 20.14431764 20.55359206 20.26275438 20.61078836
  20.29377026 20.87123937 20.42007542 20.97753883 20.23124678 19.99997014
  20.61473003 20.49037664 21.2195203  20.16862204 20.86705785 20.87453683
  20.40119374 20.03586255 20.41348201 20.41498136 20.63100038 20.59874318
  20.80523394 20.14905049 20.50013072 21.18719161 20.60455202 19.97558897
  19.84448421 19.99515336 20.03489451 20.31985513]
[19.82415719 19.70033464 20.04154559 20.51635161 29.42029742 20.4150643
  19.963951   20.30889838 19.85440515 20.21492384 19.26512313 20.49189074
  19.24773937 19.55163528 19.76793579 19.83726786 19.48242992 19.7439876
  19.90407934 19.55942913 20.04196384 20.26693107 19.68868345 19.96898477
  19.29680651 19.68564413 19.88469367 19.96460108 19.81070548 19.41416673
  19.27721437 19.81483198 19.68460225 19.68201911 19.82889061 20.03500397
  20.25376416 19.69291708 20.1203746  19.74955413 19.30928566 19.91931532
  20.06793681 19.45390116 19.86960781 20.0455528  20.12479458 20.09906183
  19.97378449 19.77684382 20.08475743 20.14087753 20.14155329 19.94953875
  19.51717037 19.40010829 20.35043915 19.68612837 19.51639453 19.37964928
  20.15015454 18.94615156 20.00764075 19.67948315 19.76882486 19.27390917
  19.74413069 19.87192684 19.69793023 19.97931151 20.11524575 19.76244728
  19.84553585 20.24205651 19.6640094  20.02762834 19.86445822 19.52714451
  19.61436871 20.33641898 20.60725806 19.65553771 20.17351006 20.80824641
  19.90388497 19.78402128 19.64473793 19.60927114 19.93201364 20.1386588
  20.09386667 19.48458194 19.90617527 20.33379694 19.64536562 19.70476197
  19.67545693 19.47683716 19.39377719 20.05555723]
[20.83838025 20.36931608 20.56648694 20.68793749 20.4150643  30.26479975
  20.31680454 20.26736186 20.50189319 19.93657328 20.04463351 20.88831744
  20.06011735 20.65594993 20.37970088 20.79527697 20.42072154 20.00879217
  20.17946929 19.87223296 20.22178367 20.58260006 20.16167011 20.85740853
  20.25980979 20.30314714 20.05441986 20.53954687 20.25412252 20.60295265
  19.45614445 20.23577313 20.339924   19.78147821 20.65473295 20.7156095
  20.60078501 20.20097788 20.53917724 20.50607264 19.81089486 20.53088088
  20.24852591 20.03184938 20.37277573 20.45432246 20.78772233 20.52140384
  20.53591122 20.36239121 20.35726518 20.66195956 20.53053296 20.65956056
  20.21757585 19.86536966 21.33263665 20.52888931 20.12793836 19.92225807
  20.47409499 19.63566932 20.67347699 20.25570321 19.80933078 19.71631134
  20.25986526 20.4766732  20.28007317 20.2120406  20.30041072 20.53968342
  20.22680874 20.30236208 20.23757741 20.54190928 19.97101313 20.15633127
  20.49601388 20.71118877 20.72518533 20.20052872 20.31104941 20.99260524
  20.71521571 20.10512874 20.0335099  20.40587065 20.15324796 20.60808877
  21.01991025 20.39207079 20.14460474 20.92693942 20.72249157 20.34850459
  20.03090148 19.76975201 20.01013718 20.55900501]
[20.41903733 20.24493064 20.8869402  20.49918423 19.963951   20.31680454
  30.37585016 20.11052936 20.46892545 19.88543936 19.89619644 20.62311409
  19.69566675 20.33549543 20.19064963 20.78291638 20.09299384 20.09918481
  19.97804001 19.73421085 20.40327217 20.57855958 20.13393524 20.67316711
  19.86657619 20.60312397 20.36287697 20.43163383 20.29658286 20.32385174
  19.38726901 19.96478152 20.31577947 19.89078649 20.20785283 20.66048679
  20.68754169 20.16148381 20.63184349 20.44908327 19.99949406 20.58547371
  20.49686299 19.59075814 20.612108   20.00172251 20.63306905 20.44883094
  20.67989337 20.0265822  20.27619373 20.41471958 20.81131867 19.94505069
  20.06204784 19.71466521 21.12133413 20.10339495 19.75620599 20.11850571
  19.81857449 19.48317184 20.45422516 20.38857233 20.02865263 19.3905694
  20.26920737 20.45019452 20.29424852 20.08040017 20.26502163 20.41616356
  20.13012777 20.45293807 20.0238461  20.75864963 19.80146318 20.05408
  20.50611738 20.69933749 20.76965958 19.62800112 20.53237695 20.84240507
  20.25819327 19.97474813 20.2643913  20.34225935 20.29912267 20.1453788
  20.10621505 19.90287193 19.84301808 20.89111261 20.13122537 20.01554449
  20.07429263 19.90923608 19.76067802 20.13385843]
[20.25723051 20.01354394 20.11899755 20.12449259 20.30889838 20.26736186
  20.11052936 29.92674272 19.99338943 19.63514132 19.64276823 20.5607058
  19.3517023  20.2442947  19.55030154 20.04824956 19.85169083 20.57580556
  19.64299276 20.24289834 20.05049131 20.35806502 19.4380775  20.45199602
  19.95295204 19.98830435 20.48874518 20.11872041 20.0821555  19.762807
  19.18748438 19.76740415 19.84681993 19.6972783  20.05364697 20.55719997
  19.99971835 19.64977212 19.95185963 20.05686122 19.32293371 19.86057179
  20.50524464 19.68914466 20.22403259 20.49711337 20.15488688 20.11270936
  20.01078851 20.13287948 19.94716358 20.42501871 20.32559312 20.37184373
  19.94265815 20.02824417 20.65385551 20.40201222 19.51850499 20.06216982
  19.74158427 19.23427643 20.17134284 20.35673897 19.89669504 19.27782469
  20.02809069 20.2498612  19.77214076 20.27034107 19.69495167 20.24648173
  19.97999042 20.26267403 19.71438065 19.89612252 20.3690132  19.81914745
  20.42892411 20.14642152 21.18457712 19.30954315 20.35888191 20.86241845
  20.1797333  19.97873836 19.76686843 19.81824007 20.63505928 20.26464734
  20.16445349 19.67349784 19.99170719 20.39620702 19.87782176 19.71518989
  20.06412922 19.79838994 20.11115626 20.2803704 ]
[20.23416562 20.41414674 20.51901953 20.36665852 19.85440515 20.50189319
  20.46892545 19.99338943 29.85087605 20.09192193 19.94861365 20.75382512
  19.59339948 20.23267507 20.17630866 20.32446186 19.82003319 19.98570167
  19.93150861 19.75193925 19.83129835 20.64949274 20.19048053 20.64872851
  20.06126762 20.37943281 19.89890916 20.48648859 20.37490719 20.00015301
  19.59680861 20.0208125  19.72173925 19.96214081 20.03964037 20.46035765
  19.91656336 19.5242799  20.28325375 20.47504083 19.73957921 20.34089847
  20.65674296 19.89524551 20.12394412 20.28611544 20.5171169  20.57225384
  20.58334092 20.08401486 20.46579728 20.37780012 21.04831803 20.49790999
  19.63768146 19.73215571 20.81972642 19.63144139 19.89925782 19.89714205
  20.28468593 19.87138679 20.39590899 20.14344933 19.54656267 19.73329243
  20.03907589 19.8771964  20.09759526 20.239018   20.39339284 20.40756971
  20.09253252 20.47621365 20.19275341 20.62001678 19.96878937 19.95490584
  20.4853622  19.96641813 20.7181495  19.97962468 20.50586545 20.64375523
  20.27805863 19.63129416 19.68804735 20.63000695 20.2933837  20.43111945
  20.59963582 20.04652587 20.07264138 20.67307586 20.25234258 19.81471187
  20.09171049 19.59806122 20.14745305 20.46854136]
[20.51805938 20.05106636 20.40599726 20.37238512 20.21492384 19.93657328
  19.88543936 19.63514132 20.09192193 29.50552721 19.50743249 20.38051327
  19.27095985 19.71726858 19.83128811 20.02790074 19.90199243 19.90311501
  19.97348828 19.70815902 20.03895134 20.80283728 19.7755117  20.18159645
  19.92195996 19.96478697 20.18187585 20.09651698 19.79043855 19.50530629
  19.17803569 20.00381518 19.70015115 20.02996979 19.89575359 20.49288915
  19.53347447 19.7909834  20.12946607 19.798908   19.56265355 20.17784548
  19.90780672 19.75353317 20.04538035 19.84045258 20.10238361 20.18282497
  20.34889789 19.73300172 20.142184   20.23335642 20.27313301 19.7550851
  19.51960998 19.41747046 20.27508293 19.83902618 19.67773231 19.69959194
  19.86683034 19.1722175  20.30839245 20.01715216 19.80148761 19.14402064
  20.11284883 19.47333194 19.66079103 19.83625461 20.10636272 20.26666619
  19.76195177 20.36079321 19.92332799 19.68041039 19.9109728  20.27811512
  20.03354093 20.15006052 20.45763722 19.7228774  20.21770325 20.50764815
  20.08883472 19.92936895 19.97856811 20.1092631  19.7701651  20.41990433
  20.23332074 19.72801854 19.85623611 20.29590794 19.86854539 19.71285269
  19.63992921 19.57002525 19.51640986 19.78622727]
[19.94775781 19.32006699 20.19554783 20.64426571 19.26512313 20.04463351
  19.89619644 19.64276823 19.94861365 19.50743249 29.17845374 19.84973283
  19.24639808 19.53199383 19.33811219 20.0758693  19.40995904 19.63049665
  19.48224921 19.30585986 19.51778686 19.92904264 19.91203479 19.95979887
  19.57873967 19.60756993 19.70711739 19.81409967 20.00209231 19.76619982
  18.76620226 19.31548533 19.52617886 19.47661783 19.84888983 20.09347229
  19.512117   19.75621273 19.99657591 19.32029412 19.33595267 19.80447511
  19.92097806 19.4229402  19.80064577 20.13195965 19.8817441  19.65069354
  20.03352896 19.37652663 19.59001586 19.79381012 20.32724196 19.76682143
  19.97317086 19.29308187 20.01518217 19.48836516 19.31357448 19.47367649
  19.84688272 19.19630789 19.99872355 19.38140643 19.32591743 18.98581501
  19.90444951 19.85389005 19.98067291 19.64082078 19.53573447 20.24616483
  19.76404931 20.40548921 19.50699425 19.94350948 19.32497706 19.33057205
  19.91795393 19.64638652 20.48633983 19.56780574 19.94887114 20.59343654
  19.70217295 19.34762177 19.80902056 19.70610641 19.57683958 19.65909471
  19.91055196 19.14823114 19.48267758 20.21485226 20.03344345 19.60206751
  19.6648322  19.17488687 19.64528066 19.72061499]
[20.57753613 20.18259707 20.75561099 20.96563265 20.49189074 20.88831744
  20.62311409 20.5607058  20.75382512 20.38051327 19.84973283 30.46739484
  20.49342957 20.14155475 20.38890191 20.52313903 20.06205163 20.46917525
  20.04611434 20.24741741 20.40128856 21.09789055 20.40921492 20.80209271
  20.37161509 20.54766857 20.529558   20.48263575 20.41512329 20.13925272
  19.41231023 20.11171783 20.47105784 20.06603922 20.50630479 20.94660986
  20.27056233 19.74498159 20.82155628 19.89516731 19.74196063 20.46805501
  20.57406917 20.04245478 20.51774968 20.49687489 20.84493653 20.44561767
  20.68102955 20.76476133 20.61506834 20.43521422 21.00819633 20.66789706
  20.32988143 20.16937965 20.97598193 20.38147236 20.1530235  20.00968155
  20.33308184 19.66778053 20.8156415  20.31346538 19.7814262  19.94005182
  20.33063002 20.43561892 20.21636872 20.24167503 20.35760835 20.25649571
  19.96575842 20.74306977 20.24253016 20.55385029 20.33049187 20.33152305
  20.22039334 20.41191966 20.99890554 20.01480958 20.00998382 20.46213299
  20.73976688 20.28305404 19.88210349 20.33179631 20.33790754 20.51183323
  20.54704984 20.06983454 20.1047995  21.14677887 20.6686986  20.5522538
  20.12784928 19.70345621 20.25240165 20.25328739]
[19.5101158  19.45366428 20.11705165 19.80769075 19.24773937 20.06011735
  19.69566675 19.3517023  19.59339948 19.27095985 19.24639808 20.49342957
  29.06375679 19.74278132 19.77624289 19.79300237 19.4161182  19.95781246
  19.05923835 19.00838288 19.57295008 20.18945109 19.43441733 19.90163881
  19.65499944 19.42093187 19.43231366 19.61328525 19.57764172 19.94961436
  18.79677625 19.68172298 19.26838083 19.70277614 20.08896148 20.08588371
  19.77552306 19.3737715  20.1635356  19.3851039  19.04626179 19.88315758
  19.60462411 19.45924421 19.58782086 19.69358674 20.10710906 19.65225941
  20.04515442 19.79212233 19.53917461 19.85961766 19.82230712 19.67871697
  19.36603741 18.92993625 20.09409832 19.43080597 19.32199465 19.63817098
  19.55908677 18.97252865 19.86256177 19.43408008 19.15930111 18.91477564
  19.55651842 19.49154706 19.48349012 20.33109251 19.62737954 19.96230589
  19.43084235 19.95421048 19.65138351 19.93366232 19.29733356 19.48643189
  19.53610351 19.48393911 20.31065711 19.56899195 19.75634137 20.13240064
  19.7437941  19.55313142 19.22796399 19.62282549 19.35533431 19.54468893
  19.60673612 19.0307908  19.72468647 19.67100494 19.72693822 19.61033784
  19.28541346 19.12742507 19.36046028 19.45265763]
[20.35477494 20.16718265 20.46291033 20.2482994  19.55163528 20.65594993
  20.33549543 20.2442947  20.23267507 19.71726858 19.53199383 20.14155475
  19.74278132 29.82539594 20.34063325 20.29900583 19.85750741 19.71880769
  19.95966174 19.83963029 20.21042103 20.42182327 19.7926214  20.38545069
  20.42131689 19.76456101 20.22297454 20.20359577 19.97585062 20.0466103
  19.40959088 19.87389565 20.04860836 19.89453703 20.09521827 20.6913848
  19.89604853 19.97940817 20.34128966 20.33679566 19.56384015 20.3472615
  20.12348297 19.70461526 20.33778492 20.03073762 20.22807782 20.27662291
  20.7117467  19.93379135 20.50302744 20.36144972 20.54009234 20.15081001
  19.58652302 19.66574565 20.82797325 20.01104656 19.52589755 20.07777572
  20.34113948 19.59610302 20.55850892 20.15582782 19.98085511 19.1377596
  20.06240944 20.11000191 20.17271063 19.88648161 20.18391056 20.47509737
  20.28304608 20.3612477  20.04484328 19.99438304 20.0861178  20.08800706
  20.51989642 20.43926718 20.19969776 20.18885692 20.11607049 20.76737227
  20.38506962 19.88055395 19.93005039 20.05689731 20.11435357 20.45925036
  20.17979437 19.99934308 19.79960276 20.69546754 20.45068674 19.91539993
  19.901464   19.94525289 19.7209869  20.43087027]
[20.54016805 20.00333361 20.32014014 20.447377   19.76793579 20.37970088
  20.19064963 19.55030154 20.17630866 19.83128811 19.33811219 20.38890191
  19.77624289 20.34063325 30.21632853 20.48911592 20.06117086 20.1653916
  19.92366622 19.84604618 19.96587331 20.73873323 19.59814113 20.45984099
  19.97499032 20.10298572 19.9372779  20.63806517 20.08069745 19.64235277
  19.39507761 19.56436262 19.97680361 19.55433469 20.13043179 20.4509637
  20.45074588 19.92449694 20.18766915 19.90933877 19.71400421 20.29130266
  20.65133859 19.81884384 20.35401886 19.90738125 20.45387115 19.3860692
  20.49225105 20.29637423 19.94144866 19.92925305 20.34940753 20.47984123
  19.94725392 19.88983146 20.83888017 20.14451682 19.71027757 20.00882542
  20.48089388 19.12903247 20.04199161 20.41835896 19.64436767 19.20894067
  19.89864327 20.14809866 20.25252676 20.2105537  20.37161815 20.36897206
  20.05601228 20.32768297 19.62438448 20.49635131 19.82393625 19.78561465
  20.07403564 20.24568682 20.5677838  19.52627312 20.20590337 20.37938024
  20.11588759 19.80136304 19.90719926 20.56094582 20.12327206 19.95941629
  20.27758362 20.14012923 19.5978869  20.43149517 20.12539053 20.0047014
  19.94731944 19.56486364 19.41750459 19.99694009]
[20.69302192 20.13743078 20.37211309 20.95049854 19.83726786 20.79527697
  20.78291638 20.04824956 20.32446186 20.02790074 20.0758693  20.52313903
  19.79300237 20.29900583 20.48911592 30.36723933 20.22881829 20.2864944
  20.45922871 20.13155569 20.51559855 20.40021041 20.25773474 20.79496663
  20.20880755 20.30464835 20.6057277  20.27661273 20.58974089 19.52656677
  19.60198815 19.97294076 20.1102578  19.88245551 20.33866029 21.00411251
  20.59405398 20.27007744 20.8148173  20.59728838 20.1060806  20.6552787
  20.44896935 19.71956738 20.40250967 20.78541403 20.32403537 20.55031327
  20.60562245 20.00733463 20.22493356 19.89211615 20.78300992 20.4440391
  20.41895849 19.71647119 21.18311971 20.14169461 20.20837392 19.86570586
  20.39879558 19.83482702 20.28939896 20.51317126 19.78585498 19.64106404
  20.12262629 20.15116522 20.15734785 20.30730717 19.79582827 20.26760083
  19.94090768 20.51873817 20.38776668 20.63042453 20.1569749  20.33577389
  20.64426921 20.58651848 20.79893685 19.89033785 20.2430931  20.53314304
  20.65053499 20.33915642 19.74769728 20.44306597 20.7331019  20.39438823
  20.31612907 20.12678451 19.74493792 21.02473059 20.49904193 19.9640409
  20.03985728 19.85087812 20.06216199 20.21475157]
[20.07230792 19.79463882 20.0421275  20.17465108 19.48242992 20.42072154
  20.09299384 19.85169083 19.82003319 19.90199243 19.40995904 20.06205163
  19.4161182  19.85750741 20.06117086 20.22881829 29.30258203 19.64391975
  19.99623628 19.11362346 19.67868793 20.13796004 19.82710076 20.16804734
  19.8532448  19.95317862 19.9346324  19.68632888 19.73788995 19.45944933
  19.13692704 19.64627118 19.46124993 19.7395767  19.74449182 20.48890915
  20.22498316 19.8958306  20.18540276 20.1423319  19.41630025 19.74630462
  20.12162135 19.48169553 19.87386298 20.28157495 20.14028555 20.15086957
  19.85108747 19.80084125 19.80225586 19.74138424 20.16852164 19.98699302
  19.60625697 19.26682277 20.61348321 19.48804099 19.36415438 19.37594222
  20.14166557 19.0967193  20.21297285 19.93924187 19.70653222 19.24009033
  19.63843641 19.70216214 19.83781719 19.95290493 19.55719819 20.12211503
  19.8902797  20.06831351 19.89282425 20.50000992 19.12586431 19.86429471
  19.70593287 19.83687285 20.31240134 19.85281472 20.0941157  20.51761837
  19.88592455 19.69230996 20.25733885 20.15748549 20.12713362 20.1504328
  20.15413809 19.65962248 19.3562137  20.19367411 19.9763286  19.48548608
  19.63391334 19.26464679 19.62814742 19.99040165]
[20.56326578 19.86824451 20.08951196 20.83121757 19.7439876  20.00879217
  20.09918481 20.57580556 19.98570167 19.90311501 19.63049665 20.46917525
  19.95781246 19.71880769 20.1653916  20.2864944  19.64391975 29.63237284
  19.95535057 19.69136116 20.51118799 20.48069004 20.06052316 20.50539064
  20.20405644 20.34350523 20.13018226 20.11315803 20.34655438 20.42106408
  19.40308397 19.95317476 20.37667459 19.53839595 20.29107735 20.59953389
  20.45233599 19.9126175  20.11178524 20.16173036 19.63897782 19.75965247
  20.34032975 19.82922563 20.27902841 20.28215658 20.33382113 20.17174509
  20.35389674 20.00801719 20.00361319 20.40628696 20.1218262  20.19898153
  19.86325016 19.59018138 20.64146476 19.95467554 19.67587946 19.89985501
  20.34124663 19.29007806 20.27353427 20.70453378 19.77998488 19.60301454
  20.25372492 20.016651   20.19324388 19.95648199 19.98649929 20.24832925
  19.94374492 20.48286083 20.32156833 20.22268525 19.67637795 19.98562063
  20.55454489 20.23076902 20.76309536 19.70078604 20.33474434 20.95436036
  20.18196241 20.00156991 19.83412771 20.03300001 20.2547205  20.35129821
  20.31226588 20.2757522  19.94731452 20.76454415 20.00558025 20.3483256
  19.87376684 19.70454111 19.94644838 19.91280203]
[19.8429547  20.06009705 19.80875105 20.16078399 19.90407934 20.17946929
  19.97804001 19.64299276 19.93150861 19.97348828 19.48224921 20.04611434
  19.05923835 19.95966174 19.92366622 20.45922871 19.99623628 19.95535057
  29.02589701 19.54743871 19.50220284 20.08444492 19.87033246 20.07186525
  19.85571736 19.91695784 19.70044527 20.00191449 20.31665812 19.58856419
  19.15756606 19.9354583  19.83582568 19.50979382 19.78898337 20.42774726
  19.77198077 19.35681696 20.31966374 19.76092215 19.28182891 20.07814262
  19.95012895 19.44869743 19.96556265 20.12875788 19.79233183 20.14525382
  20.45577528 19.92540237 19.90717403 19.98804599 20.23412296 20.20704418
  19.69731508 19.25920524 20.62479454 19.86123076 19.60584379 19.72649154
  19.98661802 19.19030013 20.26136066 20.08779285 19.56054233 19.31872693
  19.90609176 19.8967058  19.61334929 20.04630167 19.85827338 20.2779848
  20.03169964 20.25293174 19.82268882 20.24169834 19.50779735 20.03114803
  19.70581108 20.20735618 20.51489365 19.54942655 20.00131589 20.2264765
  20.18718529 19.74398213 20.04071957 19.86879393 19.52227567 19.80198045
  20.34120652 19.50176802 19.63592002 20.48529155 20.46138801 19.92961343
  19.97363559 19.92793899 19.60500634 19.93957324]
[19.73792916 19.65678085 19.92323384 20.08856776 19.55942913 19.87223296
  19.73421085 20.24289834 19.75193925 19.70815902 19.30585986 20.24741741
  19.00838288 19.83963029 19.84604618 20.13155569 19.11362346 19.69136116
  19.54743871 29.43861061 19.56113879 19.95001455 19.7799002  19.60365451
  19.41754464 19.92334336 19.77916455 20.01031905 19.89279786 19.52139287
  19.09511    19.72831333 19.46103206 19.39444673 20.06741071 20.06413432
  20.22117329 19.35387081 19.76351128 19.67058135 19.14967478 19.8774027
  19.8395469  19.4639759  19.50095639 20.40362965 19.96391343 19.98409344
  20.07679584 19.25371481 19.25042476 19.65689108 19.87394132 19.84463174
  19.65473488 19.66167526 20.54813435 19.81935051 19.45002579 19.47066124
  20.15576767 19.29456168 19.81513783 19.3513057  18.86563483 19.20055328
  19.88488204 19.83948219 19.70825951 19.57278193 19.62684301 19.85814233
  19.59976699 19.6775968  19.60165678 19.93728372 19.68082006 20.00085479
  20.07015649 20.19868492 20.23770988 19.45213171 20.28953275 20.8015403
  20.07759848 19.71130034 19.77153094 19.90759664 20.27350407 20.37888558
  19.96155062 19.45098351 19.40046272 20.09507815 19.86341083 19.57776087
  19.10882424 19.38213561 19.20815533 19.56020673]
[20.2543283  19.60909526 20.21063384 20.54987218 20.04196384 20.22178367
  20.40327217 20.05049131 19.83129835 20.03895134 19.51778686 20.40128856
  19.57295008 20.21042103 19.96587331 20.51559855 19.67868793 20.51118799
  19.50220284 19.56113879 29.87080758 20.56197747 19.79288858 20.31258631
  19.80328085 20.03832569 20.53316755 20.13280083 20.30775511 20.22915925
  19.31324006 19.8474778  19.88053242 20.41643637 20.12814028 20.65669422
  20.24205283 19.79437076 20.52918717 20.4370936  19.45194196 20.05270196
  20.55277298 19.95683025 20.42082705 20.48145348 20.17458116 19.7704569
  20.59872472 19.98944646 20.06223292 20.48548681 20.60995784 20.15426407
  20.14346311 19.70856847 20.92204527 20.17696129 19.74989543 19.3034663
  19.96771375 19.68838817 20.46275812 19.96021271 19.48034966 19.30472168
  20.2805135  20.2796769  19.93506258 20.1373026  20.11105265 20.29040648
  20.3813819  20.35440589 19.64548022 20.81040557 19.9079728  20.00785096
  20.2343237  20.44919374 20.89453404 20.0453305  20.08212732 20.60323186
  20.07516441 19.65894126 19.98569061 20.05811761 20.25498785 20.38653755
  20.40727903 19.81287718 20.30546489 20.52540801 20.05974195 20.16256477
  19.94878273 19.44819848 19.97967249 20.54256936]
[20.62198475 20.90363695 20.61464828 20.98809028 20.26693107 20.58260006
  20.57855958 20.35806502 20.64949274 20.80283728 19.92904264 21.09789055
  20.18945109 20.42182327 20.73873323 20.40021041 20.13796004 20.48069004
  20.08444492 19.95001455 20.56197747 30.83565795 20.77918502 20.98473366
  20.29012421 20.59713197 20.77957105 21.04070262 20.38161185 20.54210089
  20.01684147 20.41012356 20.32524755 20.60410052 20.71981036 20.76959428
  20.89118885 20.26854471 20.81974209 20.39541815 20.23601498 20.5794955
  20.8740496  20.07516246 20.41456891 20.75835747 21.08055702 20.34907054
  20.88573343 20.89116322 20.37479686 20.70844803 20.56385976 20.62637055
  20.33022854 20.10911128 20.96282099 20.67455326 20.16639206 20.3046572
  20.65328072 19.69348468 20.8716829  20.54255955 20.36326366 20.27744859
  20.79459165 20.26989799 20.50788315 20.88111419 20.21942548 21.36963971
  20.60653562 20.73946969 20.06072381 20.90843575 20.63551505 20.56291775
  20.90484417 20.61304919 21.4947489  20.26454358 20.55737494 20.91598132
  20.64027896 20.37070837 20.37826191 20.71031464 20.81309296 20.97845648
  21.1042723  19.99178722 20.39757163 21.28777036 20.56429857 20.27560049
  20.19052394 20.18289022 20.21061112 20.55516287]
[20.15035033 19.95574545 20.29615392 20.25192906 19.68868345 20.16167011
  20.13393524 19.4380775  20.19048053 19.7755117  19.91203479 20.40921492
  19.43441733 19.7926214  19.59814113 20.25773474 19.82710076 20.06052316
  19.87033246 19.7799002  19.79288858 20.77918502 29.68898653 20.02786227
  20.11650554 19.87396394 19.74215897 20.20018639 19.61624801 19.76733886
  19.22746676 19.77018485 19.85219946 19.97029524 20.27210245 20.46025639
  20.20638824 19.46326495 20.3957126  20.13772193 19.46545403 19.83934035
  20.2221317  19.56167984 19.70504669 20.39662174 20.22539293 19.94440641
  19.9911667  19.71318974 20.05613491 19.69272773 20.23296829 19.95318729
  19.7194222  19.33981252 20.46570138 19.88397978 19.72723144 19.21363689
  19.84462902 18.98311737 20.32989579 20.37424708 19.61277679 19.47792949
  20.24973664 19.77099286 19.83316339 20.01602302 20.05949242 20.09155064
  20.03344116 19.96271787 19.83873664 19.947717   19.84875272 19.5937253
  20.30451572 19.96259106 20.35343265 19.99786254 20.15521146 20.65553694
  20.15887409 19.48237526 19.66834141 19.83133631 20.07424124 20.33487232
  20.16563986 19.55099981 19.53949492 20.67073029 20.04358671 19.98512587
  19.66860389 19.32611371 19.88712968 19.96195889]
[20.4021251  20.33797949 20.82130533 20.83875675 19.96898477 20.85740853
  20.67316711 20.45199602 20.64872851 20.18159645 19.95979887 20.80209271
  19.90163881 20.38545069 20.45984099 20.79496663 20.16804734 20.50539064
  20.07186525 19.60365451 20.31258631 20.98473366 20.02786227 30.097574
  20.36734718 20.49615492 20.16921859 20.42351994 20.61454851 20.31232261
  19.75594658 20.36281361 20.50130417 19.9224926  20.43420868 20.66510325
  20.50764649 19.85479754 20.65246545 20.32408079 19.64413758 20.53487675
  20.49626405 20.23199538 20.38710825 20.76291991 20.42577205 20.79138201
  20.43604476 20.31993219 20.40816373 20.61163785 20.51891562 20.58757189
  20.06315277 19.94613984 21.46502396 20.34702527 19.99992708 20.09362667
  20.20450845 19.72037293 20.74742912 20.26707919 19.88296403 19.81257855
  20.42719639 20.18926699 20.43625554 20.43861587 20.42547832 20.71008518
  20.16021168 20.32074653 20.29873279 20.80802723 20.54531467 20.29298362
  20.69456609 20.43067554 21.03368442 20.07769469 20.40610353 20.94998211
  20.50936167 20.44264314 20.18443648 20.57458865 20.68578574 20.57826532
  20.59440944 19.92916908 20.23776231 21.41399914 20.59017949 20.53971619
  20.14409762 19.92635074 20.12440791 20.44268152]
[20.0428764  20.03664252 20.16579677 20.61975777 19.29680651 20.25980979
  19.86657619 19.95295204 20.06126762 19.92195996 19.57873967 20.37161509
  19.65499944 20.42131689 19.97499032 20.20880755 19.8532448  20.20405644
  19.85571736 19.41754464 19.80328085 20.29012421 20.11650554 20.36734718
  29.35309431 19.70868885 20.2078373  20.33284134 19.92915921 20.17171544
  19.19867051 19.5832945  19.78305027 19.80943114 20.21313176 20.38732721
  20.40645524 19.96853525 19.93004008 19.99285665 19.46234303 19.9439631
  20.05805147 19.83378008 19.92405679 20.00568761 20.21040411 19.86539448
  20.27751118 20.0160192  19.72889324 19.69388895 20.21180967 20.01934504
  19.87531029 19.81088651 20.66021078 20.10386117 19.61476872 19.72456719
  19.95003619 19.29877734 20.04695377 19.84822478 19.46767454 19.48540322
  20.30016729 20.22796208 20.16439176 20.24425555 20.20088963 20.24342477
  19.71524869 20.03065744 19.67462327 20.45665193 19.73250523 20.1614756
  20.34795679 20.19161147 20.37459019 20.09181412 20.16981819 20.3169707
  20.38229636 19.71270497 19.95320796 20.00477606 19.77442934 20.40520457
  20.17161648 19.69694853 19.7186923  20.33959134 20.04070537 19.73241262
  19.48617561 19.71125983 19.67190062 20.05145185]
[20.23998953 20.13269684 20.37207964 20.46693069 19.68564413 20.30314714
  20.60312397 19.98830435 20.37943281 19.96478697 19.60756993 20.54766857
  19.42093187 19.76456101 20.10298572 20.30464835 19.95317862 20.34350523
  19.91695784 19.92334336 20.03832569 20.59713197 19.87396394 20.49615492
  19.70868885 29.93287477 20.06173234 20.53220472 20.24687335 19.91593607
  19.11116217 20.0620794  20.04452666 19.73763947 20.16311209 20.61744948
  20.21636512 19.85132168 20.40578818 20.24315376 19.73751829 20.27969229
  20.3969445  19.87085251 20.0599328  20.36890254 20.15847403 19.84705006
  20.56823378 20.00713961 20.18318944 20.25065695 20.17280093 20.03594302
  19.70295291 19.64771425 20.75482673 20.04489179 19.42734635 19.72173459
  19.96080773 19.7011664  20.19061885 20.21644354 19.53862364 19.81475851
  20.02870249 20.17956217 19.92196663 19.93646448 20.14944339 20.35451582
  20.31296602 20.23420216 20.23862555 20.49020505 19.55280636 19.90088625
  20.00158128 20.50383795 20.59864201 20.14779412 19.97495264 20.57847273
  19.85893878 20.03243158 19.8892929  19.58480512 20.14108733 19.92990662
  20.23241571 19.63449521 19.82635096 20.53433629 19.99102013 20.09622998
  19.83227232 19.43575571 20.08462521 20.09654725]
[20.15777547 20.04559565 20.22071382 19.94719253 19.88469367 20.05441986
  20.36287697 20.48874518 19.89890916 20.18187585 19.70711739 20.529558
  19.43231366 20.22297454 19.9372779  20.6057277  19.9346324  20.13018226
  19.70044527 19.77916455 20.53316755 20.77957105 19.74215897 20.16921859
  20.2078373  20.06173234 30.29665865 20.39082364 20.1107976  20.22047787
  19.21021298 20.10891357 19.86381324 19.93741244 19.90977357 20.74889865
  20.41101881 19.9289024  20.29127212 20.35704559 19.64772671 20.20164178
  20.44183867 19.72497194 19.92994159 19.98210322 20.10141876 20.44684485
  20.57807926 19.91303297 20.22289468 20.01476899 20.5048367  20.48724567
  20.23637333 19.73044877 21.19194226 19.8106748  19.31878275 19.65006867
  20.00372045 19.64400826 20.79664809 19.97460941 19.74579068 19.49160835
  20.28031154 20.20604077 20.01488035 20.31320122 19.70532605 20.68391428
  20.17515987 20.07980318 20.39393042 20.74077211 19.78287692 20.19428549
  20.1142613  20.62549393 20.88624864 19.77292351 20.17136878 20.71624572
  19.94476407 19.69047551 19.64579066 20.08871017 20.26273434 20.2475675
  20.07343105 19.65096004 19.47499543 20.80539044 20.46722607 19.80576817
  19.88681122 19.74408533 19.84211964 19.99095404]
[20.42082896 20.19887099 20.34526505 20.53765594 19.96460108 20.53954687
  20.43163383 20.11872041 20.48648859 20.09651698 19.81409967 20.48263575
  19.61328525 20.20359577 20.63806517 20.27661273 19.68632888 20.11315803
  20.00191449 20.01031905 20.13280083 21.04070262 20.20018639 20.42351994
  20.33284134 20.53220472 20.39082364 29.71032224 20.65961121 20.2718186
  19.40236666 20.06720443 20.08122794 20.13861212 20.4804501  20.91324367
  20.56201128 20.16567129 20.48242929 20.466495   19.43492903 20.47911455
  20.52253537 19.79944135 20.41657334 20.53967903 20.8023525  20.57328681
  20.63694498 20.77203984 20.17678132 20.1728337  20.66072079 20.25006347
  20.2450652  19.99527141 20.94327865 20.25766023 19.907943   20.35470529
  20.489827   19.75492677 20.35533809 20.03496455 19.53128325 19.84955044
  20.13996739 20.34378899 20.02367302 20.56712895 20.42751934 20.79263706
  20.21149829 20.5483653  19.92862149 20.41540356 19.82797597 20.03168045
  20.4695612  20.48762856 20.69832009 19.95989641 20.3270593  20.56730663
  20.41930614 20.00959668 19.99589577 20.35568929 20.51368615 20.38729221
  20.64624837 19.82836648 19.92787174 20.89367495 20.38922285 19.99236505
  19.86085343 19.68251841 20.34543385 20.03732319]
[20.34323466 19.7766466  20.46707551 20.26243732 19.81070548 20.25412252
  20.29658286 20.0821555  20.37490719 19.79043855 20.00209231 20.41512329
  19.57764172 19.97585062 20.08069745 20.58974089 19.73788995 20.34655438
  20.31665812 19.89279786 20.30775511 20.38161185 19.61624801 20.61454851
  19.92915921 20.24687335 20.1107976  20.65961121 29.87835805 19.47184515
  19.18085455 20.13228292 19.89297179 19.61764431 20.03784364 20.8205743
  20.22962897 19.77799964 20.17969408 20.21515426 19.37711856 20.1035559
  20.18143668 19.85058991 20.18492015 20.08141085 20.48602204 19.98305238
  20.22494546 19.96194286 20.19991566 20.14900046 20.33351704 20.21736802
  20.06413026 20.06107429 20.94508381 20.23886276 19.71929216 20.05422592
  20.08874799 19.50598736 20.29445589 20.17643775 19.62645323 19.37290595
  20.30903312 20.09526364 19.52733227 20.766591   20.19930285 19.98474727
  19.84767587 20.40455544 20.13990013 20.41150208 19.82568338 19.90732819
  20.31149932 20.47036824 20.65378723 19.97527044 19.96898903 20.94921559
  20.47774532 19.59818332 20.06973317 19.85340418 20.17340688 20.30241858
  20.19655258 19.7839118  20.10558639 20.6879562  20.5228066  19.93542602
  19.99972527 19.79571909 19.71095882 19.93039984]
[19.74639273 19.60277548 20.2582038  19.94809644 19.41416673 20.60295265
  20.32385174 19.762807   20.00015301 19.50530629 19.76619982 20.13925272
  19.94961436 20.0466103  19.64235277 19.52656677 19.45944933 20.42106408
  19.58856419 19.52139287 20.22915925 20.54210089 19.76733886 20.31232261
  20.17171544 19.91593607 20.22047787 20.2718186  19.47184515 29.65150598
  19.12463058 19.79011557 19.70562448 20.38013714 19.86808314 20.47182179
  19.99494275 19.69968439 20.01616951 20.12997279 19.48787919 19.84810398
  20.26382538 19.57718945 19.98202298 20.38086359 20.27889181 19.82526062
  20.24737411 19.94886894 20.0183239  20.12239724 19.85179126 19.997296
  19.51809395 19.610433   20.40725234 19.98100463 19.71123297 19.48987953
  20.01761023 19.58185785 20.12405339 20.18851477 19.48623255 19.40106439
  19.88332042 20.09517509 19.99262557 20.13817645 19.9729523  19.64031135
  19.86075216 20.27987675 19.8771216  20.17771964 19.70953    19.50935599
  19.92214557 19.95557078 20.57074179 20.0216183  20.08448223 20.59094504
  20.15356015 19.75878834 19.82458617 20.16853574 19.84563524 20.13418268
  20.37862368 19.34167986 19.68304394 20.69860589 20.07113955 19.54474295
  19.60428008 19.68961668 19.86601172 19.91909741]
[19.94023219 19.48185121 19.38934185 19.95189986 19.27721437 19.45614445
  19.38726901 19.18748438 19.59680861 19.17803569 18.76620226 19.41231023
  18.79677625 19.40959088 19.39507761 19.60198815 19.13692704 19.40308397
  19.15756606 19.09511    19.31324006 20.01684147 19.22746676 19.75594658
  19.19867051 19.11116217 19.21021298 19.40236666 19.18085455 19.12463058
  28.11683771 19.14500492 19.26549924 19.47377416 19.32997979 19.5905012
  19.50708661 19.09857217 18.98630199 19.14181402 19.09507631 19.65357687
  19.69400063 19.00674418 19.24762462 19.5626278  19.55129084 19.26878276
  19.10325879 19.21972905 19.18644702 19.48484644 19.06936449 19.30915163
  19.28816169 19.11510974 19.60221774 19.38864775 18.94739146 19.21832064
  19.45975016 18.77122129 19.81305558 19.42732536 19.00429773 18.86517819
  19.10551964 19.35538128 19.46458638 19.1895968  19.19476818 19.67511539
  19.18107616 20.20770586 19.19195975 19.12044774 19.08572015 19.45818982
  19.49855084 19.47170142 19.75952815 18.94388411 19.48198405 19.93230939
  19.48248704 19.00091459 19.28363135 19.44821271 19.27846005 19.5671455
  19.93068813 19.10781165 18.90350943 19.85371454 19.66940733 18.79056913
  18.95428051 19.25903359 19.15519028 19.4630911 ]
[20.31827767 19.78960152 20.19263882 20.36268523 19.81483198 20.23577313
  19.96478152 19.76740415 20.0208125  20.00381518 19.31548533 20.11171783
  19.68172298 19.87389565 19.56436262 19.97294076 19.64627118 19.95317476
  19.9354583  19.72831333 19.8474778  20.41012356 19.77018485 20.36281361
  19.5832945  20.0620794  20.10891357 20.06720443 20.13228292 19.79011557
  19.14500492 29.11848248 19.59576524 19.81896419 20.12180568 20.27077507
  20.00483642 19.70396652 20.1326868  19.86578098 19.3866004  19.97025996
  20.18168239 19.48116871 20.00716682 19.96005877 20.18250277 19.94253421
