1783
50
10
28.2199952183452

[0.07610987 0.0798828  0.02445805 0.02750465 0.0914843  0.04768294
 0.03966827 0.05509812 0.05729135 0.09619671 0.03235017 0.0325172
 0.08881413 0.08798186 0.02138319 0.04911796 0.08536992 0.07270473
 0.03427587 0.02685854 0.03934996 0.06864555 0.09898757 0.03165583
 0.02005453 0.07659205 0.0878908  0.08084431 0.02769496 0.08517254
 0.06578899 0.08089754 0.0856565  0.03160694 0.08647374 0.07632819
 0.05960471 0.07421414 0.03836988 0.076979   0.02824529 0.07763547
 0.03439259 0.02994391 0.06693426 0.03238182 0.08063571 0.03507137
 0.02396373 0.02122259]

[[29.71428109 20.06777504 19.96446338 20.36122868 19.85410699 20.81119649
  19.30008283 19.87655975 19.78846696 19.6819295  19.98218281 19.9560134
  20.11751189 20.42619738 19.89027866 19.36473148 20.13554266 19.63828816
  19.6720038  19.47381034 19.89095    20.25666893 20.18859573 19.72515112
  19.89193325 19.99420392 19.95153096 19.37841172 19.64154851 20.07224466
  20.03876183 18.72524609 19.64760797 19.17279907 19.90139894 19.79708262
  20.18107147 19.80504069 20.48536205 19.32632423 19.33882853 19.95565326
  19.32871183 20.18718777 20.39011157 19.9148535  19.87003776 20.66516424
  20.14743511 19.52021236]
[20.06777504 29.95551985 20.18433261 20.46102477 20.25580432 20.45359119
  19.65950559 19.95924539 19.69536437 19.96065605 20.19266723 20.2340708
  20.22163566 21.00416451 19.80962091 19.63582057 19.84720766 19.62755106
  19.87730018 19.89938487 19.94030319 20.28619379 20.22167786 20.23799482
  20.11785276 19.79626305 20.14140353 19.39755316 20.23096996 20.0505577
  19.86400829 19.47565791 19.97814942 19.44527165 19.70436386 19.96492194
  20.01146727 20.25690666 20.37511981 20.00113061 19.83171509 19.83271477
  19.61316337 19.91790515 19.7950849  20.06070481 20.08433463 20.95270071
  20.17425151 19.77728613]
[19.96446338 20.18433261 29.87218408 20.42603238 19.97428181 20.54872848
  19.30305162 19.67075277 19.8975682  19.89592736 19.92062975 20.28372912
  19.94953421 20.90164916 20.09161223 19.88991428 20.21934103 19.85782255
  20.10133317 19.76343575 20.01229891 20.35232884 20.44634834 20.76254216
  19.75673617 19.90933587 20.16007722 19.52164394 19.59643558 19.93041847
  20.05975191 19.25087706 19.67324562 19.57182022 19.75643912 19.81269649
  20.25829072 20.07667478 20.26034267 19.90320646 19.68769918 19.90824069
  19.22876805 20.19510553 20.05665164 20.20790427 20.1367806  21.07379855
  20.26515123 19.8354329 ]
[20.36122868 20.46102477 20.42603238 30.91860971 21.07055698 20.98752595
  19.83516732 19.9602994  19.99895    20.54088441 20.43381042 20.43778059
  20.48495956 21.05216235 20.47108976 20.23840711 20.08646694 19.73583864
  19.83920276 20.00820416 20.31170048 20.38360299 20.38711847 20.60794477
  20.34637789 20.16205216 20.43818895 20.09912073 20.11337119 20.52515073
  20.44629305 19.73496387 20.11383502 20.03938411 19.71845546 20.19741808
  20.61382071 20.61549828 20.52945125 20.38006605 19.88981639 20.25719586
  20.03331224 20.41845672 20.80770365 20.04540561 19.83184679 21.42233775
  20.47503781 19.95393746]
[19.85410699 20.25580432 19.97428181 21.07055698 30.38867681 20.50286175
  19.74422027 19.88523459 19.8861635  20.03573844 20.36478551 20.231418
  20.11445627 20.80662115 20.35139    20.03505598 20.18149499 19.92565771
  20.07814603 19.98525933 20.15925765 20.35490771 20.03515796 20.88876449
  20.25301149 19.97859371 20.04880485 20.0199455  20.12214279 20.65420167
  20.01962881 19.68232483 20.33604942 19.6102564  19.90073858 19.82761541
  20.60006876 20.18244121 20.42900442 20.355379   19.61917839 20.16583771
  20.01703361 20.14119461 20.3847988  19.98904706 20.20020897 21.00209619
  20.35100955 20.08355255]
[20.81119649 20.45359119 20.54872848 20.98752595 20.50286175 30.91164604
  20.15184553 20.70885675 20.10964252 20.09751198 20.4885227  20.47691034
  19.92456878 21.05686832 20.21638002 20.20970848 20.24124507 20.22634969
  20.391565   19.9664541  19.75748998 20.92809784 20.30226889 20.53880473
  20.10063699 19.71231726 20.23104658 19.80813048 20.38684943 20.5938595
  20.36962751 19.44315686 20.10273293 19.84878557 20.05463492 19.94219915
  20.59411724 20.55271272 20.71075776 20.14917512 20.10392    20.41369234
  19.72784471 20.29445309 20.52759606 20.11649785 19.87783387 21.4368924
  20.5139279  19.71529772]
[19.30008283 19.65950559 19.30305162 19.83516732 19.74422027 20.15184553
  29.16682691 19.52721073 19.0478157  19.6489093  19.80155697 19.31578019
  19.76192535 20.24333268 19.63569849 19.80784667 19.74503014 19.65175521
  19.65554821 19.24393902 19.8291732  20.1878996  19.67552546 19.88298829
  19.55090617 19.50473085 19.85617478 19.69664278 19.3043844  20.41150277
  19.61618868 18.8012269  19.61385804 19.0932255  19.61826075 19.32994375
  20.00460621 19.63294135 19.80124433 19.36438281 19.07419466 19.64087354
  19.36048383 20.10041107 19.6657926  19.43845309 19.64187884 20.48014708
  19.47120002 19.45564405]
[19.87655975 19.95924539 19.67075277 19.9602994  19.88523459 20.70885675
  19.52721073 29.28199349 20.12702204 19.72765275 20.07150398 19.60863492
  20.26333926 20.48047573 20.07329706 19.78765021 19.81559561 19.6717209
  20.65046338 19.62510564 19.62873509 20.64688238 20.00397369 20.26841588
  19.93777939 19.43495838 20.27241758 19.15880466 19.75067958 20.08098346
  20.01638151 19.27088618 19.63022833 19.53592283 19.79535948 19.9073303
  20.2626092  20.10227595 20.21590979 19.66514053 19.77536874 20.00907515
  19.68160672 20.01432664 19.93645038 19.83567715 20.06611246 20.84213134
  20.0932336  19.48686024]
[19.78846696 19.69536437 19.8975682  19.99895    19.8861635  20.10964252
  19.0478157  20.12702204 29.65071939 19.56974742 20.15051401 20.02247848
  19.85416704 20.35066626 20.16703835 19.8147613  20.18453976 19.42981641
  19.66076881 19.67304775 19.65087004 19.90909591 20.06414382 20.36712291
  19.4234623  19.78731595 20.06225112 19.05925784 19.62080514 19.86371713
  19.84084827 19.5275692  19.96685817 19.15470335 19.55199494 19.59894379
  20.44028805 19.91852828 20.15499198 20.01552871 19.63804764 19.49890777
  19.52560687 19.98478567 19.83395501 19.68858629 19.9675737  20.58255633
  20.27752801 19.19798216]
[19.6819295  19.96065605 19.89592736 20.54088441 20.03573844 20.09751198
  19.6489093  19.72765275 19.56974742 29.17547685 19.67691558 19.52739609
  19.76274664 20.49666203 19.5139035  19.81918361 19.71436236 19.6001535
  19.88011756 19.60969332 20.04608103 20.0285402  20.0380254  20.40802585
  19.97548299 19.54829014 20.09569206 19.61116017 19.76002358 20.05289791
  19.88587223 19.03248072 19.7673138  19.40278025 19.82312138 19.76306187
  20.18431644 20.03229808 20.31689758 19.22959674 19.58042627 20.19338348
  19.58847527 19.75751494 20.22129338 19.5574486  19.81143759 20.92505926
  19.81466515 19.37944968]
[19.98218281 20.19266723 19.92062975 20.43381042 20.36478551 20.4885227
  19.80155697 20.07150398 20.15051401 19.67691558 29.80872405 19.75883577
  19.98804882 20.62300456 20.38742414 20.05490813 20.19149678 19.89996248
  20.14582211 19.76672719 19.86430886 20.52752568 20.14649588 20.23875894
  19.96008416 19.9345588  20.10747211 19.5769636  20.13391185 20.39452031
  20.15242443 19.36656746 19.77777602 19.85643994 19.68050991 20.3217522
  20.36725008 20.18407436 20.45301275 19.66395986 20.18098499 20.09883964
  19.80232165 20.05401409 20.57617377 19.53483247 20.50044365 20.72858757
  20.44566539 19.76448965]
[19.9560134  20.2340708  20.28372912 20.43778059 20.231418   20.47691034
  19.31578019 19.60863492 20.02247848 19.52739609 19.75883577 30.38250461
  20.24092261 20.93582067 20.12443981 19.92347627 20.50046337 19.84975511
  20.00191995 19.22834559 20.17181207 20.43809844 20.21408653 20.57124736
  19.82574158 19.7913077  20.21659722 19.78147934 20.14250495 20.60964488
  20.02115657 19.94117029 20.07918117 19.70184554 19.86470362 20.06601292
  20.45770297 19.9729682  20.25579794 20.38390664 19.47577606 20.16193262
  19.51429937 20.32617805 20.50656966 19.44100383 20.65532718 20.94663377
  20.31827722 19.50643501]
[20.11751189 20.22163566 19.94953421 20.48495956 20.11445627 19.92456878
  19.76192535 20.26333926 19.85416704 19.76274664 19.98804882 20.24092261
  29.84772805 20.75329897 20.1288397  19.64963438 20.10805032 19.85167999
  19.9140215  19.48879081 19.86660118 20.06238965 20.33199737 20.18509598
  19.56660309 20.20811799 20.27538109 19.87857238 19.80655421 20.11635485
  20.04565738 19.2907519  20.04653176 19.39638234 19.93073954 20.06572489
  20.2633524  19.93685807 20.17540072 19.84720626 19.55429062 20.16224701
  19.64469272 20.07733952 19.95904239 19.9225993  20.28118866 20.82370468
  19.79189981 19.57695763]
[20.42619738 21.00416451 20.90164916 21.05216235 20.80662115 21.05686832
  20.24333268 20.48047573 20.35066626 20.49666203 20.62300456 20.93582067
  20.75329897 31.24745761 20.60888757 20.25379677 20.89455069 20.35257688
  20.71455538 20.57856409 20.80966661 20.91618098 21.10346412 21.37839042
  20.32379402 20.39128751 20.93829482 20.48811418 20.63127691 20.6735434
  20.55377404 19.7102024  20.25685096 20.32528311 20.56119578 20.80374135
  21.14082692 20.62085391 20.74294101 20.42949156 20.51688864 20.72887953
  20.18279365 20.93402736 21.088169   20.10651483 20.99054448 21.90315605
  20.58372878 20.41584715]
[19.89027866 19.80962091 20.09161223 20.47108976 20.35139    20.21638002
  19.63569849 20.07329706 20.16703835 19.5139035  20.38742414 20.12443981
  20.1288397  20.60888757 29.61401481 19.69565626 20.14436529 19.72797853
  19.88795101 19.51410474 20.05012786 20.18860127 20.05196038 20.62621989
  19.72969668 19.74968196 20.47752361 19.52663494 19.46795055 20.1799715
  20.01595863 19.09837562 19.89386401 19.78627542 19.80951468 20.22232416
  20.60686711 19.8234361  20.43219983 19.85911449 19.36758628 19.9323422
  19.78627029 20.16538023 20.38422475 19.60752036 19.78020417 20.68679389
  20.25581295 19.74887086]
[19.36473148 19.63582057 19.88991428 20.23840711 20.03505598 20.20970848
  19.80784667 19.78765021 19.8147613  19.81918361 20.05490813 19.92347627
  19.64963438 20.25379677 19.69565626 29.148796   19.95767096 19.75921918
  19.85786241 19.5170418  20.10216013 20.20042198 19.96230047 20.25907464
  20.06923332 19.33502198 19.83532784 19.92939406 19.53565112 20.00754627
  20.05700787 19.25815718 19.49783929 19.46453744 19.7347796  19.72666786
  19.93921563 19.82804058 20.18244435 19.70360879 19.54957949 19.7464766
  19.63614849 19.87135071 19.64177654 19.08846592 20.21692656 21.09505158
  20.24489173 19.92623634]
[20.13554266 19.84720766 20.21934103 20.08646694 20.18149499 20.24124507
  19.74503014 19.81559561 20.18453976 19.71436236 20.19149678 20.50046337
  20.10805032 20.89455069 20.14436529 19.95767096 29.95812791 19.976083
  20.19532037 19.52778883 20.20839811 20.73271111 20.3318971  20.62741919
  19.82309956 20.34070658 20.19509133 19.5905734  19.80569905 20.48947062
  19.97186953 19.45332665 20.00079047 20.03707043 20.12486    19.80531925
  20.38937191 20.21462097 20.28929287 19.93233988 19.90237936 19.73522566
  19.33044951 20.2752859  20.6649886  19.58178133 20.14211338 20.68591026
  20.35249534 19.7484507 ]
[19.63828816 19.62755106 19.85782255 19.73583864 19.92565771 20.22634969
  19.65175521 19.6717209  19.42981641 19.6001535  19.89996248 19.84975511
  19.85167999 20.35257688 19.72797853 19.75921918 19.976083   30.06410218
  19.90533301 19.7916706  19.88796235 20.00988336 19.78018642 20.24782857
  19.9176908  19.71895122 19.87084905 19.45124644 19.67456586 19.7635155
  20.19867012 19.14598389 19.64351506 19.62904368 19.58046895 19.78132304
  20.05095465 19.73246139 20.20039354 19.48830805 19.3891823  19.72108259
  19.561962   19.95379314 20.21829017 19.81679991 19.68502426 20.57526338
  20.04217328 19.39884669]
[19.6720038  19.87730018 20.10133317 19.83920276 20.07814603 20.391565
  19.65554821 20.65046338 19.66076881 19.88011756 20.14582211 20.00191995
  19.9140215  20.71455538 19.88795101 19.85786241 20.19532037 19.90533301
  29.64392245 19.8612805  19.75786883 20.60038663 19.78789515 20.22135821
  19.93221926 20.1109641  20.33190603 19.29150404 20.06233304 20.29224585
  20.30798174 19.43559107 20.05403382 19.6072394  19.84245991 19.98822495
  20.55591848 20.45305239 20.39207304 19.57635861 19.37648913 20.02029747
  19.71706655 20.0531741  20.22113394 19.49111376 20.14307181 20.96713928
  20.2111646  19.58789077]
[19.47381034 19.89938487 19.76343575 20.00820416 19.98525933 19.9664541
  19.24393902 19.62510564 19.67304775 19.60969332 19.76672719 19.22834559
  19.48879081 20.57856409 19.51410474 19.5170418  19.52778883 19.7916706
  19.8612805  29.31639374 20.0029022  19.96224059 19.97416496 20.20909652
  19.57897542 19.36239139 19.79317046 19.42526103 19.76942603 19.86975645
  19.97128309 19.13210726 19.78712147 19.84336003 19.52315679 19.70113626
  20.32978928 19.64881352 20.14042791 19.75685037 19.12906508 19.49519823
  19.57823298 19.97772351 19.56703617 19.48447469 19.69851132 20.22075684
  19.57404877 19.86219732]
[19.89095    19.94030319 20.01229891 20.31170048 20.15925765 19.75748998
  19.8291732  19.62873509 19.65087004 20.04608103 19.86430886 20.17181207
  19.86660118 20.80966661 20.05012786 20.10216013 20.20839811 19.88796235
  19.75786883 20.0029022  30.07898324 20.0105997  20.29961662 20.4920319
  19.93471997 19.91389144 19.92281289 19.81590389 19.97634321 20.23346792
  19.49173166 19.19950601 19.35295061 19.47774191 19.89667724 19.92372432
  20.17646954 19.94966987 20.4092713  20.0275697  19.31005696 20.07352655
  19.47768845 19.73642923 20.27091589 19.66944957 20.12207882 21.20719787
  20.16877385 19.87064545]
[20.25666893 20.28619379 20.35232884 20.38360299 20.35490771 20.92809784
  20.1878996  20.64688238 19.90909591 20.0285402  20.52752568 20.43809844
  20.06238965 20.91618098 20.18860127 20.20042198 20.73271111 20.00988336
  20.60038663 19.96224059 20.0105997  30.31523521 20.6420151  20.54938101
  20.28577597 20.18337369 20.21717633 19.80810229 20.11032863 20.81572727
  20.4117359  19.55535346 20.15070817 19.90095866 20.07352952 20.30214115
  20.71025037 20.37048501 20.74257559 20.36221809 20.11377992 20.20917861
  19.77637748 20.48334546 20.54815482 19.78084949 20.26160549 21.51016723
  20.46924349 20.33872482]
[20.18859573 20.22167786 20.44634834 20.38711847 20.03515796 20.30226889
  19.67552546 20.00397369 20.06414382 20.0380254  20.14649588 20.21408653
  20.33199737 21.10346412 20.05196038 19.96230047 20.3318971  19.78018642
  19.78789515 19.97416496 20.29961662 20.6420151  30.23752112 20.32217945
  20.08950871 19.56435687 20.28750234 19.86485002 19.8849577  20.21944117
  20.24587904 19.29739672 20.13462429 19.20768813 19.86562499 20.00300813
  20.39246054 20.12721675 20.72993112 19.86426018 20.29078302 19.95194759
  19.93240838 20.20703874 20.25984789 19.88882681 20.08383765 21.19052942
  20.38402642 19.8474828 ]
[19.72515112 20.23799482 20.76254216 20.60794477 20.88876449 20.53880473
  19.88298829 20.26841588 20.36712291 20.40802585 20.23875894 20.57124736
  20.18509598 21.37839042 20.62621989 20.25907464 20.62741919 20.24782857
  20.22135821 20.20909652 20.4920319  20.54938101 20.32217945 30.4095334
  20.47714381 20.28993013 20.4181825  19.92139934 20.40291784 20.13908603
  20.56614395 19.55311798 20.23484722 19.9241476  20.48471506 20.17021428
  20.65211317 20.05435012 20.82173581 20.5193437  20.14739488 20.57427648
  20.07056323 20.55075588 20.62693694 19.8138531  20.3952329  21.52358742
  20.66255514 19.75011993]
[19.89193325 20.11785276 19.75673617 20.34637789 20.25301149 20.10063699
  19.55090617 19.93777939 19.4234623  19.97548299 19.96008416 19.82574158
  19.56660309 20.32379402 19.72969668 20.06923332 19.82309956 19.9176908
  19.93221926 19.57897542 19.93471997 20.28577597 20.08950871 20.47714381
  29.33039638 19.68879684 20.31139165 19.45605302 19.83018076 19.82529979
  20.30402992 19.28153536 19.60543271 19.43000114 19.72535091 19.99165882
  20.25142979 20.16160209 19.93211414 20.16350047 20.22803265 19.74623984
  19.53235125 19.95529146 20.07647829 19.79783205 19.83139574 20.88390634
  19.74720821 19.58076743]
[19.99420392 19.79626305 19.90933587 20.16205216 19.97859371 19.71231726
  19.50473085 19.43495838 19.78731595 19.54829014 19.9345588  19.7913077
  20.20811799 20.39128751 19.74968196 19.33502198 20.34070658 19.71895122
  20.1109641  19.36239139 19.91389144 20.18337369 19.56435687 20.28993013
  19.68879684 29.3771039  19.55214569 19.66512336 19.87586985 20.07193623
  19.88503534 18.85620501 19.69179995 19.56750639 19.68566567 19.79983669
  20.33414942 20.34492109 20.33500927 19.56944259 19.41876304 19.6652174
  19.74998597 19.78210393 19.9442614  19.20894451 19.83005223 20.96563884
  19.89286008 19.38669631]
[19.95153096 20.14140353 20.16007722 20.43818895 20.04880485 20.23104658
  19.85617478 20.27241758 20.06225112 20.09569206 20.10747211 20.21659722
  20.27538109 20.93829482 20.47752361 19.83532784 20.19509133 19.87084905
  20.33190603 19.79317046 19.92281289 20.21717633 20.28750234 20.4181825
  20.31139165 19.55214569 29.87667074 19.71819207 20.06897619 20.39764646
  20.20530752 19.4784621  19.99620798 19.76657717 19.74777145 20.1750148
  20.65683968 20.1876204  20.49826229 20.40543805 19.83037681 19.59835304
  19.38529504 20.46751035 20.70201382 19.77701504 20.16118454 21.0327978
  20.30485639 19.52548007]
[19.37841172 19.39755316 19.52164394 20.09912073 20.0199455  19.80813048
  19.69664278 19.15880466 19.05925784 19.61116017 19.5769636  19.78147934
  19.87857238 20.48811418 19.52663494 19.92939406 19.5905734  19.45124644
  19.29150404 19.42526103 19.81590389 19.80810229 19.86485002 19.92139934
  19.45605302 19.66512336 19.71819207 29.45643281 19.61401399 19.54300391
  19.75297372 18.81783672 19.53813526 19.03744789 19.55542302 19.80780864
  20.38760681 19.62483363 19.68207135 19.13441073 19.31931083 19.17234744
  19.26147109 19.75486628 19.53228    19.10589187 19.70154826 20.76650806
  19.52277443 19.17800617]
[19.64154851 20.23096996 19.59643558 20.11337119 20.12214279 20.38684943
  19.3043844  19.75067958 19.62080514 19.76002358 20.13391185 20.14250495
  19.80655421 20.63127691 19.46795055 19.53565112 19.80569905 19.67456586
  20.06233304 19.76942603 19.97634321 20.11032863 19.8849577  20.40291784
  19.83018076 19.87586985 20.06897619 19.61401399 29.03707036 19.75039487
  19.83345411 19.26379843 19.76776008 19.68595694 19.70288759 19.88730417
  20.09789466 19.5750219  20.26588063 19.53694649 19.80476386 20.02136387
  19.35656156 20.27830801 20.38143569 19.37632092 20.15099146 20.8139076
  20.05800348 19.55371194]
[20.07224466 20.0505577  19.93041847 20.52515073 20.65420167 20.5938595
  20.41150277 20.08098346 19.86371713 20.05289791 20.39452031 20.60964488
  20.11635485 20.6735434  20.1799715  20.00754627 20.48947062 19.7635155
  20.29224585 19.86975645 20.23346792 20.81572727 20.21944117 20.13908603
  19.82529979 20.07193623 20.39764646 19.54300391 19.75039487 29.90796559
  20.20076321 19.76131712 20.20528486 19.97878616 20.37700153 19.826519
  20.62521359 20.49471647 20.5163677  20.30433518 19.92594382 20.05735577
  19.92999202 20.39336338 20.55902968 20.06676031 20.31752358 21.17106536
  20.65165283 20.14772021]
[20.03876183 19.86400829 20.05975191 20.44629305 20.01962881 20.36962751
  19.61618868 20.01638151 19.84084827 19.88587223 20.15242443 20.02115657
  20.04565738 20.55377404 20.01595863 20.05700787 19.97186953 20.19867012
  20.30798174 19.97128309 19.49173166 20.4117359  20.24587904 20.56614395
  20.30402992 19.88503534 20.20530752 19.75297372 19.83345411 20.20076321
  29.56851346 19.25904401 20.05448496 19.88513817 20.09045876 20.02390163
  20.70739961 19.89940239 20.09782065 19.90711049 19.69600151 19.89796935
  19.88860925 19.99803655 20.10944668 19.51221727 20.57218529 21.18164653
  20.26123092 19.59473567]
[18.72524609 19.47565791 19.25087706 19.73496387 19.68232483 19.44315686
  18.8012269  19.27088618 19.5275692  19.03248072 19.36656746 19.94117029
  19.2907519  19.7102024  19.09837562 19.25815718 19.45332665 19.14598389
  19.43559107 19.13210726 19.19950601 19.55535346 19.29739672 19.55311798
  19.28153536 18.85620501 19.4784621  18.81783672 19.26379843 19.76131712
  19.25904401 28.17335759 18.99850658 18.7188741  19.19740105 19.58256985
  19.54809338 19.03052671 19.43376913 19.12268102 19.08821325 18.95662643
  18.8048126  19.68482241 19.4181294  18.95228632 19.47771718 20.06598306
  19.44158507 18.85917138]
[19.64760797 19.97814942 19.67324562 20.11383502 20.33604942 20.10273293
  19.61385804 19.63022833 19.96685817 19.7673138  19.77777602 20.07918117
  20.04653176 20.25685096 19.89386401 19.49783929 20.00079047 19.64351506
  20.05403382 19.78712147 19.35295061 20.15070817 20.13462429 20.23484722
  19.60543271 19.69179995 19.99620798 19.53813526 19.76776008 20.20528486
  20.05448496 18.99850658 29.48394123 19.32878175 19.83663906 19.77251416
  20.43186282 20.03455054 20.43052147 19.55122056 19.67648381 19.54852841
  19.21951498 19.57011156 20.17991245 19.12625991 19.55940011 20.91035658
  19.87269529 19.54489681]
[19.17279907 19.44527165 19.57182022 20.03938411 19.6102564  19.84878557
  19.0932255  19.53592283 19.15470335 19.40278025 19.85643994 19.70184554
  19.39638234 20.32528311 19.78627542 19.46453744 20.03707043 19.62904368
  19.6072394  19.84336003 19.47774191 19.90095866 19.20768813 19.9241476
  19.43000114 19.56750639 19.76657717 19.03744789 19.68595694 19.97878616
  19.88513817 18.7188741  19.32878175 29.55278693 19.45639646 19.65499447
  20.06120149 19.76394973 19.76804098 19.78167654 19.60755492 19.59113796
  19.31814171 19.81688282 19.82236601 19.00443944 19.7459123  20.51647379
  19.69030089 19.43485563]
[19.90139894 19.70436386 19.75643912 19.71845546 19.90073858 20.05463492
  19.61826075 19.79535948 19.55199494 19.82312138 19.68050991 19.86470362
  19.93073954 20.56119578 19.80951468 19.7347796  20.12486    19.58046895
  19.84245991 19.52315679 19.89667724 20.07352952 19.86562499 20.48471506
  19.72535091 19.68566567 19.74777145 19.55542302 19.70288759 20.37700153
  20.09045876 19.19740105 19.83663906 19.45639646 29.63778638 20.12400229
  20.53421696 19.88698328 20.29265783 19.89609982 19.68122714 19.80297704
  19.12319452 19.90481407 20.33399113 19.25083892 19.84685044 20.68310566
  19.84146051 19.85072966]
[19.79708262 19.96492194 19.81269649 20.19741808 19.82761541 19.94219915
  19.32994375 19.9073303  19.59894379 19.76306187 20.3217522  20.06601292
  20.06572489 20.80374135 20.22232416 19.72666786 19.80531925 19.78132304
  19.98822495 19.70113626 19.92372432 20.30214115 20.00300813 20.17021428
  19.99165882 19.79983669 20.1750148  19.80780864 19.88730417 19.826519
  20.02390163 19.58256985 19.77251416 19.65499447 20.12400229 29.80851596
  20.40489048 20.25036787 20.310783   20.09977698 19.42420691 20.19300579
  19.63824525 20.529322   20.29053573 19.49315108 20.32911792 21.08999249
  20.28957042 19.53475649]
[20.18107147 20.01146727 20.25829072 20.61382071 20.60006876 20.59411724
  20.00460621 20.2626092  20.44028805 20.18431644 20.36725008 20.45770297
  20.2633524  21.14082692 20.60686711 19.93921563 20.38937191 20.05095465
  20.55591848 20.32978928 20.17646954 20.71025037 20.39246054 20.65211317
  20.25142979 20.33414942 20.65683968 20.38760681 20.09789466 20.62521359
  20.70739961 19.54809338 20.43186282 20.06120149 20.53421696 20.40489048
  30.78791123 20.32343974 20.37549414 19.9330328  20.02872143 20.13755509
  20.30661371 20.59696636 20.58714797 19.86934171 20.66272131 21.24525716
  20.4629765  20.04588444]
[19.80504069 20.25690666 20.07667478 20.61549828 20.18244121 20.55271272
  19.63294135 20.10227595 19.91852828 20.03229808 20.18407436 19.9729682
  19.93685807 20.62085391 19.8234361  19.82804058 20.21462097 19.73246139
  20.45305239 19.64881352 19.94966987 20.37048501 20.12721675 20.05435012
  20.16160209 20.34492109 20.1876204  19.62483363 19.5750219  20.49471647
  19.89940239 19.03052671 20.03455054 19.76394973 19.88698328 20.25036787
  20.32343974 29.88128037 20.3643615  19.78173371 19.83071229 19.64208306
  19.78427142 20.16366633 20.10479471 19.90967623 20.26507924 20.89098905
  20.21595344 19.71460757]
[20.48536205 20.37511981 20.26034267 20.52945125 20.42900442 20.71075776
  19.80124433 20.21590979 20.15499198 20.31689758 20.45301275 20.25579794
  20.17540072 20.74294101 20.43219983 20.18244435 20.28929287 20.20039354
  20.39207304 20.14042791 20.4092713  20.74257559 20.72993112 20.82173581
  19.93211414 20.33500927 20.49826229 19.68207135 20.26588063 20.5163677
  20.09782065 19.43376913 20.43052147 19.76804098 20.29265783 20.310783
  20.37549414 20.3643615  30.42098111 20.00283262 20.42138274 20.32457029
  19.88530158 20.20564222 20.83557506 20.24269568 20.83249907 21.56954314
  20.27902877 20.30170352]
[19.32632423 20.00113061 19.90320646 20.38006605 20.355379   20.14917512
  19.36438281 19.66514053 20.01552871 19.22959674 19.66395986 20.38390664
  19.84720626 20.42949156 19.85911449 19.70360879 19.93233988 19.48830805
  19.57635861 19.75685037 20.0275697  20.36221809 19.86426018 20.5193437
  20.16350047 19.56944259 20.40543805 19.13441073 19.53694649 20.30433518
  19.90711049 19.12268102 19.55122056 19.78167654 19.89609982 20.09977698
  19.9330328  19.78173371 20.00283262 29.44711509 19.44605664 19.62803471
  19.46000682 19.77606918 20.36530154 19.36993238 20.15497157 20.63970367
  19.84358924 19.87379825]
[19.33882853 19.83171509 19.68769918 19.88981639 19.61917839 20.10392
  19.07419466 19.77536874 19.63804764 19.58042627 20.18098499 19.47577606
  19.55429062 20.51688864 19.36758628 19.54957949 19.90237936 19.3891823
  19.37648913 19.12906508 19.31005696 20.11377992 20.29078302 20.14739488
  20.22803265 19.41876304 19.83037681 19.31931083 19.80476386 19.92594382
  19.69600151 19.08821325 19.67648381 19.60755492 19.68122714 19.42420691
  20.02872143 19.83071229 20.42138274 19.44605664 29.25016609 19.41105372
  19.90535124 19.71472149 19.9962952  19.11940981 19.86176598 20.64290324
  19.37785141 19.60521593]
[19.95565326 19.83271477 19.90824069 20.25719586 20.16583771 20.41369234
  19.64087354 20.00907515 19.49890777 20.19338348 20.09883964 20.16193262
  20.16224701 20.72887953 19.9323422  19.7464766  19.73522566 19.72108259
  20.02029747 19.49519823 20.07352655 20.20917861 19.95194759 20.57427648
  19.74623984 19.6652174  19.59835304 19.17234744 20.02136387 20.05735577
  19.89796935 18.95662643 19.54852841 19.59113796 19.80297704 20.19300579
  20.13755509 19.64208306 20.32457029 19.62803471 19.41105372 29.65024668
  19.75621933 20.07044915 20.24136936 19.53801233 20.22873789 21.15654699
  20.1604243  19.65701856]
[19.32871183 19.61316337 19.22876805 20.03331224 20.01703361 19.72784471
  19.36048383 19.68160672 19.52560687 19.58847527 19.80232165 19.51429937
  19.64469272 20.18279365 19.78627029 19.63614849 19.33044951 19.561962
  19.71706655 19.57823298 19.47768845 19.77637748 19.93240838 20.07056323
  19.53235125 19.74998597 19.38529504 19.26147109 19.35656156 19.92999202
  19.88860925 18.8048126  19.21951498 19.31814171 19.12319452 19.63824525
  20.30661371 19.78427142 19.88530158 19.46000682 19.90535124 19.75621933
  29.21919026 19.79540909 19.68891383 19.29241808 19.77715175 20.32801921
  19.8158706  19.12229959]
[20.18718777 19.91790515 20.19510553 20.41845672 20.14119461 20.29445309
  20.10041107 20.01432664 19.98478567 19.75751494 20.05401409 20.32617805
  20.07733952 20.93402736 20.16538023 19.87135071 20.2752859  19.95379314
  20.0531741  19.97772351 19.73642923 20.48334546 20.20703874 20.55075588
  19.95529146 19.78210393 20.46751035 19.75486628 20.27830801 20.39336338
  19.99803655 19.68482241 19.57011156 19.81688282 19.90481407 20.529322
  20.59696636 20.16366633 20.20564222 19.77606918 19.71472149 20.07044915
  19.79540909 30.35754442 20.31341193 19.59222804 20.02986704 21.20767694
  20.08120437 19.71560938]
[20.39011157 19.7950849  20.05665164 20.80770365 20.3847988  20.52759606
  19.6657926  19.93645038 19.83395501 20.22129338 20.57617377 20.50656966
  19.95904239 21.088169   20.38422475 19.64177654 20.6649886  20.21829017
  20.22113394 19.56703617 20.27091589 20.54815482 20.25984789 20.62693694
  20.07647829 19.9442614  20.70201382 19.53228    20.38143569 20.55902968
  20.10944668 19.4181294  20.17991245 19.82236601 20.33399113 20.29053573
  20.58714797 20.10479471 20.83557506 20.36530154 19.9962952  20.24136936
  19.68891383 20.31341193 30.59452403 20.03904744 20.12430145 21.43533403
  20.43548119 19.54156586]
[19.9148535  20.06070481 20.20790427 20.04540561 19.98904706 20.11649785
  19.43845309 19.83567715 19.68858629 19.5574486  19.53483247 19.44100383
  19.9225993  20.10651483 19.60752036 19.08846592 19.58178133 19.81679991
  19.49111376 19.48447469 19.66944957 19.78084949 19.88882681 19.8138531
  19.79783205 19.20894451 19.77701504 19.10589187 19.37632092 20.06676031
  19.51221727 18.95228632 19.12625991 19.00443944 19.25083892 19.49315108
  19.86934171 19.90967623 20.24269568 19.36993238 19.11940981 19.53801233
  19.29241808 19.59222804 20.03904744 29.15685724 19.73828804 20.44096378
  20.02581614 19.18925782]
[19.87003776 20.08433463 20.1367806  19.83184679 20.20020897 19.87783387
  19.64187884 20.06611246 19.9675737  19.81143759 20.50044365 20.65532718
  20.28118866 20.99054448 19.78020417 20.21692656 20.14211338 19.68502426
  20.14307181 19.69851132 20.12207882 20.26160549 20.08383765 20.3952329
  19.83139574 19.83005223 20.16118454 19.70154826 20.15099146 20.31752358
  20.57218529 19.47771718 19.55940011 19.7459123  19.84685044 20.32911792
  20.66272131 20.26507924 20.83249907 20.15497157 19.86176598 20.22873789
  19.77715175 20.02986704 20.12430145 19.73828804 30.1378749  21.11435783
  20.05333301 19.69992657]
[20.66516424 20.95270071 21.07379855 21.42233775 21.00209619 21.4368924
  20.48014708 20.84213134 20.58255633 20.92505926 20.72858757 20.94663377
  20.82370468 21.90315605 20.68679389 21.09505158 20.68591026 20.57526338
  20.96713928 20.22075684 21.20719787 21.51016723 21.19052942 21.52358742
  20.88390634 20.96563884 21.0327978  20.76650806 20.8139076  21.17106536
  21.18164653 20.06598306 20.91035658 20.51647379 20.68310566 21.08999249
  21.24525716 20.89098905 21.56954314 20.63970367 20.64290324 21.15654699
  20.32801921 21.20767694 21.43533403 20.44096378 21.11435783 32.05864727
  20.80072497 20.71473578]
[20.14743511 20.17425151 20.26515123 20.47503781 20.35100955 20.5139279
  19.47120002 20.0932336  20.27752801 19.81466515 20.44566539 20.31827722
  19.79189981 20.58372878 20.25581295 20.24489173 20.35249534 20.04217328
  20.2111646  19.57404877 20.16877385 20.46924349 20.38402642 20.66255514
  19.74720821 19.89286008 20.30485639 19.52277443 20.05800348 20.65165283
  20.26123092 19.44158507 19.87269529 19.69030089 19.84146051 20.28957042
  20.4629765  20.21595344 20.27902877 19.84358924 19.37785141 20.1604243
  19.8158706  20.08120437 20.43548119 20.02581614 20.05333301 20.80072497
  29.88595031 19.83173925]
[19.52021236 19.77728613 19.8354329  19.95393746 20.08355255 19.71529772
  19.45564405 19.48686024 19.19798216 19.37944968 19.76448965 19.50643501
  19.57695763 20.41584715 19.74887086 19.92623634 19.7484507  19.39884669
  19.58789077 19.86219732 19.87064545 20.33872482 19.8474828  19.75011993
  19.58076743 19.38669631 19.52548007 19.17800617 19.55371194 20.14772021
  19.59473567 18.85917138 19.54489681 19.43485563 19.85072966 19.53475649
  20.04588444 19.71460757 20.30170352 19.87379825 19.60521593 19.65701856
  19.12229959 19.71560938 19.54156586 19.18925782 19.69992657 20.71473578
  19.83173925 28.97087314]
]