6044
100
10
25.783148439379985

[0.06958698 0.03986117 0.05782796 0.07571855 0.05830361 0.02620434
 0.07253    0.08642436 0.02674993 0.05838667 0.04940171 0.02969721
 0.08611658 0.07994552 0.06344063 0.03300982 0.09341341 0.06879319
 0.08398816 0.05534713 0.07740205 0.05318782 0.05909912 0.08601222
 0.03386834 0.04413044 0.07123395 0.07717578 0.09559562 0.08563954
 0.07823132 0.0868952  0.07519955 0.06331103 0.08372998 0.02809156
 0.03590758 0.09457151 0.02963273 0.04161841 0.06210309 0.07665042
 0.09760574 0.02584266 0.04457306 0.09558398 0.06147574 0.04859917
 0.05856101 0.02235807 0.0494029  0.04765918 0.08135799 0.05466355
 0.07722138 0.04481936 0.09015983 0.05920628 0.05669722 0.08194656
 0.09521603 0.05637626 0.08531558 0.08888575 0.06644244 0.0814531
 0.0586476  0.08504704 0.08263264 0.03565921 0.06975379 0.06519216
 0.08189412 0.05096766 0.02739076 0.04235864 0.03812376 0.04803306
 0.05368386 0.03467832 0.09492324 0.02696001 0.03736078 0.08632184
 0.07756845 0.03245975 0.09716566 0.04463029 0.03176061 0.07557872
 0.05106307 0.0467787  0.03549659 0.02565597 0.04570798 0.06463191
 0.02453991 0.06140022 0.07026344 0.08320818]

[[31.35294163 20.39173184 20.58784833 20.21329875 20.54784822 20.46719986
  20.65791136 20.63567104 20.47399887 20.68576463 20.6585741  20.83577392
  20.61288802 20.58737268 20.93229691 20.36327745 20.8406486  20.93784578
  20.2985734  20.28202223 21.41510594 19.73377184 20.50688471 21.44786186
  20.79169884 20.14169811 20.60741875 20.923237   20.82702763 21.01425428
  20.82483763 19.91714093 20.21966722 20.6638973  20.86235534 20.89413702
  20.83170147 21.06036588 21.52426983 20.88194951 20.92011145 21.48915354
  20.95361102 21.07829538 20.94222463 20.99319718 20.16587345 20.41124124
  20.88067278 20.32517773 20.41046809 20.68981856 20.74861577 20.80332244
  20.66826295 20.81303478 20.49947448 20.76073207 20.22666547 20.61815304
  20.42084283 20.97618669 20.47749517 20.04792317 21.17723549 20.68138702
  20.67795172 20.86035956 21.24225698 20.89119834 21.13960229 20.30827382
  21.1226314  20.38150611 20.64781044 20.84014719 20.47644784 20.33949521
  21.15977614 20.59292293 20.01479286 20.43412164 20.33738083 21.03061464
  21.04415474 21.31127636 20.28587958 20.92796683 20.37772903 20.2688175
  20.98243689 20.56705963 20.66397026 20.89347202 20.55065165 20.44962767
  20.24682512 20.31161941 21.24415845 20.62899925]
[20.39173184 29.33977911 19.42330586 19.5122932  19.40118538 19.98851134
  19.56012583 20.03452485 19.64544006 20.120553   19.42318703 19.50343451
  19.62599816 19.85806978 20.07220361 19.36107393 19.73733226 19.31504838
  19.37657831 19.58793229 20.53301443 19.35903941 19.57426209 20.58984139
  19.918878   19.4425064  19.37930874 20.00043055 19.95295021 19.9467086
  19.460236   19.3477015  19.28328628 19.42164227 19.3027889  19.8249461
  19.61801382 20.17093914 19.81612623 19.81167643 20.16421273 19.97972718
  19.92988049 19.70251684 20.24669943 19.70340048 19.19692063 19.96048124
  19.52097597 19.63459695 19.5218899  19.91432803 19.75198603 20.06416024
  19.98400197 19.98748728 19.37813313 19.84962141 19.35831544 19.75038276
  19.45470844 20.0691991  19.26105249 19.23234496 20.34530857 20.07934675
  19.59211544 19.79246786 20.0303357  19.81738768 20.32036142 19.48517443
  20.25334193 19.54735803 19.39755509 19.66909494 19.62275356 19.82342678
  19.88961448 20.020612   19.37471864 19.62037566 19.27433074 20.36379723
  19.72914629 20.1492873  19.24327145 19.95048314 19.45494697 19.75973978
  19.76446518 19.67141207 19.73899782 19.51915695 19.52968759 18.91193415
  19.56782281 19.56119353 20.17276019 20.3487714 ]
[20.58784833 19.42330586 29.66163285 19.63690015 19.68864261 20.0653506
  19.57457994 19.72949262 19.56499825 19.68747419 19.57383272 19.75280869
  19.74787054 19.49344146 19.77803728 19.40534832 19.84499928 19.47277912
  19.69619935 19.80197073 20.23268492 18.71586085 20.20595852 20.29102718
  20.04011302 19.21828664 19.99117264 20.4725982  20.11242807 19.71598329
  19.797036   19.53362132 19.42873561 19.61740855 19.78157452 19.86420412
  20.04828849 20.3425872  20.13745675 19.99364188 20.13572432 20.02098215
  19.86268741 20.03825416 20.2728002  19.87214911 19.12781733 19.56718545
  19.66260122 19.59354295 19.54054239 19.620382   19.86502654 19.86616766
  20.09571672 19.46510464 19.72610895 19.81320145 19.43739302 19.58503897
  19.64141134 19.6375444  19.63869877 19.192324   20.10169238 19.89829087
  19.62149661 19.87445984 20.16507562 19.93525703 20.44861215 19.48099888
  20.1189554  20.03118845 19.55230746 19.95723284 19.62939329 19.67525793
  20.28365993 19.70726069 19.5366418  19.23002053 19.17911128 20.14312752
  19.91003446 20.44660012 19.25372073 19.70551721 19.92259449 19.25843183
  20.0896735  19.94288109 19.84012023 20.07235763 19.75022677 19.08470505
  19.36344791 19.31414299 19.84672698 20.19746654]
[20.21329875 19.5122932  19.63690015 28.91300374 19.32766043 19.93917346
  19.33973491 19.56434373 19.55201112 19.63679921 19.75112565 19.65130432
  19.58978535 19.58367067 19.81559538 19.37385424 19.63744554 19.58770121
  19.92782152 19.48765793 20.42323133 19.08411494 19.49966812 20.33000194
  19.65627569 19.05751151 19.43760018 19.88750042 19.82100867 20.23107354
  19.19254727 19.53531596 19.83107652 19.36189011 19.41690077 19.98338586
  19.52829671 20.2901236  20.20706201 19.94518338 20.12864112 20.32137923
  20.03965286 19.98384216 20.20302058 19.68252347 19.35508281 19.57747695
  19.94279802 19.36199915 19.48219887 19.93640622 19.3814744  19.91753938
  19.40452996 19.44642661 19.76371048 20.28879899 19.51862006 19.44637263
  19.1238982  19.67931931 19.27360854 19.24904396 20.22393574 19.92494648
  19.57907993 19.95561422 20.08122561 19.48570355 20.4769234  19.06203482
  20.01420324 20.04059358 19.39164821 19.57698371 19.67969902 19.64394376
  20.06854579 19.24377765 19.46505071 19.54154406 19.40256226 20.35839389
  19.66933591 19.72698642 19.76814302 19.93161174 19.23760909 19.90974052
  19.99617925 19.58802903 20.31337442 20.15789784 19.53143911 19.09940805
  19.21731268 19.67498931 19.72867649 20.22866545]
[20.54784822 19.40118538 19.68864261 19.32766043 29.60523016 20.11433345
  19.77057879 20.0191826  19.88714658 19.72667519 19.87290722 19.26138926
  20.00231939 20.25888916 20.04441573 19.60384787 19.84412226 19.84905486
  19.47104232 19.45539057 20.32153051 19.02397731 19.89674107 20.45548458
  20.14975687 19.50182208 19.27449689 19.85663514 19.99103009 20.09969762
  19.92503118 19.27681262 19.48116203 19.52036064 19.54422986 20.18891498
  19.64647492 20.34822987 20.72840984 19.7038969  20.15163125 20.3152488
  19.95543801 20.30154079 20.13069643 19.5299277  19.10176378 19.70161835
  19.69905772 19.6284958  19.85677084 20.03422373 19.94206111 19.75152591
  19.93451299 20.02750917 19.71555627 20.42114392 19.73963869 19.92072599
  19.65218144 20.29044755 19.60621376 19.56765733 20.39867662 19.71260931
  19.60486159 20.08237242 19.63908639 19.7823382  20.10069623 19.78538712
  20.35728    19.77491382 19.5674676  19.73426324 19.26921046 19.34184677
  20.50022265 20.33170409 19.30577317 19.76157933 19.6045662  19.91332167
  20.0296664  20.09605082 19.25455761 19.91372006 19.72166737 19.7176425
  20.3298237  19.92804802 20.02716214 20.03466505 20.05401154 19.21304087
  19.54492838 19.0251323  20.06655944 20.0800727 ]
[20.46719986 19.98851134 20.0653506  19.93917346 20.11433345 29.95912579
  19.71930373 20.13269247 19.86191835 19.98440105 19.9429549  20.16064802
  19.74813705 20.40085157 20.11954883 19.90051426 20.22620374 19.56737263
  20.29586809 20.0398831  20.99340397 19.56766058 20.07288916 20.94116994
  20.03134437 20.23426456 20.3539054  20.43206531 20.34230714 20.51236806
  20.0153662  19.73882054 19.9926486  19.89738893 19.95830741 20.25465888
  20.24583993 20.30659083 20.7312353  20.4708261  20.5812991  20.53756086
  20.61018084 20.5690736  20.55356203 19.85841836 19.33557506 20.1919285
  20.31296702 19.59336266 19.78188768 20.33534526 19.96892043 20.02702899
  20.10740283 20.17940517 20.08086909 20.34501173 20.05258825 20.32256061
  19.79997344 20.52365059 20.13408061 19.4368556  20.67298617 20.09101413
  20.57519339 20.85251275 20.08625145 19.8548662  20.69269194 19.45554044
  20.93138914 19.80138318 19.96862949 19.96267215 19.63840334 20.08391535
  20.81443144 20.04532104 20.00105646 19.65121646 20.15783488 20.57615366
  20.08224278 20.00362987 19.32565837 20.26768619 19.88371017 19.79004106
  20.21053719 20.19701333 20.09324156 20.30887722 19.71450763 19.54353676
  19.92806185 20.04331561 20.42201165 20.75193112]
[20.65791136 19.56012583 19.57457994 19.33973491 19.77057879 19.71930373
  30.2840531  20.38512918 19.77273859 19.66664766 19.63941725 19.77672903
  19.52556375 19.97984202 19.90707416 19.90922779 19.77969168 19.73393696
  19.68399393 19.96722698 20.62762379 19.15012233 20.0392762  20.40992881
  19.929964   19.68096754 19.61004853 20.72749757 20.2828588  20.51915571
  19.78320835 19.58311446 19.8795232  20.06590504 19.87076977 20.39890318
  20.25548303 20.44104963 20.20810921 19.63486267 20.33940855 20.35280749
  20.40359345 20.22596908 20.34447349 19.86444641 19.57087403 19.88278002
  19.98804083 19.67619169 19.92608802 20.13719463 19.80368523 20.29054294
  19.99320046 19.94049627 20.05690552 20.24165251 19.79567122 20.38459822
  19.96464896 19.94808909 19.69642188 19.72239595 20.65283549 19.5144899
  19.94121261 20.00268814 20.18989485 19.56874729 20.36594622 19.5753795
  20.61130929 19.94991734 19.72382742 19.69043143 19.69484825 19.40607854
  20.58672023 20.38774308 19.43261403 19.70999263 19.38763305 20.20283955
  20.21952166 20.58764905 19.3974545  20.03573277 19.83516227 19.57911129
  19.99591125 20.04916318 20.52485622 20.15241409 20.10154797 19.31961762
  19.56004891 19.48414081 20.32321217 19.83150469]
[20.63567104 20.03452485 19.72949262 19.56434373 20.0191826  20.13269247
  20.38512918 29.8946504  19.9963693  20.36209303 20.05032904 20.09760318
  20.00747117 20.14672303 20.08210074 19.82697673 20.19815357 19.82771384
  20.13571738 20.32397052 20.61395959 19.34701249 20.42781396 20.75113688
  19.83351295 19.80735208 19.84529356 20.53157241 20.23593381 20.76273476
  19.97537364 19.65960743 19.94262742 20.03919777 20.13771035 20.53476989
  20.12161816 20.45090819 20.69764398 20.24561607 20.25983206 20.48877612
  20.33092594 20.58373931 20.38556935 19.89016498 19.72880619 19.98786109
  20.34759298 19.62871229 19.93481144 20.12872629 19.65258457 20.28557025
  20.39820879 20.36719249 20.19405744 20.47357103 19.6168496  19.94664091
  20.00470122 20.24622862 19.60814481 19.7684492  20.80654459 19.65033528
  20.22661378 20.37105766 20.47893187 20.27014186 20.33229605 19.61864893
  20.61345169 20.01619828 19.84252983 20.31714986 19.6108869  19.45282607
  20.48451178 20.22806415 19.82885654 19.82663005 19.63536767 20.40899804
  20.44223297 20.47669412 19.68652742 20.42472873 20.22593059 20.35253481
  20.21777034 20.16049044 20.80926563 20.56659626 20.212217   19.26776629
  19.98653075 19.92969169 19.86495333 20.3917583 ]
[20.47399887 19.64544006 19.56499825 19.55201112 19.88714658 19.86191835
  19.77273859 19.9963693  29.09220578 20.1610835  19.29498512 20.15417446
  19.69986864 19.83443561 19.90035913 19.65327736 20.25680657 19.9236478
  19.66329317 19.59253922 20.60214799 19.11952473 20.00143335 20.54912384
  20.16278104 19.47510595 19.90843115 20.17489076 20.10732616 20.33206006
  19.63304219 19.58020187 19.63231011 19.76546325 19.63679064 20.30461307
  19.90006402 20.02642066 20.42411142 19.98549325 20.20745339 20.86169713
  19.80610641 20.27328948 20.40532397 19.90948445 19.26322502 19.52843955
  19.79566059 19.54171044 19.79831296 19.88955877 19.85079561 20.33949926
  20.11869895 20.03555843 19.82555753 20.09511834 19.91902848 19.71097119
  19.55873554 20.04265826 19.55169692 19.79390381 20.47582278 19.57824818
  20.10642223 19.91212304 19.80028298 19.79132784 20.30769293 19.64296806
  20.60815653 20.13600053 19.43116384 19.65889741 19.36193446 19.76329403
  20.2293992  20.00366177 19.45959513 20.1688508  19.4522593  20.23313724
  20.09931336 19.95162884 19.48187848 19.75929525 19.54011057 19.59880221
  19.98585135 19.8127006  20.15123045 20.04342826 19.80601517 18.64669508
  19.60276225 19.45082974 19.81092031 20.02106122]
[20.68576463 20.120553   19.68747419 19.63679921 19.72667519 19.98440105
  19.66664766 20.36209303 20.1610835  29.4045547  19.63365876 19.4882791
  20.06174125 20.13733573 20.15257497 20.28999939 19.94282508 19.85393611
  19.5491402  19.59179948 20.35342757 19.29714208 19.74716616 20.53352133
  20.15950892 19.53278333 19.50629824 20.47477514 19.74867636 20.69203608
  19.79260333 19.53845954 19.643813   19.86824345 19.65349103 20.20888294
  20.35773772 20.24226682 20.2402034  20.08233    20.31094895 20.64430064
  19.84036771 20.12225992 20.71555686 19.92931977 19.67635396 20.21177085
  20.16179034 19.71251949 19.85786454 20.25878074 19.78743117 19.92911802
  20.02343818 19.59948034 19.83691874 19.9659401  19.84481624 19.84110208
  19.53160468 20.13994361 19.43310028 19.7686169  20.48289203 19.50846492
  19.96734775 19.80746758 20.28666765 19.88842945 20.47013898 19.91884929
  20.61537057 19.55738007 19.62825707 19.76752854 19.42771596 19.4173648
  20.16211356 19.93481604 19.27572531 19.55758226 19.51575934 20.22484121
  20.02937604 19.91297689 19.69092338 19.78113954 19.7463298  19.79307518
  20.16423132 19.85767297 20.1340806  20.4134031  19.82797251 19.53528125
  19.81097821 19.46530079 20.18506118 20.34373494]
[20.6585741  19.42318703 19.57383272 19.75112565 19.87290722 19.9429549
  19.63941725 20.05032904 19.29498512 19.63365876 29.8417423  19.6166302
  19.50205726 19.45018229 20.14456162 19.5142269  20.03861257 19.31648298
  19.66849247 19.82740459 20.27286617 19.1710235  19.55403782 20.56243541
  20.06761102 19.42512638 19.79007818 20.40112124 19.94201024 20.12985994
  19.84201261 19.31202844 19.67621622 19.71169907 19.30400836 20.43698762
  19.64524417 20.01509778 20.41585357 19.99443617 20.21768372 20.09069124
  20.24517717 20.35791949 20.35120014 20.07545948 19.23645209 19.66176856
  19.79604431 19.65308786 19.50525354 19.77150422 19.80586428 19.64836312
  20.11287802 20.23898315 19.88134554 20.12268768 19.29353549 20.0472588
  19.5083992  19.79112265 19.39505145 19.52260023 20.35363024 19.81678934
  19.91452859 19.83435589 20.20240821 19.67455637 20.27627539 19.59360481
  19.94365837 19.69553181 19.56304494 19.58809982 19.38723697 19.44160096
  20.10191315 19.85855867 19.09509859 19.66171933 19.26536036 20.21549601
  20.03842693 20.15705081 19.74427889 20.19426702 19.69926312 19.80909475
  20.33999396 19.7244813  20.28715876 19.88503225 19.76616582 19.3356455
  19.46641565 19.65316959 20.37627521 20.16325745]
[20.83577392 19.50343451 19.75280869 19.65130432 19.26138926 20.16064802
  19.77672903 20.09760318 20.15417446 19.4882791  19.6166302  29.66150819
  20.28981965 19.85878265 19.95362653 19.88296622 20.15166087 20.05317229
  19.84415195 19.61566717 20.77621636 19.21040215 19.86007132 20.81804874
  20.08001265 19.83830152 19.81075116 20.14541623 19.79647186 20.50145828
  19.88616295 19.40523126 19.42781426 20.07847146 19.75717704 20.3416161
  20.09576723 20.55107774 20.40837943 20.09490091 20.27701586 20.91803295
  20.08729219 20.07707771 20.69633874 20.06422842 19.58523302 19.92311714
  20.11229568 19.51772204 19.69951995 20.03360198 19.55326192 20.05273361
  19.79114925 19.92418128 19.66793499 20.34889035 19.63452643 19.81704053
  19.44516551 20.12478787 19.60332627 19.83906139 20.61508873 20.19903658
  19.85324172 20.19587796 20.41818702 19.69949469 20.0764041  19.72763418
  20.3534609  20.0314799  19.73942988 20.05377678 19.73018154 19.7571662
  20.20010372 19.82893378 19.09060798 19.80776121 19.48185587 20.26636784
  19.97617662 20.27863027 19.47476782 20.06244056 19.31570814 19.57821803
  20.30999977 19.28393655 19.83591463 20.33559752 19.54209454 19.3208594
  19.4598439  19.19707271 19.62828179 20.5669829 ]
[20.61288802 19.62599816 19.74787054 19.58978535 20.00231939 19.74813705
  19.52556375 20.00747117 19.69986864 20.06174125 19.50205726 20.28981965
  29.19064252 19.7385478  19.83719582 19.66418626 19.78561955 19.79822474
  20.01297835 19.90752988 20.24616107 19.14710306 19.78686626 20.8413764
  19.92254558 19.36106656 19.50901154 20.32542426 19.95101095 20.26825005
  19.58361684 19.74031008 19.67946176 20.0572919  19.50029728 20.29304724
  19.73883624 20.00809179 20.39918569 20.19537078 20.20004722 20.23109776
  20.17115024 20.0302155  20.49983877 19.93430589 19.49937652 19.83781082
  19.90327409 19.44930157 19.97991985 19.56209299 19.83678483 20.37911777
  19.80378795 19.7762566  19.82832987 19.73139953 19.90179672 19.8342894
  19.56909461 19.77868503 19.44194748 19.32986784 20.26498407 19.84197054
  19.67288258 19.96229072 20.01668069 19.93354893 20.15827502 19.38198485
  20.32644041 20.15261242 19.79836966 20.00761835 19.79977489 19.75072321
  20.32170234 19.99703519 19.21391457 19.88341824 19.3277753  19.92401028
  20.10243595 19.92774202 19.07753182 20.05338924 19.63674122 19.72668837
  19.73835069 19.69958708 19.889517   20.18857714 19.41616177 19.30142098
  19.30520519 19.29981408 19.94860816 20.32310935]
[20.58737268 19.85806978 19.49344146 19.58367067 20.25888916 20.40085157
  19.97984202 20.14672303 19.83443561 20.13733573 19.45018229 19.85878265
  19.7385478  29.73874973 20.28138039 20.09840533 20.45618026 19.61811187
  20.06620166 19.98778381 20.57833417 19.72023463 19.97998224 20.57463511
  20.11368018 19.74371017 20.04632352 20.48003264 20.3115859  20.52992797
  20.12669792 19.69346199 19.65881771 19.99460286 19.82002101 19.93873889
  19.96467462 20.47024643 20.6751317  19.7343165  20.62931559 20.48500233
  20.47585443 20.47718632 20.54169453 19.91739261 19.61631419 20.07266975
  19.96126853 19.56061973 19.87741441 20.21775215 20.11317867 20.14278558
  20.04155672 20.12781265 19.88794822 20.06440476 19.64197455 19.78309554
  19.95066086 20.16924115 19.66952273 19.7317205  20.77393489 19.77567864
  19.85172644 20.30552011 20.19997585 19.7007077  20.54904265 19.81225872
  20.72824107 19.97803318 19.56879283 19.90232436 19.91570261 19.81909238
  20.44012509 19.77050923 19.55431288 19.65524352 19.97366025 20.4879171
  20.34705443 20.41405719 19.48996774 20.27570872 19.96033327 19.55002199
  20.2994363  19.99381672 20.14602377 19.88899416 20.20522823 19.23438606
  19.55826137 19.78652268 19.65394375 20.46385866]
[20.93229691 20.07220361 19.77803728 19.81559538 20.04441573 20.11954883
  19.90707416 20.08210074 19.90035913 20.15257497 20.14456162 19.95362653
  19.83719582 20.28138039 30.26246924 20.04629414 19.94494828 20.03054654
  20.40154242 19.72450238 20.89468944 19.52641666 19.93204419 20.4763045
  20.12834382 20.03798043 20.15951904 21.03235443 20.51100329 20.68527695
  19.80061912 19.79770533 19.59744143 19.89006743 19.86901408 20.52863819
  20.09066435 20.46611142 20.7397438  20.1909462  19.96326039 20.56678732
  20.24997597 20.41676011 20.41578685 19.64092705 19.65087825 19.98041479
  20.14411135 19.79028452 19.83864935 19.99912265 19.97552622 20.19928189
  20.32171246 20.46020677 20.11921137 20.35218891 19.93640155 20.21513288
  19.70519135 20.25861652 19.67671752 19.91914993 20.62158559 20.22353951
  19.95630509 20.30383251 20.55396127 19.59410495 20.84369852 20.2613242
  20.65224442 20.28354551 19.69127508 19.99130542 19.83117733 19.61289643
  20.52741627 20.31776115 19.56136613 19.74868117 19.61044879 20.38951836
  20.2759916  20.09166017 19.49451177 20.27634131 20.07068815 19.89690894
  20.00649156 20.03781875 20.4590357  20.20189371 20.17922851 19.430305
  19.49897493 19.91697334 20.45315567 20.19614241]
[20.36327745 19.36107393 19.40534832 19.37385424 19.60384787 19.90051426
  19.90922779 19.82697673 19.65327736 20.28999939 19.5142269  19.88296622
  19.66418626 20.09840533 20.04629414 30.08902489 19.8261697  19.31988648
  19.70601707 20.00609281 20.48303622 19.70817447 19.82149163 20.70849473
  19.46402245 19.89588156 19.87607219 19.92897192 19.96189537 20.14554171
  20.03402375 19.41506531 19.78982568 19.28747077 19.33560112 20.06043722
  19.71224896 20.16907088 20.35206325 20.05538431 20.14432559 20.74774747
  20.10916173 20.19297193 20.28861603 19.98985467 19.58041629 19.53858909
  19.97013655 19.3483046  19.56545502 19.97208087 19.90730426 20.08357568
  20.22794508 19.60931889 19.68705473 20.53111491 19.50291775 20.14142583
  19.66528141 19.97978118 19.5328843  19.44094312 20.34363659 19.92602634
  19.34169953 20.33743049 19.82529667 19.42027638 20.01259867 19.57185943
  20.50378918 20.0583055  19.44102049 20.09309697 19.56414659 19.52875592
  20.02244083 19.7490715  19.69327279 19.50060538 19.25427094 20.19058968
  19.77826411 19.94830407 19.37287831 19.54835999 19.24436964 19.70308291
  20.33754177 19.77917577 19.85669094 19.74468969 19.70794412 19.09482218
  19.14441135 19.61119052 19.96812705 20.21661861]
[20.8406486  19.73733226 19.84499928 19.63744554 19.84412226 20.22620374
  19.77969168 20.19815357 20.25680657 19.94282508 20.03861257 20.15166087
  19.78561955 20.45618026 19.94494828 19.8261697  30.29245912 19.62202816
  20.34904289 19.98075206 20.89012643 19.35510952 19.65370935 20.44611371
  19.98725789 19.56785304 20.23448927 20.5727889  20.20942251 20.2669791
  19.99432922 19.34310583 19.75276602 20.11022026 19.71739754 20.01808572
  20.41087909 20.93618513 20.42951423 20.35637024 20.32413682 20.63358519
  20.21966836 20.55168611 20.83634742 20.15127996 19.43516101 20.13524163
  20.33463094 20.12865138 19.80878944 19.96677838 20.27253811 20.31059763
  19.9449739  20.31464088 20.14096454 20.32826541 20.12314927 20.11754373
  19.66056734 20.28279618 19.63002217 19.56674829 20.74567696 20.14108442
  20.10120398 19.60174729 20.37628262 20.3871294  20.41445797 19.59699569
  20.57750917 20.38235621 19.47949574 19.71015865 19.69928337 19.67236899
  20.36822386 20.3003884  19.85715662 19.7904745  19.93512039 20.35982069
  20.6557262  20.32909977 19.98084492 19.94920763 20.28258255 19.76545714
  20.2693653  20.09024819 20.33067415 20.49434382 19.80769777 19.45993764
  19.54583859 19.43827813 19.8329462  20.28947595]
[20.93784578 19.31504838 19.47277912 19.58770121 19.84905486 19.56737263
  19.73393696 19.82771384 19.9236478  19.85393611 19.31648298 20.05317229
  19.79822474 19.61811187 20.03054654 19.31988648 19.62202816 29.26290228
  19.71650686 20.05613515 20.42697192 18.89999939 19.95102131 20.38981679
  19.86436861 19.83290614 19.62483592 20.20189694 20.11613319 20.44884392
  19.82273861 19.27275302 19.58399682 20.25937644 19.51163815 20.44629425
  20.18066586 20.20999021 20.51529724 20.02998649 20.08572231 20.60073712
  20.2639802  20.2986511  20.47328745 19.8656299  19.45180853 19.56785072
  19.80205704 19.57915783 19.65302432 20.01539866 19.43646133 19.94981283
  20.15682413 19.91501323 19.71134498 20.00529791 19.39806031 19.54732982
  19.65157805 20.08580436 19.43815471 19.36883404 20.58852104 19.83979625
  19.89016231 20.12314684 20.33554633 20.09263013 20.40554875 19.49821151
  20.4429265  20.05824145 19.53138604 19.8074749  19.39062474 19.49307365
  20.28289486 19.73951271 19.43790853 19.86179227 19.49687154 20.38292578
  20.02258887 20.45271761 19.32923259 20.00907994 19.58941846 19.61799645
  19.78135679 19.54722566 20.37002369 19.94829377 19.68974078 19.31472337
  19.47767463 19.56136804 19.94497786 19.95995157]
[20.2985734  19.37657831 19.69619935 19.92782152 19.47104232 20.29586809
  19.68399393 20.13571738 19.66329317 19.5491402  19.66849247 19.84415195
  20.01297835 20.06620166 20.40154242 19.70601707 20.34904289 19.71650686
  29.42231212 19.78791023 20.2643339  19.62279306 19.85208362 20.25217707
  19.67906941 19.88436064 20.10824972 20.68800606 20.02073926 20.45926265
  20.40843256 19.51919692 19.66610783 19.77135146 19.50321101 20.36288002
  19.93900334 20.00941185 20.4638868  20.22822633 19.99152781 20.13999173
  19.91173184 20.23667886 20.45663564 19.63126785 19.44398004 19.99257218
  19.98438159 19.47852223 19.71351825 19.88026475 19.68042364 20.21825959
  20.04759085 19.77844529 20.20272745 19.88905626 19.41805429 19.72648566
  19.6600853  19.90933488 19.33498893 19.37520455 20.46408814 19.99240793
  19.6298962  20.10693436 20.06995136 19.61808829 20.16341729 19.67655773
  20.87082369 19.98019936 19.88111824 19.71767038 19.72200787 19.652334
  20.39083899 19.87035893 19.76781381 19.7402848  19.60976286 20.17005888
  20.28076743 20.19643441 19.31993804 19.86343323 19.81793877 19.53133142
  20.05487177 20.15568787 20.23974723 20.25899819 19.81954829 19.34306791
  19.95967644 19.60742481 20.14759061 20.070274  ]
[20.28202223 19.58793229 19.80197073 19.48765793 19.45539057 20.0398831
  19.96722698 20.32397052 19.59253922 19.59179948 19.82740459 19.61566717
  19.90752988 19.98778381 19.72450238 20.00609281 19.98075206 20.05613515
  19.78791023 29.7321597  20.35575168 19.23725531 19.64963023 20.35672063
  20.3891269  19.45789527 19.83956467 20.19529822 19.9180457  20.36087218
  19.89445143 19.62129726 19.71743316 19.61268527 19.69562872 20.34432406
  20.01747769 20.38712175 20.60641439 20.09954909 20.2625565  20.83075571
  20.21011612 20.28409047 20.21321267 19.68835858 19.55939105 19.46048575
  20.12772548 19.92612646 20.01170203 20.29402147 19.77038785 19.81715731
  19.78856593 20.06254175 19.8539416  20.19175692 19.29545307 19.47896068
  19.56566781 20.24006337 20.09826077 19.21180972 20.24511456 20.07620626
  20.03051765 19.83188726 20.12231252 20.23075872 20.10419123 19.66240502
  20.37840227 20.04880277 19.75681349 19.8673201  19.48279506 19.57677988
  20.16752535 19.64257221 19.39855112 19.7208489  19.54117243 20.0710686
  20.16369388 20.1648998  19.71857889 20.08919558 19.84195658 19.65270521
  20.06437109 19.79025887 20.17613536 20.11759058 19.8870918  19.31974407
  19.3718149  19.38704065 19.90201748 20.14126042]
[21.41510594 20.53301443 20.23268492 20.42323133 20.32153051 20.99340397
  20.62762379 20.61395959 20.60214799 20.35342757 20.27286617 20.77621636
  20.24616107 20.57833417 20.89468944 20.48303622 20.89012643 20.42697192
  20.2643339  20.35575168 31.21038665 19.94990343 21.13777003 21.22365037
  20.67257578 20.54304631 20.40069687 21.07257033 20.66499662 20.94015006
  20.47641567 20.36780055 20.42463354 20.34908051 20.65529049 20.9591691
  20.63785182 21.04629827 21.16879102 20.57296127 20.84487098 21.20697918
  20.64369668 20.99634253 21.06628883 20.64361342 20.48077746 20.4669933
  20.56061376 20.74309268 20.80477525 20.55826624 20.88342176 20.72644907
  20.55097545 20.70115014 20.73782615 21.62374352 20.47362009 20.5574947
  20.47992582 20.90200033 20.49472616 20.39618326 21.3373188  20.59289386
  20.47471027 20.39634077 20.65105966 20.57967336 20.97299726 20.53278815
  21.1568851  20.78996852 20.2135775  20.3073657  20.49968403 20.21362348
  20.71279746 21.07123274 20.19224854 20.15627669 20.16403084 21.10367221
  20.65772863 21.0370594  19.93433321 20.51169285 20.45239387 20.56565749
  20.64242474 20.76691407 21.09208625 20.80026867 20.41409962 20.13034146
  20.24891792 20.33362771 21.12523731 20.85469317]
[19.73377184 19.35903941 18.71586085 19.08411494 19.02397731 19.56766058
  19.15012233 19.34701249 19.11952473 19.29714208 19.1710235  19.21040215
  19.14710306 19.72023463 19.52641666 19.70817447 19.35510952 18.89999939
  19.62279306 19.23725531 19.94990343 28.53359805 19.32285728 19.69730192
  19.46793466 19.0018519  19.45042031 19.48469408 19.40588559 19.34366919
  19.45516389 19.03793727 19.27410378 19.49705618 18.99005066 19.76599182
  19.08985422 19.5260578  19.97594196 19.2998238  19.67116353 19.70822444
  19.21253931 19.57242712 19.68720404 19.58076569 18.41695722 19.35399408
  19.61652224 18.6454489  18.82753595 19.37685811 19.3562715  19.71224537
  19.42330668 19.36362191 19.32363106 19.41775264 19.28578693 18.75668341
  19.06654982 19.55833506 18.85253122 18.93205762 19.97204083 19.33607837
  19.12316159 19.7692379  19.5272874  19.1956673  19.90457372 18.8147744
  20.08717645 19.44609435 19.33378137 19.06240206 18.74051074 19.02340064
  19.83282319 19.19910775 19.18228024 19.35595966 19.18582959 19.59347826
  19.61675456 19.79483469 18.56728942 19.23284483 19.15892257 18.78688911
  19.69417251 19.54423408 19.64074864 19.30685205 19.37731073 18.40363784
  19.44687522 18.97409255 19.16168296 19.83384826]
[20.50688471 19.57426209 20.20595852 19.49966812 19.89674107 20.07288916
  20.0392762  20.42781396 20.00143335 19.74716616 19.55403782 19.86007132
  19.78686626 19.97998224 19.93204419 19.82149163 19.65370935 19.95102131
  19.85208362 19.64963023 21.13777003 19.32285728 29.58668005 20.73251591
  20.07914842 20.01115992 19.70077029 20.22066395 19.98638903 20.52265903
  19.83843006 19.29739191 19.64960976 19.58176651 19.4750318  20.02759687
  20.22432867 20.35675409 20.57208738 20.2504236  20.36232297 20.30217113
  20.08348215 20.31990559 20.4928021  19.79746998 19.47532919 19.83909083
  19.78446937 19.66021032 20.16826917 19.96722526 19.9586303  19.97180599
  20.05751578 19.78697062 19.76921133 20.13866947 19.58199368 19.70170797
  19.77664099 19.63316832 19.67439094 19.50354186 20.64544153 19.7535446
  19.87071691 20.38981033 20.14193117 19.70382173 20.29946733 19.62630981
  20.50568083 20.04126356 19.88936059 20.08909422 19.55688346 19.77945773
  20.05334539 20.28568748 19.54209138 19.45288811 19.39333541 20.1068591
  20.17708444 19.8010975  19.43434469 20.16144184 19.69849664 19.66708094
  20.12395763 19.75853213 20.20354746 19.98046376 19.84341706 19.29586984
  19.16892806 19.64634174 20.24426115 20.20060779]
[21.44786186 20.58984139 20.29102718 20.33000194 20.45548458 20.94116994
  20.40992881 20.75113688 20.54912384 20.53352133 20.56243541 20.81804874
  20.8413764  20.57463511 20.4763045  20.70849473 20.44611371 20.38981679
  20.25217707 20.35672063 21.22365037 19.69730192 20.73251591 30.96981219
  20.82483663 20.25562641 20.95445555 21.14058473 20.9071142  20.88183249
  20.19718413 20.13055944 20.04292756 20.27514533 20.19862844 21.28003295
  20.50786093 20.92056597 21.09295483 20.77966744 20.96170249 21.31646335
  20.70068595 20.82219487 21.09752281 20.37789002 20.08419103 20.65458925
  20.80697698 20.33820105 20.44453388 20.81415113 20.68802875 20.4107602
  20.48726125 20.59123242 20.63187106 21.09386142 20.19471646 20.53912841
  20.09721251 20.71819155 20.20699243 20.03978904 21.41490009 20.31372399
  20.46932168 21.1671126  21.01724888 20.76065584 20.64970464 20.51523189
  21.09120538 20.80171402 20.69535511 20.71353619 20.22078988 20.32909579
  20.78480857 20.68595874 20.39742155 20.45132337 20.18741231 20.8856541
  20.50920393 20.81775641 19.86505464 20.89393321 20.36639099 20.45062112
  20.98378578 20.58963812 21.04598717 20.83909146 20.62437385 19.81803414
  20.46728661 20.43924297 20.71322054 21.08807127]
[20.79169884 19.918878   20.04011302 19.65627569 20.14975687 20.03134437
  19.929964   19.83351295 20.16278104 20.15950892 20.06761102 20.08001265
  19.92254558 20.11368018 20.12834382 19.46402245 19.98725789 19.86436861
  19.67906941 20.3891269  20.67257578 19.46793466 20.07914842 20.82483663
  30.03505296 20.11630892 19.90133489 20.54301801 20.04610711 20.65401107
  20.42999417 19.31162496 19.66816243 20.14097668 20.30427711 20.70942243
  20.53636193 20.0335748  20.68395633 20.47121381 20.20641863 20.47045022
  19.97382626 21.09374715 20.37757936 20.23067904 20.00080291 19.99373859
  20.04921013 19.71843846 19.93824412 20.39393417 19.79768815 20.30188125
  20.15231116 19.79963719 19.77052062 20.19631278 20.01541932 20.26337576
  19.59069764 20.21938507 19.56370204 19.35409392 20.61581083 19.77799747
  20.16255089 20.10950575 20.12101736 19.58558671 20.14397702 19.56389141
  20.87328536 19.98166569 19.86889737 20.09111786 19.70582844 20.09314753
  20.24098246 20.01987768 20.0753437  19.86137899 20.00304102 20.73162892
  20.22701801 20.51969222 19.87563493 19.90437278 20.18163032 19.634409
  20.44537634 19.99963242 20.65887213 20.03595694 19.96309734 18.93030947
  19.60313564 19.28161269 20.12257564 20.22843289]
[20.14169811 19.4425064  19.21828664 19.05751151 19.50182208 20.23426456
  19.68096754 19.80735208 19.47510595 19.53278333 19.42512638 19.83830152
  19.36106656 19.74371017 20.03798043 19.89588156 19.56785304 19.83290614
  19.88436064 19.45789527 20.54304631 19.0018519  20.01115992 20.25562641
  20.11630892 29.11671564 19.53060683 20.33435757 19.87911542 20.2226286
  19.92601062 19.4496335  19.69932469 19.37353463 19.53994683 19.87580125
  19.81005914 20.3950573  20.18680007 20.03023046 19.88173915 20.14239137
  19.79259711 19.82694778 20.10255667 19.84722305 19.56144537 19.92262543
  19.84647304 19.59936195 19.42785142 19.87938901 19.42701268 19.77986014
  19.55414164 19.43364163 19.75470865 20.08358257 19.34079934 19.64568742
  19.23410166 19.96701593 19.69287417 19.64012697 20.39492363 19.68326892
  19.73939918 19.98706399 19.89984656 19.68449077 19.9722895  19.63140632
  20.42538691 19.49212697 19.30093618 19.71777395 19.03358412 19.37880137
  19.74705509 19.83835887 19.04537516 19.56296253 19.2177358  19.98829062
  20.04462193 19.90076456 19.3143178  19.85520024 19.34075747 19.64775273
  19.92200119 19.65312431 20.30627482 20.00222393 20.00554941 19.25041194
  19.55831838 19.26950258 19.59857233 19.97399363]
[20.60741875 19.37930874 19.99117264 19.43760018 19.27449689 20.3539054
  19.61004853 19.84529356 19.90843115 19.50629824 19.79007818 19.81075116
  19.50901154 20.04632352 20.15951904 19.87607219 20.23448927 19.62483592
  20.10824972 19.83956467 20.40069687 19.45042031 19.70077029 20.95445555
  19.90133489 19.53060683 29.54794929 20.57561752 20.05584013 20.5274315
  19.99684949 19.52415613 19.86269503 19.60505045 19.61745856 20.71071506
  20.17780057 20.19368662 20.49934453 20.32344425 20.1094328  20.67500776
  20.28161873 20.57332988 20.34359537 20.2619427  19.50993483 19.75763905
  20.11065244 19.57182326 19.6561302  19.72135588 20.16976563 20.04247411
  20.26460498 19.6278852  19.90862721 20.25114916 19.79233139 20.06788755
  19.99802436 20.48182051 20.09365403 19.54399619 20.94583996 19.86931333
  19.88601481 20.41991425 20.22690653 20.06537962 20.15884771 19.42161018
  20.77061376 19.902676   19.63353233 19.70601146 19.95837898 19.77472058
  20.44159825 20.1830109  20.26007083 19.62845715 19.59448215 20.14284373
  20.23752681 20.30407665 19.74280421 20.12604994 19.57940261 19.80531778
  20.27786349 19.84187484 19.81708323 20.00593282 19.78842082 19.23616319
  19.74244917 19.88417879 19.65141876 20.38210054]
[20.923237   20.00043055 20.4725982  19.88750042 19.85663514 20.43206531
  20.72749757 20.53157241 20.17489076 20.47477514 20.40112124 20.14541623
  20.32542426 20.48003264 21.03235443 19.92897192 20.5727889  20.20189694
  20.68800606 20.19529822 21.07257033 19.48469408 20.22066395 21.14058473
  20.54301801 20.33435757 20.57561752 30.39812606 20.76303994 20.85194338
  20.59308061 20.18109403 20.37467819 20.62803496 20.21276418 20.75864491
  20.15445864 20.72817802 20.95155717 20.39776973 20.72203543 20.67754903
  20.3112439  21.27653492 20.86981777 20.50549267 20.2466845  20.24222855
  20.70410785 20.24278933 20.35945637 20.87395775 20.22793423 20.78516472
  20.56094894 20.5700277  20.21942944 20.75848936 20.12172695 20.47945164
  20.39301496 20.50743015 20.09583338 19.96546533 21.17702124 20.22268968
  20.33330533 20.34503622 20.65157419 20.30503048 21.01017254 19.89349732
  21.05240034 20.59410713 20.13472035 20.1625751  20.45354145 20.35511269
  20.82785296 20.81943681 20.13701511 20.39203057 20.13303053 20.76058684
  20.45111707 20.94267706 20.14978699 20.39868997 20.2570198  19.8884531
  20.50248565 20.23358832 20.90649814 20.98830628 20.41482329 19.58743565
  19.92498751 19.86246517 20.75726342 20.53924141]
[20.82702763 19.95295021 20.11242807 19.82100867 19.99103009 20.34230714
  20.2828588  20.23593381 20.10732616 19.74867636 19.94201024 19.79647186
  19.95101095 20.3115859  20.51100329 19.96189537 20.20942251 20.11613319
  20.02073926 19.9180457  20.66499662 19.40588559 19.98638903 20.9071142
  20.04610711 19.87911542 20.05584013 20.76303994 30.30190224 20.40987803
  20.44678013 19.85816849 20.07981156 20.04958484 19.89199198 20.28915518
  20.40626126 20.36563396 20.42335313 19.96183697 20.44831054 20.28935916
  20.17151357 20.74546438 20.60566618 20.02327048 19.87322667 20.09520071
  19.98355383 19.92043791 19.95353454 20.20158231 20.78903939 20.36696585
  20.41023122 20.47811966 20.06365027 20.54971865 19.62792158 19.95374145
  19.6866815  20.13680772 19.8396932  19.85121946 20.81568025 19.93632838
  20.24303981 19.99110726 20.20320953 20.06970059 20.4853264  20.14387727
  20.39333115 20.07810014 19.91897607 19.81792461 20.02177816 19.89239095
  20.60990268 20.36543226 19.94921497 19.94309565 19.38500867 20.69763386
  20.12438524 20.50584579 19.9005344  20.30364192 20.20287009 19.85082761
  20.25175761 19.9565579  20.31720568 20.46587177 19.99997929 19.31247571
  19.45576862 19.85407304 19.79516922 20.28951331]
[21.01425428 19.9467086  19.71598329 20.23107354 20.09969762 20.51236806
  20.51915571 20.76273476 20.33206006 20.69203608 20.12985994 20.50145828
  20.26825005 20.52992797 20.68527695 20.14554171 20.2669791  20.44884392
  20.45926265 20.36087218 20.94015006 19.34366919 20.52265903 20.88183249
  20.65401107 20.2226286  20.5274315  20.85194338 20.40987803 31.18615997
  20.25187845 20.04702149 20.30207013 19.78200346 20.22214848 20.54728941
  20.5921202  21.02042375 20.96776663 20.57721474 20.91662821 21.0013723
  20.48809029 20.86463032 21.01701818 20.37917243 20.29207835 20.30218688
  20.74299121 20.60175132 20.35317638 20.94742363 20.2795141  20.42722293
  20.31470507 20.51770198 20.72405698 20.62109182 20.11105327 20.63375402
  20.08406428 20.54158088 19.92493836 20.13915845 21.0626823  20.31942502
  20.44671595 20.69031046 20.78470116 20.38483556 20.91703608 19.67148108
  20.96837592 20.56915541 20.30915318 20.51050478 20.12226372 20.09336121
  20.84916852 20.76547606 20.04239307 19.72249629 19.99338913 20.70426582
  20.74304264 20.87431881 20.24501909 20.5303021  20.24057206 19.96994559
  20.48344484 20.4244355  21.04230392 20.87611913 20.2712517  20.03020157
  20.03467819 20.2053347  20.53553491 20.93015677]
[20.82483763 19.460236   19.797036   19.19254727 19.92503118 20.0153662
  19.78320835 19.97537364 19.63304219 19.79260333 19.84201261 19.88616295
  19.58361684 20.12669792 19.80061912 20.03402375 19.99432922 19.82273861
  20.40843256 19.89445143 20.47641567 19.45516389 19.83843006 20.19718413
  20.42999417 19.92601062 19.99684949 20.59308061 20.44678013 20.25187845
  29.29559351 19.51928652 19.33842639 19.59782406 19.8923097  20.66606804
  20.08786596 20.28010108 20.39844771 19.79853245 20.41728061 20.28694195
  20.30790248 20.49272    20.07534308 20.13672672 19.5371257  19.84227517
  20.55048919 19.74668984 19.90723767 20.17586987 19.9889136  20.54737207
  20.05184316 19.73211554 19.86715055 20.04859193 19.94161701 19.73923596
  19.66803302 20.03291139 19.8676864  19.47500532 20.6511073  19.99432022
  19.74211097 20.28241134 20.61623493 20.04892833 20.25400066 19.50637723
  20.6056384  19.78046124 20.20368782 20.18111338 19.58489316 19.39204765
  20.22565912 19.91586113 19.89405371 20.30883146 19.35212131 20.07586628
  20.42208573 20.06785523 19.53148353 20.00401441 20.16445688 19.77136903
  20.20838571 19.88538709 20.31486526 20.20323378 19.68720012 19.22087109
  19.88310482 19.35271571 20.11130584 20.23199537]
[19.91714093 19.3477015  19.53362132 19.53531596 19.27681262 19.73882054
  19.58311446 19.65960743 19.58020187 19.53845954 19.31202844 19.40523126
  19.74031008 19.69346199 19.79770533 19.41506531 19.34310583 19.27275302
  19.51919692 19.62129726 20.36780055 19.03793727 19.29739191 20.13055944
  19.31162496 19.4496335  19.52415613 20.18109403 19.85816849 20.04702149
  19.51928652 28.31137326 19.91565576 19.67883919 19.37759704 19.95890563
  19.57167419 19.78972278 19.9614991  19.39774878 19.75308529 20.25294969
  19.58434235 20.01942788 20.09958794 19.64807685 19.47731031 19.36141378
