6668
100
10
31.026710049841462

[0.05785955 0.0641024  0.0452137  0.08610992 0.06932677 0.05733736
 0.06182967 0.06016213 0.04840867 0.04126625 0.07489099 0.03009939
 0.07551025 0.06297624 0.02908089 0.09786499 0.03397419 0.09538209
 0.07034479 0.09540389 0.07069133 0.09363592 0.07092493 0.02669995
 0.06412847 0.05442551 0.09537908 0.05444451 0.06079529 0.07827676
 0.04329    0.07662769 0.08768382 0.03580679 0.04021041 0.07031037
 0.07161609 0.03815983 0.0622684  0.05327555 0.06586731 0.08519077
 0.0274272  0.05225921 0.03093816 0.02703587 0.0988554  0.06062174
 0.05497719 0.04855797 0.04466063 0.09754907 0.02952868 0.05506572
 0.09605823 0.03262483 0.02486849 0.02580586 0.09513921 0.07050689
 0.04563126 0.09850225 0.04522903 0.05343762 0.03606739 0.04140257
 0.07670509 0.04966019 0.07602303 0.05178794 0.05706434 0.0815126
 0.03925553 0.02486311 0.07950102 0.09591511 0.07663623 0.09599351
 0.05420911 0.04691214 0.07361785 0.06239935 0.08040882 0.09241418
 0.02335724 0.04796054 0.08286685 0.02957728 0.06471837 0.06007468
 0.07745886 0.06824795 0.04797431 0.04763485 0.03997158 0.02565297
 0.03054175 0.04161884 0.05424232 0.05155398]

[[30.08510231 20.01275755 19.76067364 20.75479902 19.9623092  20.65393192
  19.70457867 19.7862091  19.91895103 20.22776589 20.33881602 19.91263741
  20.15852391 19.77935561 20.45860145 20.78576818 20.15343805 20.10067742
  20.23224012 19.79789321 20.25197245 20.40347409 20.17269741 19.37991261
  20.36347982 20.1565259  20.79349143 19.95701856 19.9580425  18.88150147
  20.41499041 20.00616349 19.96405033 19.47618009 20.24356544 19.49980172
  19.84378255 19.92793026 20.19917156 20.01770498 20.09876199 21.0648684
  20.08667257 20.3503448  20.18263692 19.94691295 20.1199088  20.63117839
  19.83746328 19.50343715 20.04691612 20.11867254 20.1500237  20.00157201
  19.76844657 20.67473079 20.13197635 19.89647522 20.29698678 19.92047092
  19.56888273 20.05936082 20.29198993 19.57284925 19.91694396 19.74625929
  20.41029988 19.88988828 20.20407705 20.46772223 19.67165208 20.0454064
  19.62311342 20.01758423 20.20173839 20.46305348 20.52784177 19.98979524
  19.38261996 20.32005729 20.39815461 19.7164913  20.19774858 20.40720932
  19.74195779 19.8461591  20.72117181 20.74616155 19.84567687 20.02609616
  20.1023465  20.54204564 19.77667221 21.02313607 20.44667234 19.78192892
  19.53533631 19.91681495 20.19204    20.22504907]
[20.01275755 29.93912216 19.60151265 20.45540427 19.83696091 20.59049738
  20.19208148 20.1071839  20.08422932 19.99731612 20.02814729 19.7733007
  19.75758487 20.1970189  20.9582598  20.65732872 20.33636136 19.79564245
  20.47939634 19.91188673 20.64156972 20.01926599 19.7929473  19.71923167
  20.323577   19.79082105 20.16036274 19.6606625  19.49322643 19.11492954
  20.39296079 19.70043149 19.33837351 19.69083131 20.28850076 19.59858667
  19.256201   20.1046309  20.06211206 20.30009538 20.25946167 20.45663327
  20.00240632 19.95640843 19.56538242 19.61887163 20.0198367  20.30446036
  19.79505156 19.86475511 19.67223263 20.14576219 20.29276598 19.82602375
  19.27495494 20.45829093 20.16921194 20.02696533 20.27571887 19.72845397
  19.28472345 19.7162296  20.36473179 19.29219044 19.96176232 20.01825839
  20.35434137 19.89201015 19.98110848 19.89281815 19.62334616 20.08072739
  19.63397394 19.38551761 19.72062462 19.93734561 20.33555311 20.07730776
  19.60984782 19.86742398 20.19964627 19.60196379 20.04655962 19.81915701
  19.82728357 19.82110452 20.80461656 19.96107526 19.7379942  19.89553245
  19.90750227 19.70398525 19.72951861 20.76676282 20.98951879 19.40152167
  20.01243816 19.36241106 20.44370852 20.54715312]
[19.76067364 19.60151265 29.9827853  20.41245437 19.92202622 20.44265815
  19.65996436 19.45987688 19.808691   19.8533368  19.91770208 19.04994456
  19.81699859 19.79088398 20.14929428 20.09567758 20.15857963 19.84482073
  20.37707839 20.10421509 19.97488028 20.10425718 19.50561811 19.41394272
  20.28395128 20.04292753 20.3541822  19.89016182 19.5457111  19.25402035
  20.24377856 19.72317779 19.42193658 19.18794979 20.60308548 19.59974202
  19.70578037 20.15212888 20.07757437 20.38851722 20.16931963 20.31037359
  19.88745029 19.78494731 19.83101775 20.33273028 19.5267101  20.22932849
  20.2386704  19.53153574 19.83082449 19.90912115 20.07560087 19.91830006
  19.33713533 20.40641426 20.31385999 19.74245522 19.95819096 19.59085293
  19.75435446 19.58717641 20.30959829 19.98825564 19.86606294 19.64683637
  20.10528392 19.72061246 19.69649597 19.67118434 19.55230886 19.86277705
  19.35262491 19.57717172 19.60528281 20.19612824 20.06000715 20.16173158
  19.22824898 19.90140458 20.43348983 19.53344951 20.04128768 19.5856509
  19.56223227 19.43853744 20.45238136 20.20513651 19.5955216  19.89066035
  19.67495776 19.80285063 19.32336163 20.60614371 20.51820337 19.36468321
  19.57274542 19.71392    20.16394171 20.24193308]
[20.75479902 20.45540427 20.41245437 30.38374086 20.40954844 20.56948927
  20.57491578 20.35424174 20.14031248 20.41284427 20.16166731 20.13969894
  20.07370742 20.58101723 20.840945   21.02453763 20.87872026 20.45149516
  20.82220297 20.55992722 20.84867107 20.27781354 20.06551179 19.9407159
  20.36615175 20.25177993 20.55461421 20.28299911 19.99546153 19.62635061
  20.75712212 20.35103926 19.78466915 19.65531271 20.89743965 19.92422307
  19.80454329 20.67294146 20.67376871 20.65778908 20.1791037  21.03749507
  20.61711419 20.15493539 20.17682209 20.32160935 20.30186191 21.10505547
  21.05159259 20.11734759 20.83669461 20.25598483 20.69689796 20.43661063
  20.10221138 20.91623297 20.79697854 20.63389771 20.64819083 20.15978499
  19.86031617 19.81812597 20.91584366 19.80493677 19.99087459 20.01014031
  20.83301639 20.06865754 20.27375822 20.50580092 20.15450884 20.34681474
  20.30896353 19.87406185 20.09200793 20.55100977 20.85822689 20.51288517
  19.89569003 19.98705798 20.643117   20.11593383 20.32158611 20.36806095
  20.27361472 20.63659523 21.00697445 20.34102398 20.08165978 20.0811611
  20.52988649 20.1050144  19.99101615 21.25674553 21.03686862 20.09014563
  20.08240372 20.13386122 20.42596652 20.76305367]
[19.9623092  19.83696091 19.92202622 20.40954844 29.50361534 20.14906114
  20.16185941 19.58409187 19.56249716 19.96691244 19.99229865 19.25991527
  19.81321182 19.56427442 20.19296703 19.88651325 20.46742498 19.73332091
  19.81617744 19.72443358 19.93578806 19.67784026 19.63244168 19.68030644
  20.16260815 19.96520883 19.88028772 20.20518805 19.66416481 18.88069367
  19.92075632 19.39529424 19.45443046 19.32224623 19.67391883 19.67917431
  19.83627461 19.81499598 20.00452206 19.65296376 20.04265088 20.11353964
  20.35084388 20.11265056 19.8943433  19.37961037 19.47550393 20.39764835
  20.08054901 19.457431   19.5096377  19.96812493 19.98609009 19.63894043
  19.57025263 20.2786402  19.77792533 19.66349764 19.78481424 19.58782663
  19.44319955 19.21685653 20.05594357 19.62085758 19.75260768 19.78437915
  19.59862477 19.69888199 19.87231048 19.97767593 19.47684578 19.89779973
  19.48463622 19.61533214 19.62143473 19.82329602 20.14289379 19.91938558
  19.30494758 19.2981897  20.24570297 19.83669114 19.8514332  19.86027533
  19.66743802 19.62856312 20.5288171  19.59642576 19.66125577 20.16593251
  19.86969957 20.00199577 19.83390761 20.5889522  20.13780625 19.4464027
  19.41150521 19.45912584 20.39922952 20.08183833]
[20.65393192 20.59049738 20.44265815 20.56948927 20.14906114 30.62272985
  20.50721581 20.37420966 20.02391577 20.4786321  20.85147295 19.90248885
  20.4025302  20.30870769 21.33799772 20.8827999  20.46703176 20.44641906
  20.90976201 20.10476493 20.90887497 20.73776081 20.17265967 19.97351182
  20.96409508 20.43884512 20.47641258 20.50943363 20.3815065  19.9296952
  20.45919489 20.43305747 19.60783819 19.97645119 20.60166509 20.13614721
  20.18244704 20.79917512 20.37067201 20.74451114 20.8270082  21.08769445
  20.43876534 20.90190402 20.251992   20.39528285 20.29018304 20.54410257
  20.72306156 20.53625606 20.27570667 20.62016892 20.41877659 20.7905576
  20.126779   21.23424203 20.77152057 20.15704757 20.43502347 19.95583948
  20.53024245 20.1278992  20.74856597 19.98574439 20.33533632 20.01707224
  20.29340879 20.38843803 20.958503   20.68760971 19.67096499 20.61342583
  20.12457242 19.96406932 20.26203539 20.25955731 20.38454468 20.80622685
  20.33757586 20.33670868 20.85203872 20.77800803 20.44749115 20.49873862
  20.4125744  20.35972874 21.1634227  20.37236393 20.36366777 20.59656695
  20.49424548 20.35458535 19.89286814 21.4958596  20.99554702 19.83358426
  20.15730933 20.18807881 20.22553986 20.74516448]
[19.70457867 20.19208148 19.65996436 20.57491578 20.16185941 20.50721581
  30.02112596 20.24982314 20.0109698  19.82218435 20.15709613 19.98993526
  20.12241089 20.51602569 20.61303357 20.67842526 20.41350994 20.20236341
  20.14376861 20.13943548 20.34880206 19.81396889 19.95642863 19.53008907
  20.34327054 20.01183957 20.17766975 20.07780623 19.87619727 19.53358199
  20.3817294  19.77829973 19.58588194 19.57186309 20.0992399  19.59571821
  20.00874787 20.32372114 19.88576287 19.98899428 20.30455618 20.53115012
  20.59495531 20.34697778 20.13709411 20.32690236 19.84949183 20.41508992
  20.42838919 19.84896954 19.88866605 20.04076293 20.21683948 19.79555214
  20.07486649 20.43863496 20.17913048 19.89543015 20.0790705  19.89840455
  19.6417205  19.6335137  20.16463682 19.53320698 19.76100961 20.01891663
  20.10034613 19.76274412 20.06708109 20.10629675 20.17000543 20.19350691
  19.00562527 19.38140685 19.86313924 20.22720369 20.01095928 20.31808159
  20.05634447 19.73709832 20.32756136 20.16215498 19.90818995 20.11968971
  19.85409104 19.72028131 20.89604111 20.24196351 19.65904153 20.23824067
  20.06533165 19.65861321 19.96126217 20.98778978 20.6307516  19.83145104
  19.64800389 20.1332426  20.19460492 20.16097442]
[19.7862091  20.1071839  19.45987688 20.35424174 19.58409187 20.37420966
  20.24982314 29.15351462 19.22259319 19.84806079 19.95381342 19.32595376
  19.86446897 20.19188051 20.33794311 20.07666381 20.16537991 19.57687097
  20.20604681 19.59947661 20.13263982 19.72877326 19.86693208 18.97470913
  19.7270236  19.83818629 20.02139426 19.79136237 19.55821584 19.19145255
  19.98772513 19.91282838 19.04341114 19.20161347 20.05789603 19.17733243
  19.76743236 19.86822804 19.69051349 19.99520657 20.09992738 20.12997341
  19.81983532 19.53936229 19.92108473 19.4877518  19.52823885 19.78744252
  19.6955156  19.50790664 19.5792359  19.54543167 19.74280518 19.82847801
  19.52540842 20.55925765 19.41866577 19.75074982 19.94549672 19.14666341
  19.6859767  19.37417823 20.10817229 19.52388155 19.1019615  19.55566963
  20.07575194 19.79860484 20.13794936 19.7884046  19.45752385 19.63851769
  19.48840127 19.17398667 19.67346827 19.44301754 20.00752398 19.81780931
  19.10170915 19.26737468 20.25277443 19.51492234 20.07856831 20.09095405
  19.48412834 19.68067914 20.3811774  20.00879203 19.68770019 19.98256549
  19.58592519 20.03777275 19.40050704 20.63019512 20.26066364 19.23379033
  19.22854118 19.5833802  19.67973685 19.88861123]
[19.91895103 20.08422932 19.808691   20.14031248 19.56249716 20.02391577
  20.0109698  19.22259319 29.47149669 19.59569706 19.73515792 19.41004877
  19.36357463 19.52195299 20.09822968 19.99926353 19.92881576 19.62669773
  19.81507887 19.59296566 19.68925986 19.8026772  19.56676638 19.32929709
  20.24611395 19.49130733 19.81062286 19.96543221 19.61120391 19.14185165
  19.86936429 19.16653122 18.97584139 19.05138302 19.96054545 19.30624853
  19.54930736 19.85902727 19.99645765 19.91678104 19.87837911 19.99936184
  19.30392864 19.43437792 19.88908081 19.61175754 19.47943341 20.33339571
  19.73013656 19.05408385 19.9704876  19.46153307 19.6920751  19.47208873
  19.25109496 20.09445429 19.79283395 19.90804339 19.87537696 19.45288361
  19.869426   19.20440285 20.12166885 19.2716878  19.44895317 19.6461896
  19.94674763 19.5363814  19.75035922 19.85365855 19.22162737 19.64863603
  19.53191885 19.53562107 19.58580809 20.10720973 19.61964889 19.86673283
  19.56323251 19.66308887 20.01447377 19.57551146 20.00758439 19.56313458
  19.84474243 19.36715988 19.92824682 19.79673939 19.21014192 20.00316718
  19.49586285 19.72003807 19.65391135 20.51014483 20.29981279 18.43004396
  19.41613974 19.59126042 19.82048523 20.39810795]
[20.22776589 19.99731612 19.8533368  20.41284427 19.96691244 20.4786321
  19.82218435 19.84806079 19.59569706 29.54039738 20.18501104 19.21971478
  19.98027623 19.91289769 20.69785607 20.33349367 20.25501826 20.02267561
  20.28224186 20.12991412 20.27638168 19.90549769 19.67042966 19.37089938
  20.14158436 19.85722491 20.28155959 19.3501623  19.49851001 19.24850718
  20.26960034 19.8132963  19.41150136 19.42359842 20.09339238 19.5893754
  19.3218082  19.99777843 20.10976252 20.37944912 19.98238539 20.25062625
  20.35163466 19.86192652 19.68234689 19.55327102 19.70402676 20.37098151
  20.15601607 19.27488774 19.97026919 20.07344415 20.08916212 20.05589273
  19.74523568 20.35888907 20.31196763 19.61243832 20.14111448 19.9839523
  19.77626975 19.64283901 19.97850498 19.46419798 19.63040719 19.68892173
  19.9129644  19.69295496 20.48736343 19.48701183 19.36264433 19.97352059
  19.44874867 19.48535264 19.61426276 20.29674202 20.12121698 20.01056053
  19.37261935 19.57111824 20.23299021 19.73697963 20.02048927 19.99929418
  19.54954497 19.70850035 20.3578904  19.88823209 19.99330519 19.96010303
  19.50329521 19.82504201 19.57902717 20.66435396 20.44268927 19.49141808
  19.91185768 19.4367526  19.84788212 19.98567227]
[20.33881602 20.02814729 19.91770208 20.16166731 19.99229865 20.85147295
  20.15709613 19.95381342 19.73515792 20.18501104 30.28267295 19.95893173
  20.24596408 19.96790318 20.28012363 20.80981381 20.4996084  20.04928043
  20.81533914 20.1871174  20.54923888 20.26972284 19.82681602 19.62064176
  20.47614501 20.6026313  20.36162956 20.33832956 20.18267801 19.8704774
  20.24330559 19.68577572 19.70090674 19.73392191 19.91333685 19.53602646
  20.3310742  20.50439854 20.35502666 20.36554869 20.31635743 20.66157157
  20.57200052 19.94441909 20.01838556 20.15943122 19.83643809 20.47044314
  20.03138232 19.58220597 20.01858288 20.42117533 20.27200543 20.03049859
  20.06596471 20.65269129 20.43014556 19.70254841 20.24846838 19.96943745
  19.92297134 19.91525964 20.22696406 19.48735051 19.857818   19.95633578
  20.6407945  20.33772518 20.05160122 20.34387848 19.93790125 19.92906011
  19.78246474 19.59174826 19.81094844 19.98573142 20.15097812 20.42673745
  19.40417863 20.24249337 20.44332899 20.11572872 20.05229698 20.29975013
  20.30284363 19.86591889 20.84822111 20.4460028  20.03905448 20.14976202
  20.46456733 20.18577476 20.09673195 21.35222037 20.72310321 19.43929449
  19.5530143  20.00675986 20.24615531 20.6399469 ]
[19.91263741 19.7733007  19.04994456 20.13969894 19.25991527 19.90248885
  19.98993526 19.32595376 19.41004877 19.21971478 19.95893173 29.08458539
  19.47632823 19.51558553 20.34427136 19.89885353 19.4602966  19.59792606
  19.91500878 18.91951954 20.05439719 19.68737596 19.27425857 19.07385049
  19.57219921 19.36500592 19.77996088 19.79865575 19.26964367 18.86665094
  19.34845008 19.45116554 19.1516991  18.68377518 19.57838075 19.19507805
  19.46244373 19.5105558  19.48336933 19.71576823 19.93536692 19.86910969
  19.62258449 19.37742824 19.3134181  19.89025522 19.63772437 19.79091329
  19.44229842 19.23452996 19.28955574 19.84003343 19.42754002 19.30743035
  19.23089439 19.7937678  19.72263937 19.51827033 19.6920235  19.38176559
  19.19295043 19.11874033 19.39050838 18.83916143 19.34426002 19.68723155
  19.59615327 19.29548261 19.42373553 19.37830048 19.38002428 19.57368364
  19.03485456 18.88591331 18.98556033 19.84248279 19.68719968 19.49863021
  19.149028   19.55308987 19.49714425 19.21783554 19.43877576 19.93441924
  19.25404902 19.16620798 20.12256107 19.64877454 19.35090333 19.10112043
  19.35121214 19.43895458 19.45970312 20.34066125 20.12486981 18.94990815
  19.41391319 19.40758843 19.88277198 19.50785021]
[20.15852391 19.75758487 19.81699859 20.07370742 19.81321182 20.4025302
  20.12241089 19.86446897 19.36357463 19.98027623 20.24596408 19.47632823
  30.03260589 20.2040402  20.6174185  20.37813611 20.01312408 19.64221946
  20.56621601 19.71011812 20.21978799 20.06044956 19.41875805 19.14859143
  20.1367886  19.83289619 19.84061126 19.88570075 19.81855324 19.32333904
  20.31857723 19.97693508 19.21631212 19.29095756 20.36297358 19.43869999
  19.78178026 20.33505017 19.87144036 20.40322298 20.20072364 20.602869
  20.34989036 20.2325369  20.11459377 19.82682193 19.48396227 20.32081348
  19.8041516  19.45507157 19.87431931 20.32941814 20.1323082  19.92426301
  19.34854416 20.38913341 20.09865322 19.71597212 20.10197347 19.63001167
  19.30785387 19.64531256 20.02374859 19.41796664 20.20872037 20.05642168
  19.77988524 20.24171302 19.85571909 20.18546128 19.71442732 20.21800722
  19.87869396 19.78754302 19.98950657 20.0817661  20.11317212 20.04347791
  19.60900585 19.81856739 20.11792663 19.7737443  19.91749803 20.35847186
  19.94308056 19.77661673 20.29827093 20.00350424 19.88346403 19.82492238
  20.08350936 20.40871436 19.69775749 21.02133134 20.10646814 19.48698418
  20.02554566 19.88845065 19.82995109 20.21748307]
[19.77935561 20.1970189  19.79088398 20.58101723 19.56427442 20.30870769
  20.51602569 20.19188051 19.52195299 19.91289769 19.96790318 19.51558553
  20.2040402  29.71940343 20.3739491  20.46929007 20.10932253 19.92503051
  20.02456647 20.01636259 20.48205987 20.07249478 19.30806886 19.89168048
  20.33259592 19.86654614 20.31856225 19.96189324 19.78620552 18.9366128
  20.01310758 19.72302495 19.60512199 19.3492942  20.03515476 20.00625312
  19.64237328 20.54384724 20.29183642 20.13714683 20.17133736 20.37023307
  20.0299981  19.90195107 19.69240398 20.0162486  19.81511478 20.48676081
  20.0550349  19.77101624 19.88433682 20.17449237 20.03810332 19.98238365
  19.3147397  20.86639841 20.26311079 20.00879622 19.96659331 19.89748968
  19.69042122 19.79384491 20.39867637 19.3810745  19.74243029 20.06111949
  20.53654299 19.75845823 19.72323803 20.28613046 19.94815096 19.9114119
  19.60474156 19.37701305 19.74506087 20.03292692 20.03593992 20.02997342
  19.65548847 19.8203688  20.27227902 19.80307158 20.14580909 20.10179083
  20.07234009 19.50329939 20.94212068 19.99078023 19.74296697 19.78262509
  20.25214143 20.24178771 19.65137139 21.13518834 20.38781383 19.27207346
  19.70732588 19.54072949 20.32190503 20.01891589]
[20.45860145 20.9582598  20.14929428 20.840945   20.19296703 21.33799772
  20.61303357 20.33794311 20.09822968 20.69785607 20.28012363 20.34427136
  20.6174185  20.3739491  31.05113721 21.17193186 20.66974212 20.6817667
  20.79024882 20.38945044 21.33240638 20.08553388 20.01285022 20.10793132
  20.80421753 20.01113083 20.70899398 20.52419258 19.9422412  19.72325809
  20.83502459 19.96328309 19.89259356 19.62506664 21.17072709 20.06303344
  20.30349162 20.28074703 20.76264599 20.76488635 20.66502491 20.82139426
  20.62969596 20.48342652 20.23606446 20.12380858 20.44561155 20.91456173
  20.5053026  20.08261701 20.3993578  20.24716558 20.3919587  20.34374504
  19.7557498  21.01643193 20.6666358  20.1942838  20.70939004 20.50171823
  20.24803508 20.07352883 20.5611283  19.84134842 20.1905133  20.10677256
  20.60731865 20.54025761 20.82637105 20.86686489 20.25716341 20.50225305
  20.14452617 19.91185766 20.18470078 20.75037297 20.59785997 20.68110658
  20.03955065 20.08337647 20.52843973 20.40449218 20.60585578 20.46433535
  20.32041493 20.49454207 20.96650473 20.49084817 20.20776992 20.70464923
  20.62370397 20.61253836 20.43538704 21.32932573 20.87514259 19.77424217
  19.9158752  19.80112679 20.67354355 20.59112259]
[20.78576818 20.65732872 20.09567758 21.02453763 19.88651325 20.8827999
  20.67842526 20.07666381 19.99926353 20.33349367 20.80981381 19.89885353
  20.37813611 20.46929007 21.17193186 30.89957205 21.10356951 20.06308524
  20.46276208 20.00929122 20.77794202 20.26017191 19.92488947 19.74003209
  20.15739507 20.22986735 20.71228508 20.02068303 20.5575274  19.82052292
  20.41296    19.86481453 19.82341123 19.92815634 20.46972988 19.30338292
  20.27489885 20.62550666 20.2462616  20.79972948 20.60058343 20.91503432
  20.58037893 20.49906658 20.20282458 20.40613848 20.34921422 20.85150142
  19.92444466 19.84742932 20.39150355 20.04888838 20.53535253 20.209304
  19.90338861 20.99528805 20.89096616 20.02060226 20.34705236 19.94110105
  19.82019604 20.06111754 20.61622195 19.63137653 20.64826149 20.10054144
  20.6229484  20.25211391 20.53878871 19.97184401 20.00211717 20.46134062
  19.85988571 19.39408053 20.25756904 20.29928404 20.43279492 20.60341209
  19.87322172 20.05999215 20.85903845 20.09775001 20.50534791 20.38714291
  20.09961113 20.17079514 20.85172245 20.4398888  20.07373165 20.23401454
  20.43294346 20.59514985 20.12801121 20.99460911 20.8237458  19.71862511
  20.36041398 20.150676   20.5229512  20.59167599]
[20.15343805 20.33636136 20.15857963 20.87872026 20.46742498 20.46703176
  20.41350994 20.16537991 19.92881576 20.25501826 20.4996084  19.4602966
  20.01312408 20.10932253 20.66974212 21.10356951 29.85214491 20.07691087
  20.05834701 20.04017061 20.38921297 19.95331773 19.66483193 19.48390869
  20.24832774 20.16876937 20.91878886 20.22300655 20.13100096 19.37671412
  20.60389205 20.07545323 19.58825358 19.68482908 20.86831974 19.53158514
  20.11021271 20.35954496 20.18019603 20.23916444 20.46045704 20.85483212
  20.56662963 20.19897744 19.94457307 19.88058642 19.88242608 20.49106034
  20.10771107 19.68161064 19.59820675 19.8648348  20.64678539 20.27868768
  19.83054903 20.43433228 20.50326348 20.33542307 19.71901498 19.81660189
  20.13870434 19.70258937 20.41501755 19.34841277 19.85004445 20.12756605
  20.06340459 19.71467558 20.11967546 20.35681883 20.27980811 20.17234289
  19.43041901 19.7443293  19.80434782 20.65530198 20.27054894 20.21898454
  20.13765255 19.76459799 20.31681266 20.02022103 19.86018965 20.12133773
  20.24517005 19.84453768 20.49138576 20.13276121 20.040927   20.00672012
  19.94309437 20.106874   20.00090823 21.00074035 20.54901974 19.8312807
  20.00933752 19.80755849 20.37026329 20.53272943]
[20.10067742 19.79564245 19.84482073 20.45149516 19.73332091 20.44641906
  20.20236341 19.57687097 19.62669773 20.02267561 20.04928043 19.59792606
  19.64221946 19.92503051 20.6817667  20.06308524 20.07691087 29.89982161
  20.22326476 19.80272462 19.96633042 19.78324521 19.54609129 19.41653256
  20.12106479 19.92148767 20.32859267 19.6898571  19.50681632 19.08265506
  20.09012541 19.78657607 19.2612181  19.31401638 20.18882052 19.4503684
  19.33791296 19.83436841 20.07001557 19.97645673 20.25031801 20.39775066
  20.12537374 20.13256268 19.72163944 19.95792845 19.52255701 20.12077129
  19.97387905 19.59144259 19.6452381  20.26390447 20.07921865 19.92579632
  19.54026078 20.4772033  19.58054653 19.56658243 20.18141719 19.47182589
  19.63641218 19.69080374 20.56059626 19.32287616 19.91085901 19.67513911
  19.90035508 19.68389354 20.01667698 20.11102661 19.70509406 19.8930648
  19.18022168 19.21933363 19.75570432 20.08416066 20.04819488 19.59778421
  19.66015013 19.54779411 19.97267064 19.80608596 19.67126364 19.85758714
  19.80572568 19.86335235 20.46120015 20.07044244 19.92118805 19.95715907
  19.84791835 19.96588547 19.55777322 21.06311793 20.43152807 19.47378849
  19.74115909 19.69427542 19.97940818 20.30094453]
[20.23224012 20.47939634 20.37707839 20.82220297 19.81617744 20.90976201
  20.14376861 20.20604681 19.81507887 20.28224186 20.81533914 19.91500878
  20.56621601 20.02456647 20.79024882 20.46276208 20.05834701 20.22326476
  30.20296479 20.07804016 20.59831146 20.0547605  20.21905209 19.64200016
  20.32858598 20.10802482 20.46873508 20.22076858 20.30944912 19.33299694
  20.10861419 19.85544807 19.79703833 19.59692032 20.58912691 19.90326102
  19.82696871 20.69456064 20.17478733 20.48381085 20.34850446 20.95517169
  20.21481669 20.47549352 20.18892534 20.23935306 20.08584655 20.81758553
  19.76805421 20.10581086 20.22750217 20.07108355 20.19624431 20.03062568
  19.96270594 20.68286809 20.19820414 19.79230808 20.32396953 20.1987467
  19.78666643 20.03834689 20.48634969 19.43578911 19.83700832 20.16402108
  20.18685942 20.37941941 20.1994472  20.72697205 19.93676983 19.73730911
  19.72334076 19.82635279 20.27337588 20.30156312 20.6803049  20.35577528
  20.20356282 20.11161895 20.68531733 19.96088765 20.20749581 20.09820593
  19.74585813 19.80609757 20.89824283 20.35468098 19.75756229 19.76435454
  20.07335539 20.06567616 20.2816487  20.89349843 20.84426577 19.42085088
  19.66239601 19.7392756  20.4631035  20.54447049]
[19.79789321 19.91188673 20.10421509 20.55992722 19.72443358 20.10476493
  20.13943548 19.59947661 19.59296566 20.12991412 20.1871174  18.91951954
  19.71011812 20.01636259 20.38945044 20.00929122 20.04017061 19.80272462
  20.07804016 29.49648678 19.78918482 19.41586122 19.35452483 19.16461601
  20.23851906 19.63812227 20.01086396 19.5448043  19.47341252 18.99659356
  20.36844332 19.5517541  18.82631108 19.32673016 19.86634964 19.28209423
  19.73473128 20.06551223 19.99862705 19.94080714 19.92969682 19.97287386
  19.99346473 19.88539374 20.00658251 20.08314886 19.1396303  20.23015409
  20.11067238 19.75377267 19.8666309  19.73110697 20.11448682 20.0385705
  19.29358205 20.17308742 19.92976272 19.79753546 20.08885512 19.91598675
  19.30217493 19.36657408 20.31332223 19.21864682 19.76404242 19.69857397
  19.98969056 20.15283751 19.77377284 20.06986203 19.55176293 19.83013466
  19.79043528 19.62855375 19.19261898 19.83767592 20.06854996 19.88823817
  19.30703374 19.48820699 20.173709   19.84357294 19.61809283 19.92624157
  19.81247109 19.44657356 20.57405887 19.87953105 19.5900231  19.68586489
  19.68396789 19.94979783 19.37039905 20.9055548  20.41415793 19.12699389
  19.88278661 19.41651835 19.72023224 19.95595459]
[20.25197245 20.64156972 19.97488028 20.84867107 19.93578806 20.90887497
  20.34880206 20.13263982 19.68925986 20.27638168 20.54923888 20.05439719
  20.21978799 20.48205987 21.33240638 20.77794202 20.38921297 19.96633042
  20.59831146 19.78918482 30.17288179 20.02833082 20.28921721 20.05612762
  20.79298805 20.51904859 20.85888842 20.23211627 20.28725476 19.48902771
  20.85959011 20.18592559 19.92682166 19.68515381 20.75415305 20.19619973
  19.95235383 20.59063447 20.30195187 20.56968074 20.56972282 20.86441612
  20.39137864 20.07739719 20.22895659 20.04369203 20.1476472  20.477221
  20.45810794 19.57837867 20.30339272 20.34101331 20.41580665 20.30765869
  19.94508556 20.85976179 20.40422429 20.14447958 20.60684848 20.36278517
  20.36685598 19.82003995 20.95950818 19.69179532 20.12973783 20.17680294
  20.78411253 20.36485862 20.4093088  20.45063471 19.9751122  20.25550656
  20.15350912 19.95665416 20.13417509 20.392231   20.55743882 20.36685781
  20.01238919 20.20206874 20.7867099  19.79520603 20.38421133 20.31167633
  20.16190005 20.03618232 21.18280217 20.08103375 20.26045575 20.50007059
  20.30321613 20.60663878 20.46168225 21.14210203 20.84835001 19.81146328
  20.32110286 20.16948827 20.67351514 20.70864028]
[20.40347409 20.01926599 20.10425718 20.27781354 19.67784026 20.73776081
  19.81396889 19.72877326 19.8026772  19.90549769 20.26972284 19.68737596
  20.06044956 20.07249478 20.08553388 20.26017191 19.95331773 19.78324521
  20.0547605  19.41586122 20.02833082 29.78900329 19.58344571 19.96464463
  20.04466527 19.87497444 19.99187969 20.01277732 19.6712792  19.49359705
  20.16138323 19.93514359 19.39738272 19.5379817  20.57560576 19.55813996
  19.53081224 19.96934707 20.06954057 20.29538835 20.12393019 20.41861647
  19.71276019 19.99045831 19.57721184 19.60820099 19.88740898 20.51666892
  20.28473346 19.74038346 20.22758136 20.26792474 20.43908155 20.04818408
  19.53201164 20.20194429 19.97793315 19.58828491 20.12344502 20.06775026
  19.63966336 19.60131886 20.31894685 19.55675405 19.82192774 19.93245414
  20.16967923 20.17137985 20.00701095 19.90008717 19.47357443 20.015505
  20.12200485 19.611978   19.60867496 19.79508528 20.03580807 20.01396114
  19.29194021 19.77334031 20.04423488 19.79346233 19.72471035 19.64066437
  20.09026613 19.71245458 20.61549303 19.7881536  19.73037057 19.91786503
  19.90196945 20.25373809 19.73861193 20.5737463  20.28684905 19.17335175
  19.51772538 19.58945178 20.35116446 20.5415345 ]
[20.17269741 19.7929473  19.50561811 20.06551179 19.63244168 20.17265967
  19.95642863 19.86693208 19.56676638 19.67042966 19.82681602 19.27425857
  19.41875805 19.30806886 20.01285022 19.92488947 19.66483193 19.54609129
  20.21905209 19.35452483 20.28921721 19.58344571 29.10287002 18.64344055
  20.11776068 19.54253762 19.89940373 19.78599178 19.63922519 19.12140978
  19.66668577 19.54187394 18.73889117 19.19759627 19.93273311 19.1239133
  18.89609035 19.66206518 19.65400907 19.81923749 19.47904443 20.28963371
  19.58890177 19.67217262 19.74272767 19.3139212  19.35321933 19.88870817
  19.79860914 19.33842731 19.46765265 19.55665421 19.25045398 19.52544677
  19.45824028 20.11539687 19.98113592 19.72459853 19.41482847 19.54806379
  19.34223099 19.13109221 20.08908763 19.13605145 19.37612294 19.52298509
  19.68868308 19.72753981 19.75360568 19.77340339 19.16652118 19.31223164
  19.58835761 19.35906587 19.77996953 19.9566177  19.95064148 19.66565564
  19.11288665 19.53478647 20.23259724 19.51950054 19.57850433 19.61429614
  19.63026565 19.37606849 20.04330744 19.50470489 19.49860674 19.52477623
  19.35215245 19.85633914 19.33545834 20.30373173 20.08629993 18.97878932
  19.24805006 19.28305968 19.35359201 19.86525055]
[19.37991261 19.71923167 19.41394272 19.9407159  19.68030644 19.97351182
  19.53008907 18.97470913 19.32929709 19.37089938 19.62064176 19.07385049
  19.14859143 19.89168048 20.10793132 19.74003209 19.48390869 19.41653256
  19.64200016 19.16461601 20.05612762 19.96464463 18.64344055 28.37616692
  19.55156181 19.29027106 19.62434924 19.17562871 19.11187225 18.86105788
  19.9309284  19.05693641 18.72975051 18.7122853  19.48629582 18.81874019
  19.58590596 19.60664408 19.64268446 19.71663423 19.94082289 19.8387809
  19.28082112 19.36849994 19.40279185 19.31191625 18.9662918  19.62260004
  19.75201875 19.234318   19.46618427 19.07250674 19.75930248 19.40967385
  19.05690975 19.95370214 19.57595861 19.39990621 19.22377182 19.45208133
  19.38611094 19.08851347 19.85210845 18.97567848 19.33838143 19.33007445
  19.70348579 19.4713524  19.44459952 19.20418483 19.11777168 19.3878293
  19.07489175 19.17659133 19.22274695 19.60967487 19.60690117 19.11706964
  19.26514903 19.21938434 19.63969655 19.04815728 19.50405005 19.64316551
  19.40614132 19.22410938 20.52523352 19.14776007 19.47032615 19.44941479
  19.49732477 19.43988475 18.86569412 20.11089842 19.71130689 18.70341488
  18.83892955 19.14270193 19.66888161 19.47821964]
[20.36347982 20.323577   20.28395128 20.36615175 20.16260815 20.96409508
  20.34327054 19.7270236  20.24611395 20.14158436 20.47614501 19.57219921
  20.1367886  20.33259592 20.80421753 20.15739507 20.24832774 20.12106479
  20.32858598 20.23851906 20.79298805 20.04466527 20.11776068 19.55156181
  30.36590106 20.31413225 20.23863091 20.46760884 20.08485727 19.52608321
  20.88823524 20.10501085 19.65587805 19.46079139 20.22910624 19.35060247
  19.96074909 20.35880756 20.44838875 20.06567796 20.39151106 20.8859987
  20.21066322 19.95661049 19.96097352 20.06781465 20.12632353 20.51799289
  20.25957802 19.6379547  19.73110217 20.66312144 20.29300272 20.2901349
  19.95250805 20.89597834 20.61003953 20.28725432 20.44903418 20.20163261
  20.23523621 19.96212779 20.22158274 19.54830776 20.04439872 20.26556775
  20.630019   20.22500926 20.10845827 20.23630018 20.00932675 20.39603326
  19.76519415 19.64306935 20.34985953 20.15865519 20.26332411 19.95886613
  19.56237373 20.15529175 20.6622057  19.63743313 20.24817646 20.37878011
  19.90244116 20.02167067 21.07002438 20.1919285  20.33252739 20.46781333
  20.33578155 20.40999658 20.10999186 21.15762633 20.80041381 19.48588671
  19.80377108 20.38921097 20.45655283 20.39852429]
[20.1565259  19.79082105 20.04292753 20.25177993 19.96520883 20.43884512
  20.01183957 19.83818629 19.49130733 19.85722491 20.6026313  19.36500592
  19.83289619 19.86654614 20.01113083 20.22986735 20.16876937 19.92148767
  20.10802482 19.63812227 20.51904859 19.87497444 19.54253762 19.29027106
  20.31413225 29.39658725 20.16333989 19.59753614 19.90340765 18.96917724
  20.01200993 19.53816421 19.1019074  19.36363754 20.40847929 19.10497017
  19.81848241 20.39097107 20.4630583  20.05530164 20.25920148 20.63232176
  19.884106   19.77751095 19.70393841 19.75824836 19.53493009 20.27421771
  20.21880496 19.87648972 19.82067845 19.94847312 20.00584838 19.70703244
  19.24527132 20.58885356 20.11873128 19.63722393 20.10506575 19.99695587
  19.55294912 19.61591049 20.18387374 19.7703813  19.57750989 19.78589694
  20.08117733 20.32244148 20.15964792 20.0268192  19.54094182 19.78341471
  19.97327694 19.70596317 20.00016767 19.85583248 20.11190225 20.05319079
  19.34261026 19.68654096 20.31797903 19.83234395 19.90768338 20.21105543
  20.01260621 19.70508784 20.76100243 19.94831542 20.00507462 20.0266425
  19.97465577 19.60497499 19.49404902 20.83399456 20.56128936 19.31638454
  19.58249523 19.95086732 20.29702048 19.88583872]
[20.79349143 20.16036274 20.3541822  20.55461421 19.88028772 20.47641258
  20.17766975 20.02139426 19.81062286 20.28155959 20.36162956 19.77996088
  19.84061126 20.31856225 20.70899398 20.71228508 20.91878886 20.32859267
  20.46873508 20.01086396 20.85888842 19.99187969 19.89940373 19.62434924
  20.23863091 20.16333989 30.31418143 20.09817016 20.20156332 19.80804848
  20.35197004 20.25943542 19.71919507 20.06171718 20.55926361 19.77950922
  20.1232128  20.23302542 20.08022756 20.2445181  20.28925034 20.63942837
  20.65896117 20.10110426 20.10039519 20.28261311 20.1850436  20.84147356
  19.93356298 19.6901536  20.3973184  20.42546428 20.53902598 20.43836371
  19.5105317  20.92209365 20.41066992 20.14661631 20.62274895 20.23315704
  19.78061346 19.99668267 20.48962337 19.7461157  20.12554862 19.90158605
  20.41399495 20.54934127 20.04357725 20.57512291 20.43768464 20.44913714
  19.66429096 19.96461827 19.98505265 20.7566383  20.71289386 20.26651296
  19.839516   20.13386696 20.48975022 20.08223325 20.36210265 20.61436909
  20.53357555 20.07886726 21.06786175 20.05876036 20.25096847 20.34424898
  20.53397486 20.46202139 19.99473661 20.99137711 21.0455219  19.49894703
  19.94094773 20.20946767 20.29930554 20.52568049]
[19.95701856 19.6606625  19.89016182 20.28299911 20.20518805 20.50943363
  20.07780623 19.79136237 19.96543221 19.3501623  20.33832956 19.79865575
  19.88570075 19.96189324 20.52419258 20.02068303 20.22300655 19.6898571
  20.22076858 19.5448043  20.23211627 20.01277732 19.78599178 19.17562871
  20.46760884 19.59753614 20.09817016 29.43993504 19.96085638 19.05024507
  19.9096565  19.81268885 19.22089025 19.1229953  20.38979647 19.53747752
  19.92690301 20.21603361 19.89686277 20.3190213  20.27774422 20.72428349
  19.69507117 19.69953677 19.91016175 19.96485903 19.6403406  20.13542237
  20.0605564  19.75812033 19.644566   20.46760613 20.22474151 20.15624851
  19.38286887 20.40859037 19.90036396 19.97185871 20.08023127 19.65381559
  19.67876995 19.43783192 20.04245984 19.55166509 19.63209093 19.94561003
  20.1720862  20.07593096 19.78212998 19.84271792 19.32352512 19.55748317
  19.7625739  19.5701776  19.71987804 20.07828784 20.23298952 19.98267594
  19.59300722 19.6763987  20.4555601  19.96945103 19.49524029 19.86280787
  20.09853041 19.9028317  20.49618108 20.13507153 19.79358261 19.9101761
  20.06533501 20.5223789  19.48917772 20.87041937 20.46496369 19.12418614
  19.56637914 19.86249159 19.69684424 20.07359161]
[19.9580425  19.49322643 19.5457111  19.99546153 19.66416481 20.3815065
  19.87619727 19.55821584 19.61120391 19.49851001 20.18267801 19.26964367
  19.81855324 19.78620552 19.9422412  20.5575274  20.13100096 19.50681632
  20.30944912 19.47341252 20.28725476 19.6712792  19.63922519 19.11187225
  20.08485727 19.90340765 20.20156332 19.96085638 29.09295557 19.09184441
  20.01725435 19.43828889 18.89953996 19.06204771 19.89614742 19.17157055
  19.43180171 20.05772373 19.94767578 20.3849685  19.82421781 20.29845442
  20.14710906 20.10421753 19.79486897 19.47358653 19.43095019 20.03591893
  19.85482318 19.5571463  19.72956374 19.5813313  19.71745527 19.64577144
  19.27935476 20.13035948 20.27224033 19.69702117 19.63380512 19.53013281
  19.68086631 19.13000474 19.79736834 19.53542312 19.28563335 19.46327722
  20.04318629 20.22388963 19.67089986 19.80374304 19.49724358 19.76515312
  19.92862406 19.49153067 19.71150057 19.95920262 20.12957701 19.31142781
  19.32127516 19.86571959 19.76569377 19.45352859 19.59927487 19.58452065
  19.79042372 19.51618859 20.50334273 20.35681014 19.51531136 19.57804937
  19.81963566 19.84964992 19.41196189 20.73456968 20.36086437 19.28118619
  19.43338465 19.69333868 19.59017835 20.21846252]
[18.88150147 19.11492954 19.25402035 19.62635061 18.88069367 19.9296952
  19.53358199 19.19145255 19.14185165 19.24850718 19.8704774  18.86665094
  19.32333904 18.9366128  19.72325809 19.82052292 19.37671412 19.08265506
  19.33299694 18.99659356 19.48902771 19.49359705 19.12140978 18.86105788
  19.52608321 18.96917724 19.80804848 19.05024507 19.09184441 28.37657934
  19.51453002 19.63665063 18.24145955 18.71975971 19.16046691 18.7965045
  19.378461   19.5646644  19.40095718 19.81665467 19.60984151 19.50843886
  19.75449486 18.84080617 19.07600069 19.29378461 18.96609005 19.25576381
  19.71477533 19.09268745 19.22396236 19.17597379 19.1574719  19.29938528
  18.78136249 19.75031121 19.64799476 19.05977908 19.29599961 18.53583787
  19.24877867 18.98836924 19.56581029 19.00653946 19.1635146  19.04709696
  19.04610602 19.00140661 19.27383743 18.78874057 18.98115792 19.28520533
  18.84636874 18.61316057 19.32889786 19.06943747 19.12946571 19.36976891
  18.84587435 19.01672193 19.43065651 19.04542894 19.12379892 19.27004344
  19.24954829 18.8594103  19.72250001 19.03913047 19.34618709 19.31058429
  19.29751334 19.35497089 18.97433233 20.02680094 20.09898775 19.1028313
  19.03020028 18.76261378 18.9858608  19.43325047]
[20.41499041 20.39296079 20.24377856 20.75712212 19.92075632 20.45919489
  20.3817294  19.98772513 19.86936429 20.26960034 20.24330559 19.34845008
  20.31857723 20.01310758 20.83502459 20.41296    20.60389205 20.09012541
  20.10861419 20.36844332 20.85959011 20.16138323 19.66668577 19.9309284
  20.88823524 20.01200993 20.35197004 19.9096565  20.01725435 19.51453002
  29.83175598 19.7141141  19.23733582 19.64272053 20.64429836 19.95751837
  19.81608022 20.17946432 20.45089134 20.44342453 19.87750331 20.60140532
  20.49678688 20.28006433 20.17074528 19.71948884 20.26392763 20.84959284
  20.47131985 19.8347425  20.02370757 20.24186949 20.36674561 20.07305881
  19.99744895 20.52577937 20.25271562 19.8580995  20.45149613 19.87006069
  20.04303997 19.85113623 20.55801368 19.80282639 20.12144459 20.11471548
  20.53293914 20.24913799 20.03375531 20.35371394 19.78460328 20.25448137
  20.11112164 19.87691413 19.85256509 20.21484425 20.41468244 20.02280157
  19.88896104 20.00427624 20.8934092  20.13408866 20.4684712  20.45259206
  20.10175974 19.69522125 20.49119773 20.10216502 19.82912732 20.35555598
  20.46438282 20.52576571 20.03217605 21.13592482 20.66640572 19.456619
  19.72865242 19.71044933 20.3517516  20.3919504 ]
[20.00616349 19.70043149 19.72317779 20.35103926 19.39529424 20.43305747
  19.77829973 19.91282838 19.16653122 19.8132963  19.68577572 19.45116554
  19.97693508 19.72302495 19.96328309 19.86481453 20.07545323 19.78657607
  19.85544807 19.5517541  20.18592559 19.93514359 19.54187394 19.05693641
  20.10501085 19.53816421 20.25943542 19.81268885 19.43828889 19.63665063
  19.7141141  29.40585984 19.34155658 19.46955822 20.02058141 19.45164058
  19.31839399 20.09157528 19.53273673 19.86736143 19.72334839 20.12620931
  20.00921758 19.92231911 19.46289663 19.39931919 19.51053975 20.43990459
