4100
50
10
21.730131326667156

[0.09908291 0.09550368 0.06985026 0.09349529 0.04727611 0.06726927
 0.05394302 0.06167877 0.03572054 0.04717009 0.02034165 0.06828541
 0.02541539 0.03770681 0.07503209 0.08830598 0.04297015 0.03340254
 0.0974666  0.08787363 0.02657243 0.07945003 0.06375189 0.02132773
 0.05010669 0.02346387 0.09184916 0.03860725 0.03837196 0.05279494
 0.09384944 0.02674102 0.03013372 0.0840664  0.04557694 0.07434585
 0.07822835 0.05653391 0.03432645 0.09554486 0.05657613 0.02366619
 0.09881147 0.08886071 0.08530322 0.07858096 0.06108847 0.0396877
 0.0408573  0.06300898]

[[30.39397524 20.1142828  20.89418506 20.29504746 20.39233258 20.90805362
  19.850021   20.09261407 20.16131998 20.19739776 20.85102896 19.93267657
  19.56377364 19.89622855 20.54972533 20.16065776 20.64268339 20.01857526
  20.36108795 20.23689905 20.02280552 20.52211097 20.61292607 20.49780683
  20.65910886 20.23651314 20.75528711 19.80991385 20.06607291 19.88896707
  20.77122487 19.99482795 20.47841708 20.10453964 20.59792654 19.85454847
  19.94283543 20.44665739 20.31866003 19.89175485 19.38398334 19.97888664
  20.91517013 20.03884236 20.98615604 20.71536973 19.62336687 20.62389482
  20.22908952 20.86200496]
[20.1142828  29.32733133 20.370254   19.65800767 19.78633636 20.21626129
  19.38303578 19.55258818 19.79357071 19.75267717 20.3176831  19.52655362
  19.26453059 19.34679195 20.21596661 19.57927445 20.05621909 19.92088692
  19.98453923 19.63122193 19.46451569 19.8328871  20.46486918 20.27705032
  20.0155561  19.55597571 19.98290299 19.84481976 20.00430301 19.68422075
  20.29362654 19.95512051 19.88961679 19.77262124 20.05013802 19.42378958
  19.47732175 20.03673162 19.79665698 19.49953996 19.03124128 19.33017284
  20.03825039 19.54521852 20.26162424 20.05867836 19.36430314 19.99964768
  19.87749924 19.80581148]
[20.89418506 20.370254   30.93680723 20.83091422 20.26292365 20.95633048
  19.90102193 20.55919465 20.59117017 20.32450495 21.10119151 19.97310977
  20.23565205 20.26752615 20.74225858 20.45196744 20.9794215  20.55519102
  20.71740728 20.66429252 20.31671823 20.80037423 21.07995566 20.5548581
  20.64591387 20.69659015 21.00956197 20.09877883 20.2543453  20.81082668
  21.2579387  20.23352044 20.69977287 20.30551264 20.89770764 19.84278276
  20.26913602 20.68810423 20.63072631 20.57914096 20.09869163 20.4756522
  21.17954295 20.43432149 21.25934807 21.0698794  20.56310965 21.22255247
  20.98020608 20.86761224]
[20.29504746 19.65800767 20.83091422 29.74533079 19.97921464 20.13356614
  19.43527236 19.67278553 19.45537023 19.40682159 20.35194143 19.50919823
  19.32404896 19.5181611  20.24077741 19.55000504 20.23936816 19.78989793
  19.86722557 19.68676847 19.83274429 20.01132906 20.00834477 19.84145171
  19.76195021 20.00177509 20.38775005 19.37779844 19.80345469 19.8628321
  20.56711886 19.82537531 20.02923927 19.83819332 20.15479521 19.52504285
  19.50253344 20.04731563 20.10495017 19.73205289 19.45839537 19.97277726
  20.25474327 19.62940705 20.2199184  20.35586151 19.4996915  20.12200773
  19.71732309 19.6521193 ]
[20.39233258 19.78633636 20.26292365 19.97921464 29.65960476 20.34818791
  19.41538699 19.89404124 20.04054392 19.77661498 20.61958469 19.58696627
  19.16809623 19.24810124 20.44439362 19.80579809 20.30661455 19.74299508
  20.04314359 20.17079108 19.79295616 20.27101196 20.03739573 20.4880579
  19.82094742 20.15449242 20.40769298 19.77517923 19.64415382 19.40479322
  20.17108789 19.85227651 20.04654403 19.78821426 20.33850876 19.29868472
  19.90557463 20.18061166 20.24456962 19.61968606 19.39681588 19.88692737
  20.53329509 19.86759329 20.18433312 20.67502825 19.95232016 20.60299458
  19.86028094 20.42883338]
[20.90805362 20.21626129 20.95633048 20.13356614 20.34818791 30.3042997
  19.83923392 20.36538994 20.02191651 20.00866509 20.81949016 20.40174355
  19.23853578 20.07853076 20.18653093 20.0948983  20.78528738 20.09107335
  20.42676913 19.81378424 20.29838578 20.44199085 20.53238167 20.51943971
  20.41788022 20.50763014 20.28434128 19.64533214 20.17828    19.96542112
  20.41048224 20.39326201 20.34035165 19.96198999 20.45271179 20.06430809
  20.22337418 20.45949752 20.22804452 19.88948162 19.84831184 20.02721326
  20.49927007 20.20916114 20.73455337 21.00878322 20.17664055 21.23166519
  20.02011708 20.5138086 ]
[19.850021   19.38303578 19.90102193 19.43527236 19.41538699 19.83923392
  29.44028134 19.87295977 19.50384744 18.97143287 20.33942171 19.04631418
  19.05101911 18.56950519 19.40238853 19.17436567 19.85009509 19.30276923
  19.4998596  19.38188695 18.89081872 19.60913917 19.26970935 19.7336279
  19.30068611 19.47546061 19.71934441 18.87665187 19.06594203 19.03313161
  19.98136611 19.40494766 19.78666901 19.43422356 19.55097892 18.96921835
  19.20716157 19.67369156 19.41407384 18.98629965 19.02085219 19.39309517
  19.90041342 19.00734935 19.98412948 19.86856955 19.13072742 19.9240224
  19.17165306 19.75745592]
[20.09261407 19.55258818 20.55919465 19.67278553 19.89404124 20.36538994
  19.87295977 29.64879803 20.03711271 19.64032805 20.52821786 19.29935383
  19.38011633 19.01899556 19.82275872 19.76904656 20.36075042 20.00059155
  19.76520287 19.3322685  19.71502236 19.87266945 20.22901717 20.22135644
  20.15032186 19.8713467  20.52973088 19.31315423 19.73547131 19.91439196
  20.5003357  19.87576417 20.38712547 19.5542423  19.98560954 19.52702725
  19.38347613 20.13067208 20.03469213 19.28381241 19.52996347 19.7597033
  20.17109023 19.51930221 20.4424768  20.42682151 19.65554999 20.46834361
  19.88473852 20.0462352 ]
[20.16131998 19.79357071 20.59117017 19.45537023 20.04054392 20.02191651
  19.50384744 20.03711271 29.52529008 19.51145727 20.378042   19.63453338
  19.04766332 19.13174605 20.31790867 19.89113387 19.90068558 19.82090901
  20.00947149 19.66715215 19.92596724 19.99417155 20.40028134 20.09284661
  19.55531289 20.24768319 20.33529068 19.20519632 20.13346423 19.75181643
  20.22934489 19.66085316 20.47034569 20.17304079 20.35528325 19.37382942
  19.70689614 20.36701835 20.25599341 19.67699142 19.44166663 19.71656639
  20.32945718 19.48624274 19.9142692  20.18865145 19.91529257 20.46114265
  19.60228846 20.1640293 ]
[20.19739776 19.75267717 20.32450495 19.40682159 19.77661498 20.00866509
  18.97143287 19.64032805 19.51145727 29.15609703 20.2921697  19.62329966
  18.91062465 19.44858734 20.01028494 19.8316225  20.01415155 20.06933479
  19.70475621 19.38459164 19.32566521 20.10010178 20.15872875 19.99416414
  19.716064   19.77059263 20.16928433 19.16452377 19.88996924 19.84545887
  20.15910569 19.64213217 19.89240596 19.49837961 19.65785208 19.22768166
  19.56831849 19.79351336 20.04056716 19.19139247 19.32438081 19.23684907
  20.00815533 19.73456711 20.15257548 20.04251953 19.22395501 20.61069035
  19.68797411 20.16044616]
[20.85102896 20.3176831  21.10119151 20.35194143 20.61958469 20.81949016
  20.33942171 20.52821786 20.378042   20.2921697  30.75244215 20.25973377
  20.11921432 19.88296832 20.59854873 20.34779218 20.92060497 20.42872056
  20.21167389 20.26841903 20.40231766 20.65064667 20.50390874 20.53979856
  20.6941959  20.6192594  21.09193117 19.87223933 20.19946196 20.68520177
  21.20914929 20.38782021 20.44979986 20.27578162 20.51145425 20.20121344
  20.13292829 20.90541575 20.40575008 20.01485515 19.85252588 20.39119616
  20.5896539  20.39899471 20.99738315 20.94936288 20.37588935 20.90847768
  20.33665355 20.97850212]
[19.93267657 19.52655362 19.97310977 19.50919823 19.58696627 20.40174355
  19.04631418 19.29935383 19.63453338 19.62329966 20.25973377 29.09189935
  19.03982313 18.77292981 19.60441846 19.49818295 20.03730273 19.23754726
  19.89994775 19.56339543 19.28157859 19.79162542 19.69178161 19.61297075
  19.64106347 19.32367795 20.21579464 19.38377715 19.69594178 19.63028605
  20.20261178 19.57860053 19.91235268 19.39725258 19.83518798 19.44855823
  19.34536759 20.27739894 19.77193683 19.25303229 18.7376246  19.62574214
  19.91350915 19.34820967 20.07555305 20.01038423 19.34444053 20.13596294
  19.86911713 20.11098867]
[19.56377364 19.26453059 20.23565205 19.32404896 19.16809623 19.23853578
  19.05101911 19.38011633 19.04766332 18.91062465 20.11921432 19.03982313
  28.55523829 18.89264742 19.92017575 19.43122031 19.56796077 19.41716469
  19.0170203  19.18484122 19.11663698 19.57585244 19.56754656 19.30475671
  19.54320971 19.17348217 19.80352532 18.75037801 19.47516963 19.3513382
  19.92136649 19.54089877 19.57132101 19.49990414 19.87011555 19.056793
  19.32570544 19.56839495 19.2597264  19.55839205 18.98059921 18.75528987
  19.42608753 19.04877815 19.77339028 19.49650089 19.04212621 20.07089439
  18.97263589 19.60506511]
[19.89622855 19.34679195 20.26752615 19.5181611  19.24810124 20.07853076
  18.56950519 19.01899556 19.13174605 19.44858734 19.88296832 18.77292981
  18.89264742 28.31896335 19.83888857 18.95292673 19.57230541 19.19313306
  19.46331087 18.98033571 18.80814804 19.67076182 19.50532932 19.59044837
  19.62426785 19.24769011 19.39992222 18.65530663 19.30765502 19.05013273
  19.94957247 19.24023928 19.58792071 19.30033155 19.6933509  19.15074846
  19.06243774 19.64198533 19.44416557 18.97315392 18.90474453 19.36795305
  19.49369897 19.42972454 19.60707411 19.71226018 18.86035095 20.00285887
  19.46705875 19.86498078]
[20.54972533 20.21596661 20.74225858 20.24077741 20.44439362 20.18653093
  19.40238853 19.82275872 20.31790867 20.01028494 20.59854873 19.60441846
  19.92017575 19.83888857 30.24915817 19.95064406 20.55300544 20.18418145
  20.06346124 19.67460722 20.03568991 19.81213162 20.63511449 20.29230415
  20.2019972  20.28899931 20.69175818 19.80844488 20.42980277 19.53604756
  20.66487913 20.16831735 19.88496939 20.02742354 20.36408112 19.87482083
  20.2741074  20.23778708 20.11684575 19.85466689 19.31421773 19.9790138
  20.78122161 20.132653   20.34407901 20.2752377  19.7350726  20.76172948
  19.83512382 20.39415708]
[20.16065776 19.57927445 20.45196744 19.55000504 19.80579809 20.0948983
  19.17436567 19.76904656 19.89113387 19.8316225  20.34779218 19.49818295
  19.43122031 18.95292673 19.95064406 28.94877792 19.79890407 19.61402198
  19.68445059 19.18653744 19.77159831 19.85872095 20.15417762 19.96438951
  19.86580972 19.65191568 19.95341533 19.48107312 19.88864054 19.60621222
  20.30639551 19.86406281 19.82061398 19.68453608 20.03994047 19.51099963
  19.58914335 20.08893313 20.06672865 19.36709445 19.41387853 19.71855723
  20.61965145 19.69754678 20.15584503 20.00751473 19.52779485 20.32301871
  19.8784467  20.21425467]
[20.64268339 20.05621909 20.9794215  20.23936816 20.30661455 20.78528738
  19.85009509 20.36075042 19.90068558 20.01415155 20.92060497 20.03730273
  19.56796077 19.57230541 20.55300544 19.79890407 29.95618803 20.20606142
  20.04088349 20.20684062 19.96534985 20.7063275  20.54711725 20.63082973
  20.41270401 20.13290387 20.52925252 19.93951683 20.42159837 19.93278405
  20.84280213 20.20165976 20.76043392 19.54801753 20.38646971 20.12432837
  19.8833622  20.31226286 20.31118605 19.7648449  19.25419646 20.24152617
  20.81609037 20.10426749 20.82333346 20.69916139 20.08472895 20.79115631
  20.29752833 20.66324874]
[20.01857526 19.92088692 20.55519102 19.78989793 19.74299508 20.09107335
  19.30276923 20.00059155 19.82090901 20.06933479 20.42872056 19.23754726
  19.41716469 19.19313306 20.18418145 19.61402198 20.20606142 29.96852119
  20.06002493 19.99052933 19.63742261 20.13357621 20.34414526 20.10164602
  20.27791975 20.40131587 20.594807   18.99294126 19.71170902 19.89429888
  20.32161777 20.03862918 19.89630873 19.85052021 20.18457373 19.53646919
  19.91435041 20.08322359 20.15413449 19.45448361 19.45306724 19.69768021
  20.36211155 19.6017889  20.15633826 20.23962564 19.83530212 20.81626928
  19.60154798 19.98778418]
[20.36108795 19.98453923 20.71740728 19.86722557 20.04314359 20.42676913
  19.4998596  19.76520287 20.00947149 19.70475621 20.21167389 19.89994775
  19.0170203  19.46331087 20.06346124 19.68445059 20.04088349 20.06002493
  29.37946113 19.89419678 19.63569433 19.79111425 20.01399493 20.08531841
  19.91700583 19.85122445 20.09994429 19.57374762 19.67973196 19.96040711
  20.14876181 20.15417445 19.97253038 19.91032422 20.2618776  19.66550978
  19.93242361 20.18602759 20.25470624 19.52814215 19.49249349 19.40974636
  20.46120244 20.03511192 19.95071747 20.48091588 19.36998647 20.83720869
  19.91656439 20.43842544]
[20.23689905 19.63122193 20.66429252 19.68676847 20.17079108 19.81378424
  19.38188695 19.3322685  19.66715215 19.38459164 20.26841903 19.56339543
  19.18484122 18.98033571 19.67460722 19.18653744 20.20684062 19.99052933
  19.89419678 28.99927332 19.45792796 20.01540307 20.21134495 19.76541968
  19.79792872 19.57168499 19.69181012 19.33539905 19.22498886 19.56679781
  19.91422453 19.47162326 19.84600319 19.33140636 19.77250288 19.2826333
  19.27797924 19.7320827  20.26950228 19.3252586  19.01736871 19.39644004
  19.88241202 19.56642637 19.80809153 20.25582036 19.59439595 20.44110658
  19.73884745 20.14609386]
[20.02280552 19.46451569 20.31671823 19.83274429 19.79295616 20.29838578
  18.89081872 19.71502236 19.92596724 19.32566521 20.40231766 19.28157859
  19.11663698 18.80814804 20.03568991 19.77159831 19.96534985 19.63742261
  19.63569433 19.45792796 29.10323418 20.18333876 20.28846909 20.0344309
  19.57079096 19.68715452 19.93289016 19.2892861  19.60373807 19.65581296
  20.04098248 19.72920614 19.90520635 19.90871078 19.77754702 19.779797
  19.58723247 19.53105767 19.84307268 19.32888633 19.19065133 19.55341484
  20.35043732 19.8313377  19.93548424 20.30677002 18.95451134 20.24844873
  19.98168556 20.25425297]
[20.52211097 19.8328871  20.80037423 20.01132906 20.27101196 20.44199085
  19.60913917 19.87266945 19.99417155 20.10010178 20.65064667 19.79162542
  19.57585244 19.67076182 19.81213162 19.85872095 20.7063275  20.13357621
  19.79111425 20.01540307 20.18333876 29.89250181 20.40603333 20.4552693
  20.66289707 20.3373244  20.45108867 19.47284699 20.33329451 20.02140251
  20.52420572 20.18823049 20.32909687 20.01421223 19.95745784 19.57304637
  20.12188192 19.99794229 20.5452486  19.77414903 19.25573227 20.10054305
  20.20857658 19.94586311 20.43844278 20.34797874 19.85375851 20.66187152
  20.28727155 20.55796559]
[20.61292607 20.46486918 21.07995566 20.00834477 20.03739573 20.53238167
  19.26970935 20.22901717 20.40028134 20.15872875 20.50390874 19.69178161
  19.56754656 19.50532932 20.63511449 20.15417762 20.54711725 20.34414526
  20.01399493 20.21134495 20.28846909 20.40603333 30.14741225 20.53037156
  20.37094704 20.36344066 20.88769801 19.9467623  20.1193873  20.10412665
  20.68447163 20.34433707 20.62733231 20.14617328 20.66826869 20.07676086
  20.01373471 20.39518159 20.48327163 19.72015304 19.74346925 20.01171762
  20.70231247 20.05644844 20.58226793 20.42474918 19.93122971 20.94913656
  20.00696777 20.41770173]
[20.49780683 20.27705032 20.5548581  19.84145171 20.4880579  20.51943971
  19.7336279  20.22135644 20.09284661 19.99416414 20.53979856 19.61297075
  19.30475671 19.59044837 20.29230415 19.96438951 20.63082973 20.10164602
  20.08531841 19.76541968 20.0344309  20.4552693  20.53037156 29.78096737
  20.39817002 20.6065625  20.30695398 19.61198319 19.91536113 19.8405334
  20.69952889 20.24841232 20.4283719  20.26261081 20.26992439 19.76202153
  19.99641294 20.54658545 19.96914839 19.95672349 19.46140836 19.8917627
  20.46731257 19.88689281 20.63044862 20.39736277 19.6030066  20.84663886
  19.98480522 20.43759531]
[20.65910886 20.0155561  20.64591387 19.76195021 19.82094742 20.41788022
  19.30068611 20.15032186 19.55531289 19.716064   20.6941959  19.64106347
  19.54320971 19.62426785 20.2019972  19.86580972 20.41270401 20.27791975
  19.91700583 19.79792872 19.57079096 20.66289707 20.37094704 20.39817002
  30.38022968 20.05768108 20.66401128 19.43114213 19.7118731  20.21655505
  20.65044826 20.16346293 19.93254152 19.8509621  20.13850775 19.61259543
  19.90980646 20.04541962 20.04622599 19.74692136 19.29681653 19.90934193
  20.52982256 20.1790696  20.3845194  20.61328502 19.85550128 20.51810229
  19.74174078 20.55343966]
[20.23651314 19.55597571 20.69659015 20.00177509 20.15449242 20.50763014
  19.47546061 19.8713467  20.24768319 19.77059263 20.6192594  19.32367795
  19.17348217 19.24769011 20.28899931 19.65191568 20.13290387 20.40131587
  19.85122445 19.57168499 19.68715452 20.3373244  20.36344066 20.6065625
  20.05768108 29.77883255 20.50556208 19.28185081 19.87559968 20.03814494
  20.7474257  20.0348     19.8783065  19.87134789 20.20918317 19.69998418
  19.87704955 20.00624985 20.17311361 19.38511487 19.35160981 19.75570662
  20.27011061 19.53088004 20.4354527  20.19685689 19.8087362  20.62706862
  19.74865237 19.82412289]
[20.75528711 19.98290299 21.00956197 20.38775005 20.40769298 20.28434128
  19.71934441 20.52973088 20.33529068 20.16928433 21.09193117 20.21579464
  19.80352532 19.39992222 20.69175818 19.95341533 20.52925252 20.594807
  20.09994429 19.69181012 19.93289016 20.45108867 20.88769801 20.30695398
  20.66401128 20.50556208 30.41581452 19.77677306 20.23455282 20.44478314
  20.95080989 20.01160567 20.19911956 20.40685831 20.28025432 20.28521908
  20.2181213  20.46534257 20.16780536 19.93451439 19.89957627 20.0252431
  20.62619158 19.99406376 20.79405997 20.86953493 19.94003786 20.81361482
  20.1676052  20.82521303]
[19.80991385 19.84481976 20.09877883 19.37779844 19.77517923 19.64533214
  18.87665187 19.31315423 19.20519632 19.16452377 19.87223933 19.38377715
  18.75037801 18.65530663 19.80844488 19.48107312 19.93951683 18.99294126
  19.57374762 19.33539905 19.2892861  19.47284699 19.9467623  19.61198319
  19.43114213 19.28185081 19.77677306 28.50406108 19.52885468 19.25495503
  19.87094487 19.08706613 19.69018835 19.30675832 19.75320886 19.02770194
  19.09363671 19.75072049 19.59431971 18.98240091 18.86310027 19.04135924
  19.80852725 19.32973961 19.87759973 19.43615712 19.20540395 20.0054814
  19.4595245  19.56533791]
[20.06607291 20.00430301 20.2543453  19.80345469 19.64415382 20.17828
  19.06594203 19.73547131 20.13346423 19.88996924 20.19946196 19.69594178
  19.47516963 19.30765502 20.42980277 19.88864054 20.42159837 19.71170902
  19.67973196 19.22498886 19.60373807 20.33329451 20.1193873  19.91536113
  19.7118731  19.87559968 20.23455282 19.52885468 29.72158592 19.39829331
  20.70902905 19.9902862  20.2019031  19.64901949 19.99480423 19.52378113
  19.50202692 19.88005277 19.43051498 19.49632246 19.49686012 19.7997945
  20.02152566 19.57868425 20.29162376 20.11604762 19.44118683 20.16585867
  19.73545225 19.90601269]
[19.88896707 19.68422075 20.81082668 19.8628321  19.40479322 19.96542112
  19.03313161 19.91439196 19.75181643 19.84545887 20.68520177 19.63028605
  19.3513382  19.05013273 19.53604756 19.60621222 19.93278405 19.89429888
  19.96040711 19.56679781 19.65581296 20.02140251 20.10412665 19.8405334
  20.21655505 20.03814494 20.44478314 19.25495503 19.39829331 28.79552218
  19.98288649 19.58066417 19.87713039 19.81588371 20.118799   19.36511923
  19.63844659 19.67304802 19.78639819 19.45417402 19.34648292 19.98240975
  20.37353292 19.61170423 20.4250138  20.09580971 19.29472525 20.19033463
  19.90216103 20.20132388]
[20.77122487 20.29362654 21.2579387  20.56711886 20.17108789 20.41048224
  19.98136611 20.5003357  20.22934489 20.15910569 21.20914929 20.20261178
  19.92136649 19.94957247 20.66487913 20.30639551 20.84280213 20.32161777
  20.14876181 19.91422453 20.04098248 20.52420572 20.68447163 20.69952889
  20.65044826 20.7474257  20.95080989 19.87094487 20.70902905 19.98288649
  30.85773136 20.5584044  20.88284855 20.28449074 20.46835228 20.15152642
  20.42670057 20.4311193  20.79259658 20.26630706 20.00368072 20.41199959
  20.95667327 19.96238011 20.76475175 20.67557204 19.93033776 20.72211679
  20.08977032 20.87099312]
[19.99482795 19.95512051 20.23352044 19.82537531 19.85227651 20.39326201
  19.40494766 19.87576417 19.66085316 19.64213217 20.38782021 19.57860053
  19.54089877 19.24023928 20.16831735 19.86406281 20.20165976 20.03862918
  20.15417445 19.47162326 19.72920614 20.18823049 20.34433707 20.24841232
  20.16346293 20.0348     20.01160567 19.08706613 19.9902862  19.58066417
  20.5584044  29.41809273 19.99997324 19.66254439 19.95013234 19.78711464
  19.55604153 19.68480834 20.01277228 19.28345037 19.37720694 19.78786295
  20.15006042 19.50838803 20.28365638 20.3552701  19.4790673  20.45699737
  19.83948591 19.82360457]
[20.47841708 19.88961679 20.69977287 20.02923927 20.04654403 20.34035165
  19.78666901 20.38712547 20.47034569 19.89240596 20.44979986 19.91235268
  19.57132101 19.58792071 19.88496939 19.82061398 20.76043392 19.89630873
  19.97253038 19.84600319 19.90520635 20.32909687 20.62733231 20.4283719
  19.93254152 19.8783065  20.19911956 19.69018835 20.2019031  19.87713039
  20.88284855 19.99997324 29.7093441  20.13548771 20.21415546 19.95706384
  20.10647758 20.23849308 20.3182268  19.55536753 19.71317043 19.75449331
  20.7194099  20.17166335 20.56779231 20.30925644 20.47739738 20.84001557
  19.69300406 20.47375233]
[20.10453964 19.77262124 20.30551264 19.83819332 19.78821426 19.96198999
  19.43422356 19.5542423  20.17304079 19.49837961 20.27578162 19.39725258
  19.49990414 19.30033155 20.02742354 19.68453608 19.54801753 19.85052021
  19.91032422 19.33140636 19.90871078 20.01421223 20.14617328 20.26261081
  19.8509621  19.87134789 20.40685831 19.30675832 19.64901949 19.81588371
  20.28449074 19.66254439 20.13548771 29.32296101 20.1198445  19.5112092
  19.43805975 20.1065004  20.14353574 19.9714565  19.45799513 19.50664943
  20.27072931 19.51416509 20.06445501 20.30700245 19.45563439 20.52772662
  19.66725644 20.13357907]
[20.59792654 20.05013802 20.89770764 20.15479521 20.33850876 20.45271179
  19.55097892 19.98560954 20.35528325 19.65785208 20.51145425 19.83518798
  19.87011555 19.6933509  20.36408112 20.03994047 20.38646971 20.18457373
  20.2618776  19.77250288 19.77754702 19.95745784 20.66826869 20.26992439
  20.13850775 20.20918317 20.28025432 19.75320886 19.99480423 20.118799
  20.46835228 19.95013234 20.21415546 20.1198445  30.53387301 19.70446391
  20.02200079 20.42724009 20.45208458 19.68194215 19.52111971 20.02680122
  20.49517038 19.89739368 20.49284368 20.85350625 19.71420216 21.18637958
  19.6185306  20.48975899]
[19.85454847 19.42378958 19.84278276 19.52504285 19.29868472 20.06430809
  18.96921835 19.52702725 19.37382942 19.22768166 20.20121344 19.44855823
  19.056793   19.15074846 19.87482083 19.51099963 20.12432837 19.53646919
  19.66550978 19.2826333  19.779797   19.57304637 20.07676086 19.76202153
  19.61259543 19.69998418 20.28521908 19.02770194 19.52378113 19.36511923
  20.15152642 19.78711464 19.95706384 19.5112092  19.70446391 28.86969545
  19.65141752 19.70836478 19.17301875 19.12432844 18.8120752  19.28759117
  20.16798185 19.15192574 19.84747997 19.93704709 19.32590047 20.07125143
  19.51203896 19.72748188]
[19.94283543 19.47732175 20.26913602 19.50253344 19.90557463 20.22337418
  19.20716157 19.38347613 19.70689614 19.56831849 20.13292829 19.34536759
  19.32570544 19.06243774 20.2741074  19.58914335 19.8833622  19.91435041
  19.93242361 19.27797924 19.58723247 20.12188192 20.01373471 19.99641294
  19.90980646 19.87704955 20.2181213  19.09363671 19.50202692 19.63844659
  20.42670057 19.55604153 20.10647758 19.43805975 20.02200079 19.65141752
  29.05968936 19.87575516 19.81982762 19.65378996 18.79475192 19.25061446
  20.06512261 19.53033714 19.94997844 19.60614908 19.47168002 20.29697366
  19.97462993 20.30688364]
[20.44665739 20.03673162 20.68810423 20.04731563 20.18061166 20.45949752
  19.67369156 20.13067208 20.36701835 19.79351336 20.90541575 20.27739894
  19.56839495 19.64198533 20.23778708 20.08893313 20.31226286 20.08322359
  20.18602759 19.7320827  19.53105767 19.99794229 20.39518159 20.54658545
  20.04541962 20.00624985 20.46534257 19.75072049 19.88005277 19.67304802
  20.4311193  19.68480834 20.23849308 20.1065004  20.42724009 19.70836478
  19.87575516 30.34522483 20.07611804 19.81252773 19.47752584 20.28503303
  20.02352636 20.10657442 20.42315641 20.45817576 20.0006899  20.88122457
  19.88221215 20.17709888]
[20.31866003 19.79665698 20.63072631 20.10495017 20.24456962 20.22804452
  19.41407384 20.03469213 20.25599341 20.04056716 20.40575008 19.77193683
  19.2597264  19.44416557 20.11684575 20.06672865 20.31118605 20.15413449
  20.25470624 20.26950228 19.84307268 20.5452486  20.48327163 19.96914839
  20.04622599 20.17311361 20.16780536 19.59431971 19.43051498 19.78639819
  20.79259658 20.01277228 20.3182268  20.14353574 20.45208458 19.17301875
  19.81982762 20.07611804 30.45551985 19.68989906 19.55456355 19.97254598
  21.01250182 19.74955988 20.49101821 20.41228894 19.89803139 20.49192089
  19.95904746 20.36957398]
[19.89175485 19.49953996 20.57914096 19.73205289 19.61968606 19.88948162
  18.98629965 19.28381241 19.67699142 19.19139247 20.01485515 19.25303229
  19.55839205 18.97315392 19.85466689 19.36709445 19.7648449  19.45448361
  19.52814215 19.3252586  19.32888633 19.77414903 19.72015304 19.95672349
  19.74692136 19.38511487 19.93451439 18.98240091 19.49632246 19.45417402
  20.26630706 19.28345037 19.55536753 19.9714565  19.68194215 19.12432844
  19.65378996 19.81252773 19.68989906 28.9726758  18.83951904 19.34171234
  20.14101042 19.37018544 19.65548308 19.97604841 19.54729635 20.36798078
  19.42505243 19.78445965]
[19.38398334 19.03124128 20.09869163 19.45839537 19.39681588 19.84831184
  19.02085219 19.52996347 19.44166663 19.32438081 19.85252588 18.7376246
  18.98059921 18.90474453 19.31421773 19.41387853 19.25419646 19.45306724
  19.49249349 19.01736871 19.19065133 19.25573227 19.74346925 19.46140836
  19.29681653 19.35160981 19.89957627 18.86310027 19.49686012 19.34648292
  20.00368072 19.37720694 19.71317043 19.45799513 19.52111971 18.8120752
  18.79475192 19.47752584 19.55456355 18.83951904 29.10704106 19.37266134
  19.64478276 19.00886886 19.49117636 19.54154667 19.03084608 20.14611075
  19.25953899 19.59342734]
[19.97888664 19.33017284 20.4756522  19.97277726 19.88692737 20.02721326
  19.39309517 19.7597033  19.71656639 19.23684907 20.39119616 19.62574214
  18.75528987 19.36795305 19.9790138  19.71855723 20.24152617 19.69768021
  19.40974636 19.39644004 19.55341484 20.10054305 20.01171762 19.8917627
  19.90934193 19.75570662 20.0252431  19.04135924 19.7997945  19.98240975
  20.41199959 19.78786295 19.75449331 19.50664943 20.02680122 19.28759117
  19.25061446 20.28503303 19.97254598 19.34171234 19.37266134 29.32720201
  20.3686735  19.49719296 19.99617197 19.90994799 19.45759466 20.41002285
  19.5619997  20.15593479]
[20.91517013 20.03825039 21.17954295 20.25474327 20.53329509 20.49927007
  19.90041342 20.17109023 20.32945718 20.00815533 20.5896539  19.91350915
  19.42608753 19.49369897 20.78122161 20.61965145 20.81609037 20.36211155
  20.46120244 19.88241202 20.35043732 20.20857658 20.70231247 20.46731257
  20.52982256 20.27011061 20.62619158 19.80852725 20.02152566 20.37353292
  20.95667327 20.15006042 20.7194099  20.27072931 20.49517038 20.16798185
  20.06512261 20.02352636 21.01250182 20.14101042 19.64478276 20.3686735
  30.76755472 19.96092794 20.811654   20.67667499 20.08767929 21.08335579
  20.48057521 20.74262564]
[20.03884236 19.54521852 20.43432149 19.62940705 19.86759329 20.20916114
  19.00734935 19.51930221 19.48624274 19.73456711 20.39899471 19.34820967
  19.04877815 19.42972454 20.132653   19.69754678 20.10426749 19.6017889
  20.03511192 19.56642637 19.8313377  19.94586311 20.05644844 19.88689281
  20.1790696  19.53088004 19.99406376 19.32973961 19.57868425 19.61170423
  19.96238011 19.50838803 20.17166335 19.51416509 19.89739368 19.15192574
  19.53033714 20.10657442 19.74955988 19.37018544 19.00886886 19.49719296
  19.96092794 29.08793052 20.17426136 20.11007108 19.22656093 20.11890151
  19.81612132 20.60108748]
[20.98615604 20.26162424 21.25934807 20.2199184  20.18433312 20.73455337
  19.98412948 20.4424768  19.9142692  20.15257548 20.99738315 20.07555305
  19.77339028 19.60707411 20.34407901 20.15584503 20.82333346 20.15633826
  19.95071747 19.80809153 19.93548424 20.43844278 20.58226793 20.63044862
  20.3845194  20.4354527  20.79405997 19.87759973 20.29162376 20.4250138
  20.76475175 20.28365638 20.56779231 20.06445501 20.49284368 19.84747997
  19.94997844 20.42315641 20.49101821 19.65548308 19.49117636 19.99617197
  20.811654   20.17426136 30.6148749  21.21933068 19.74297613 21.14576877
  20.51312012 20.48076935]
[20.71536973 20.05867836 21.0698794  20.35586151 20.67502825 21.00878322
  19.86856955 20.42682151 20.18865145 20.04251953 20.94936288 20.01038423
  19.49650089 19.71226018 20.2752377  20.00751473 20.69916139 20.23962564
  20.48091588 20.25582036 20.30677002 20.34797874 20.42474918 20.39736277
  20.61328502 20.19685689 20.86953493 19.43615712 20.11604762 20.09580971
  20.67557204 20.3552701  20.30925644 20.30700245 20.85350625 19.93704709
  19.60614908 20.45817576 20.41228894 19.97604841 19.54154667 19.90994799
  20.67667499 20.11007108 21.21933068 30.8436885  20.29101284 20.73640404
  20.05426344 21.00992559]
[19.62336687 19.36430314 20.56310965 19.4996915  19.95232016 20.17664055
  19.13072742 19.65554999 19.91529257 19.22395501 20.37588935 19.34444053
  19.04212621 18.86035095 19.7350726  19.52779485 20.08472895 19.83530212
  19.36998647 19.59439595 18.95451134 19.85375851 19.93122971 19.6030066
  19.85550128 19.8087362  19.94003786 19.20540395 19.44118683 19.29472525
  19.93033776 19.4790673  20.47739738 19.45563439 19.71420216 19.32590047
  19.47168002 20.0006899  19.89803139 19.54729635 19.03084608 19.45759466
  20.08767929 19.22656093 19.74297613 20.29101284 29.27787195 20.04424273
  19.73427451 20.18276686]
[20.62389482 19.99964768 21.22255247 20.12200773 20.60299458 21.23166519
  19.9240224  20.46834361 20.46114265 20.61069035 20.90847768 20.13596294
  20.07089439 20.00285887 20.76172948 20.32301871 20.79115631 20.81626928
  20.83720869 20.44110658 20.24844873 20.66187152 20.94913656 20.84663886
  20.51810229 20.62706862 20.81361482 20.0054814  20.16585867 20.19033463
  20.72211679 20.45699737 20.84001557 20.52772662 21.18637958 20.07125143
  20.29697366 20.88122457 20.49192089 20.36798078 20.14611075 20.41002285
  21.08335579 20.11890151 21.14576877 20.73640404 20.04424273 30.6253278
  20.41179865 20.6931276 ]
[20.22908952 19.87749924 20.98020608 19.71732309 19.86028094 20.02011708
  19.17165306 19.88473852 19.60228846 19.68797411 20.33665355 19.86911713
  18.97263589 19.46705875 19.83512382 19.8784467  20.29752833 19.60154798
  19.91656439 19.73884745 19.98168556 20.28727155 20.00696777 19.98480522
  19.74174078 19.74865237 20.1676052  19.4595245  19.73545225 19.90216103
  20.08977032 19.83948591 19.69300406 19.66725644 19.6185306  19.51203896
  19.97462993 19.88221215 19.95904746 19.42505243 19.25953899 19.5619997
  20.48057521 19.81612132 20.51312012 20.05426344 19.73427451 20.41179865
  29.34574357 19.89838471]
[20.86200496 19.80581148 20.86761224 19.6521193  20.42883338 20.5138086
  19.75745592 20.0462352  20.1640293  20.16044616 20.97850212 20.11098867
  19.60506511 19.86498078 20.39415708 20.21425467 20.66324874 19.98778418
  20.43842544 20.14609386 20.25425297 20.55796559 20.41770173 20.43759531
  20.55343966 19.82412289 20.82521303 19.56533791 19.90601269 20.20132388
  20.87099312 19.82360457 20.47375233 20.13357907 20.48975899 19.72748188
  20.30688364 20.17709888 20.36957398 19.78445965 19.59342734 20.15593479
  20.74262564 20.60108748 20.48076935 21.00992559 20.18276686 20.6931276
  19.89838471 30.50675934]
]