3250
100
10
20.25017264762766

[0.05857189 0.0532904  0.0919297  0.04374358 0.06505622 0.09169529
 0.02719229 0.02625471 0.0455473  0.04781152 0.06957892 0.08932636
 0.03430351 0.09536165 0.09053501 0.06826097 0.06655636 0.05387588
 0.03855616 0.05760746 0.02425256 0.09283787 0.04072034 0.08123758
 0.05755142 0.0687776  0.09058282 0.03468198 0.03709208 0.04908783
 0.09847326 0.06367694 0.09168237 0.07537033 0.09240078 0.07920222
 0.07767901 0.06070004 0.03065715 0.0674377  0.03885101 0.07167729
 0.06999385 0.05163462 0.04661147 0.08193189 0.03787717 0.07450735
 0.05172858 0.0957103  0.05267508 0.06120518 0.05202666 0.05529221
 0.02718211 0.0270145  0.0462848  0.0469183  0.06792229 0.04174302
 0.04320128 0.07265813 0.09968321 0.09866517 0.02880291 0.06259299
 0.04500863 0.04115975 0.05662813 0.04095974 0.03402995 0.05612069
 0.07416312 0.07071355 0.04145511 0.05537706 0.03003062 0.02127483
 0.08964878 0.09971171 0.03016385 0.05138235 0.06421774 0.03240661
 0.09567337 0.02691182 0.07177591 0.062465   0.08794181 0.05117947
 0.05962629 0.09289561 0.02474117 0.08439167 0.080767   0.07162496
 0.04207517 0.03789704 0.0564993  0.08770872]

[[30.15485866 20.01555708 20.22293557 20.57281298 20.36346992 20.22248965
  20.15438056 19.95844503 20.71066883 20.24432213 19.70670427 20.22895407
  19.93282186 20.49373682 20.62284541 19.9409582  19.42920239 19.58878757
  19.32640762 20.19257362 19.83179303 20.6013448  20.01135408 20.62775234
  19.70732827 20.44439267 20.1558097  20.13533189 20.84900376 20.64159933
  20.27011828 19.78011648 20.4401688  20.65058217 21.18922076 19.96192913
  20.17298231 20.58734375 19.84900913 20.79601786 20.55286871 19.85187886
  20.45305013 20.06118425 20.07017161 20.21233468 20.35961449 20.69798828
  19.80259996 20.78798738 20.19490248 20.01195123 21.06050897 20.29660508
  19.92115684 20.40429555 20.39331852 19.48667983 20.4056079  20.37871861
  20.57872316 20.81798641 19.66413027 20.74230423 20.37044395 20.52641129
  20.76174616 20.20457575 20.46183509 19.63037156 19.70239932 20.31930648
  20.89167941 20.88665121 20.71006438 19.66390298 20.41437644 20.40310758
  20.36747353 20.25374342 20.38567284 20.44407214 20.16178036 20.60235767
  20.30244484 20.09370122 20.00548027 20.43200316 20.81583536 20.01036269
  20.41653032 20.12839186 20.31656951 19.8268752  19.92880972 20.42786731
  20.2412888  19.79920626 20.11614412 19.96500687]
[20.01555708 29.63334497 20.05799337 20.31128339 19.964848   20.26913698
  19.7147419  19.61345886 19.62998597 20.35133196 19.44738419 20.07874454
  19.84855143 19.88836161 20.10800237 19.71139385 19.28551803 19.43670842
  19.59548823 20.41615207 19.11782901 20.29363304 19.98125724 20.09852671
  19.5308211  20.4328136  19.79547058 20.17700356 20.47842196 20.00405769
  19.71979366 19.67161701 20.12628467 19.98398375 20.20318409 19.88111871
  20.0838945  19.91589677 19.47074195 20.30356835 19.76432507 19.58800804
  20.16326878 19.82535509 19.60156069 20.20950309 20.37893614 20.7302683
  20.16515401 20.19191516 20.03449067 19.69522278 20.32026094 20.0684935
  19.68851733 19.74232517 19.82832994 19.12164155 19.84414975 19.94467638
  20.15874354 20.28864613 19.06649776 19.82869041 19.90797733 20.66827935
  20.67041968 20.15352715 20.34019491 19.58478141 19.76490501 19.99062492
  20.63121858 20.08360728 20.19986981 19.20028607 20.10436349 19.95860278
  20.53158911 20.4874164  20.16924364 19.90703466 19.77521051 20.86400083
  20.2749519  19.92800128 19.7536547  20.07452161 20.0401633  19.59568866
  19.53673278 20.13243535 19.61437201 19.77671447 19.6407414  20.25191377
  20.2380063  19.99199592 19.56716932 19.61846701]
[20.22293557 20.05799337 29.52135867 20.55998074 19.61396286 20.4693718
  20.01631398 19.81273108 20.06907293 20.32707389 19.72641016 19.52129085
  19.96901716 20.22963643 20.5892198  19.74260831 19.02586402 19.89274733
  19.49160755 20.10773705 19.55813538 20.5019247  19.58596461 20.47128272
  19.36866677 20.09247747 20.15917437 20.26976211 20.44593278 20.08384404
  19.81378904 19.92861049 20.39236983 19.94220564 19.93609068 19.91640849
  19.78635074 19.92328456 20.14993646 20.8383801  20.57366495 19.60352171
  20.41426945 20.15557818 19.96522949 20.01802158 20.18142539 20.45196428
  20.14378119 20.13077428 20.05803672 19.8493792  20.6438192  20.30242463
  19.49703548 19.86393814 19.56862086 19.6756408  20.17369185 20.30843469
  20.12810509 20.2695362  19.48729402 20.44269534 19.83795573 20.47320685
  20.50914951 20.38245626 20.32253597 19.73734981 19.58395323 20.16114396
  20.67581227 20.40218758 20.15692521 19.47034982 20.24718398 20.37268589
  20.5411281  20.34332907 20.32498579 20.16152956 19.61001319 20.34979911
  19.99623054 19.77136822 19.96143241 20.20980255 20.36357077 20.26140052
  20.11607512 19.84878731 19.75571337 20.15727223 19.7187515  19.93636619
  20.35156017 19.99589444 19.70770395 19.71498685]
[20.57281298 20.31128339 20.55998074 30.10535031 20.14858271 20.19785645
  20.4158086  19.79435282 19.99383149 20.3733402  19.54160989 20.00493469
  19.90412572 20.72334015 20.81585943 20.35536655 19.36502781 20.00660228
  19.92201498 19.73665442 20.10161988 20.96093279 20.09710717 20.23985872
  19.49292889 20.47123118 20.28627936 20.16557214 20.85109827 20.37030818
  20.04010829 20.08760527 20.59465754 20.21042682 20.9559724  19.970154
  20.26834093 20.30566283 20.08592206 20.82882255 20.74158231 20.2357591
  20.96013231 20.20710235 19.912949   19.93792029 20.66133659 20.61584264
  20.27159227 20.10482997 20.09962265 19.95496771 21.09085348 20.38061134
  19.88530974 20.47840581 19.93238709 19.85643526 20.45835741 20.59066309
  20.51807631 20.85221931 19.63252264 20.70022928 20.12701735 20.53713351
  20.76528036 20.15471126 20.64389994 19.63790934 19.67028102 20.06513001
  20.7749851  20.4102607  19.90503979 19.3578894  20.81974193 20.36072519
  20.67600058 20.37710678 20.24365154 20.45635418 19.93620921 20.62654803
  20.59261631 20.12534754 20.26831449 20.76182458 20.72170675 20.30215268
  20.30122567 20.46995399 20.29932149 20.12182769 20.00155566 20.43687505
  20.46084323 19.92674697 20.2214114  19.86541258]
[20.36346992 19.964848   19.61396286 20.14858271 29.4469281  20.34575135
  19.99369063 19.35078031 19.96495988 20.40453131 19.23025891 19.64701112
  20.0418506  20.02877759 20.528011   19.57102882 19.03394654 19.7024324
  19.36442841 19.94231878 19.48671475 20.33929997 19.65375483 19.99979271
  19.32173125 20.04853892 19.70502229 20.06325623 20.20858824 20.12338074
  19.68816351 20.23413863 19.77975927 20.38133901 19.92200671 19.91563108
  19.90681749 20.06966288 19.63135744 20.48920856 19.80042339 19.78952367
  20.52724148 19.41419443 19.62820789 20.06958555 20.5550701  20.49395098
  19.64198984 19.97934236 20.06358654 19.67947198 20.57529504 20.52635116
  19.4235195  20.19569466 19.90200294 19.18556566 19.94144748 19.8241202
  20.30972169 20.18850645 19.13412709 20.06551382 20.19345046 19.8852848
  20.42947926 19.86416804 20.04607644 19.63877798 19.74648206 20.38335602
  20.61871422 19.96373103 19.95321686 19.12738024 20.00623368 20.07957004
  20.34535226 20.07262497 19.74576241 20.04742049 19.94436414 20.41145823
  20.05075511 19.96552793 19.70326407 20.26792562 20.0147966  19.67616037
  19.49919801 20.2237753  19.74885435 19.82360966 19.85764278 19.9193517
  20.23466598 19.55509017 19.79430258 19.4980487 ]
[20.22248965 20.26913698 20.4693718  20.19785645 20.34575135 30.29442232
  19.82062629 19.7775036  20.22794484 20.63281587 19.89161985 20.11799356
  20.0322363  20.70639064 20.86991767 20.25363078 19.70058442 19.92508227
  19.51722995 20.04602648 20.32421457 20.66806016 19.94919636 20.07722691
  19.83495251 20.34374519 20.36393994 20.20549183 20.30736579 19.94318669
  20.24923609 19.89629194 20.35647759 20.27385633 20.78197914 20.36660128
  20.16111846 20.66003474 19.86999285 20.57272123 19.96842413 19.94170167
  20.98254813 20.28441291 20.06620034 20.30031086 20.7453538  20.87847919
  20.31537913 20.0682243  20.33155818 20.02577194 21.01485696 20.37021037
  20.25767608 20.53938968 19.98306091 20.01127688 20.60667715 20.95014418
  20.43036787 20.63143103 19.41767599 20.65640233 20.40903506 20.75104785
  20.9444171  20.23292993 20.35557888 19.65051593 19.81307722 20.62451702
  20.60224251 20.63844682 19.90395303 19.3117456  20.35671118 20.4366235
  20.84856413 20.75313806 20.57106142 20.42393762 20.02583548 20.72363015
  20.43343965 20.67566435 20.2404906  20.11779189 20.35006189 20.21367521
  19.87475679 20.43299388 20.06053411 19.86772576 20.02889641 20.30982457
  20.89984331 20.11937961 20.28371756 19.69411958]
[20.15438056 19.7147419  20.01631398 20.4158086  19.99369063 19.82062629
  29.63725327 19.86266918 20.05681985 20.26224263 19.54084898 19.81232827
  19.78193353 19.63333118 20.67849271 19.95324016 19.42535342 19.41232845
  19.40572033 19.66269916 19.93891589 20.45321791 19.50914897 19.9421075
  19.03422193 19.88900666 19.89059698 20.05597789 20.13164567 20.41875553
  19.61361983 20.04930807 20.02586566 19.9757703  20.12915036 19.72015838
  20.20272023 19.75858851 19.66041355 20.10222638 20.19829943 19.25584238
  20.49556519 20.21096584 19.74186423 19.58218208 20.08019088 20.41556918
  19.64291383 19.96867299 20.02242634 19.70820581 20.58275066 20.32733705
  19.27748845 19.80878977 19.80505165 19.29740741 20.16321353 19.86354456
  20.56847849 20.16338773 19.04109732 20.05814748 19.80544054 20.26114567
  20.71271602 19.67321893 19.92731485 19.34662217 19.51301056 20.09885667
  20.34841615 20.00709438 19.92186651 19.28519509 20.44639108 19.87322488
  20.33268941 20.17283756 20.34278575 19.8816002  19.78127687 20.7264035
  19.9765059  19.93429531 19.75819198 19.99298397 20.32282924 19.76434857
  20.11160052 19.86446998 20.22016051 19.96619298 19.85602479 20.06455516
  20.28469161 19.92134847 20.00269504 19.5171074 ]
[19.95844503 19.61345886 19.81273108 19.79435282 19.35078031 19.7775036
  19.86266918 29.19509629 19.47393211 19.98585023 19.18468172 19.14940054
  19.86502292 19.59122679 20.07626435 19.33548014 19.10178421 19.15888106
  19.03163029 19.77204672 19.07803961 19.86335587 19.27627071 19.87092526
  19.14858928 19.77612091 19.92790081 19.81225053 19.97378155 19.63608746
  19.62068731 19.69986217 19.60323794 19.58075257 19.92145225 19.82877094
  20.14537373 19.41085291 19.45806857 19.99690196 20.01325204 19.49345174
  19.85095246 19.74112724 19.74295385 19.42052664 19.46773289 20.07166133
  19.41806    19.61609201 19.68883291 19.68118301 19.66105895 20.05821238
  19.59000063 20.08946976 19.3950126  18.99716302 19.95780553 19.61201296
  19.67660152 20.18363475 18.76323665 19.86425615 19.87527736 19.92005202
  19.825907   19.88673806 19.8321016  19.23289    19.48043226 20.31371267
  20.23626909 20.01583217 19.60658687 18.90124325 20.08503993 19.93353252
  20.27627707 19.94369868 20.10450559 19.63519547 19.21819613 20.10064333
  19.79822648 19.62165291 19.83722979 19.52316453 20.03955406 19.50177387
  19.22247437 19.80688142 19.59411452 19.32532126 19.38884833 19.68787644
  20.29842744 19.51976722 19.63094546 19.18921501]
[20.71066883 19.62998597 20.06907293 19.99383149 19.96495988 20.22794484
  20.05681985 19.47393211 29.55643723 20.55707132 19.51288831 19.86369981
  20.03830027 20.03052697 20.44715973 19.79879149 19.02345024 19.57705565
  19.56175322 19.72569465 19.59642592 20.2017136  19.5323329  19.81499621
  19.70331534 20.24388778 19.78397746 19.97092986 20.59675443 20.37193033
  20.01405795 19.58324    19.86654892 20.08420161 20.5134673  19.67168457
  20.02226027 19.8014165  19.63924408 20.50224468 19.75651296 19.56356762
  20.15006666 20.08578142 19.8787343  20.02088322 20.25352017 20.48796173
  19.71618767 20.44962626 20.06834373 19.99772755 20.40704183 20.26066646
  19.5331377  19.73069392 19.88432794 19.43244732 20.31323271 19.92340009
  20.00508515 20.20455722 19.46902399 20.30805474 19.94277871 20.2338531
  20.33293349 20.08536399 20.19324711 19.79586037 19.59607335 20.04075613
  20.61930832 20.26970044 19.74254379 19.30797424 19.99183597 20.3162582
  20.03020801 20.04979779 20.39857063 20.02492745 19.66297566 20.24654163
  20.04547447 19.8108433  19.97497023 20.13281493 20.49892406 20.11034143
  19.84138582 19.98479211 19.97527487 19.85282694 19.60559875 19.96963293
  20.4985094  19.79532787 19.91387978 19.26660462]
[20.24432213 20.35133196 20.32707389 20.3733402  20.40453131 20.63281587
  20.26224263 19.98585023 20.55707132 29.71406197 19.68162721 20.0285224
  20.2430315  20.41671776 21.02311307 19.97919674 19.61357194 19.67109671
  19.76986364 20.50430783 19.73720319 20.7156438  20.18696598 20.52950996
  19.62972345 20.36750017 20.1070913  20.39106658 20.77097871 19.89582288
  20.28286322 19.87699969 20.20774016 20.30504472 20.37275599 19.93494888
  19.98880738 19.8421178  20.00639616 20.53969116 20.36917223 19.68472041
  20.53511608 19.86019426 20.35042458 19.88873334 20.76006919 20.87903581
  20.29343441 20.39292496 20.04214311 20.27169683 20.92313483 20.52300275
  20.01268351 20.25123461 20.18518098 20.08793522 20.37976053 20.40591035
  20.8420641  20.511295   19.13634857 20.30299215 20.06113023 21.07064538
  20.57540317 20.86943887 20.09045701 19.57414865 20.00065296 20.41270072
  20.87700046 20.30383767 20.00813429 19.45859885 20.52860647 20.26921309
  20.37135343 20.43484849 20.57769255 20.15697283 19.84287992 20.36146666
  20.08748344 20.13028821 20.26276438 20.37163326 20.44464176 19.96583708
  19.94601067 20.13651744 19.8305979  20.01027499 19.98334862 20.30703455
  20.57115531 19.99513542 20.30251438 19.78665104]
[19.70670427 19.44738419 19.72641016 19.54160989 19.23025891 19.89161985
  19.54084898 19.18468172 19.51288831 19.68162721 29.0434596  19.75911409
  19.76099393 19.61642294 20.29309404 19.49488514 18.78779297 19.09880355
  18.64673182 19.39921245 19.28279572 19.89275593 19.0008212  19.77612816
  18.94697495 20.02465839 19.60142817 19.55933173 19.8982565  19.23408993
  19.1922248  19.18053679 19.64077439 19.65830183 19.90729563 19.36605066
  19.58734232 19.27132992 19.4973992  19.70052114 20.10322352 18.98830481
  19.95204984 19.30229179 19.33178429 19.6457007  19.67607521 20.0337627
  19.59142941 19.46649484 19.4943318  19.39309791 20.49357664 19.32854856
  19.3076852  19.77900984 19.32526365 18.74277055 19.40163121 19.62314801
  19.54264831 20.08082977 18.96142401 19.74197451 19.89700857 19.97589066
  20.24370972 19.62685641 20.0498055  19.17820057 19.06466278 19.83465735
  19.79541007 19.73882394 19.47320309 18.74111312 19.8147778  19.74766836
  19.75772677 19.93686276 19.44910457 19.36145403 19.37469988 19.92081778
  19.78992458 19.3776917  19.67199797 19.54856724 20.06960398 19.32108775
  19.12035044 19.77793846 19.2761538  19.33842339 19.5188244  20.01468369
  19.63374209 19.6645267  19.51111871 19.63477191]
[20.22895407 20.07874454 19.52129085 20.00493469 19.64701112 20.11799356
  19.81232827 19.14940054 19.86369981 20.0285224  19.75911409 29.36493393
  19.75757883 20.00968111 20.51428688 19.62162342 18.97097271 19.24309299
  19.2434427  19.65578692 19.20717234 19.9570569  19.37048929 19.6261621
  19.40761998 19.99877294 19.7158106  19.80609012 20.14988553 20.19399815
  19.48211415 19.61820039 19.89546704 19.85062171 20.46376824 19.7216946
  19.8044831  19.71537172 19.3516821  20.10410754 20.30957098 19.18286341
  19.92183207 19.59415219 19.95535263 19.66453842 20.14926841 20.19337528
  19.47219802 20.09731007 19.68158009 19.81062532 20.55430119 19.40702739
  19.42615295 19.71926347 19.76231497 19.08882914 19.87624095 20.2448683
  19.95713113 20.04944584 19.23629223 19.76886727 19.80731108 19.97513878
  20.71276749 19.67083646 20.05126956 19.47430085 19.58719891 19.60390968
  20.3261959  19.76365719 20.05830839 19.10139316 20.17945822 19.60832881
  19.89880725 19.80224956 20.11038689 20.05999348 19.33982893 20.31975849
  20.05139734 19.98083831 20.0412089  20.01476187 20.2150582  19.57046802
  19.73353909 19.49104507 19.88735332 19.66862668 19.20595494 20.19518638
  19.79546232 19.59485871 19.85203438 19.55760663]
[19.93282186 19.84855143 19.96901716 19.90412572 20.0418506  20.0322363
  19.78193353 19.86502292 20.03830027 20.2430315  19.76099393 19.75757883
  29.72578795 19.86233565 20.67726447 19.71075457 19.13594698 19.4231437
  19.21682783 19.77628272 19.78448153 20.48883689 19.53508474 20.17347139
  19.15042014 20.4406157  19.77702395 20.25421286 20.07743855 19.78341526
  19.58380615 19.35539223 20.09651498 20.09085749 20.27212188 19.70268546
  20.39584236 19.8695539  19.96881436 20.28453246 19.84794209 19.58701827
  20.30504761 19.50430591 19.79848892 20.12944522 20.14792239 20.0796127
  19.70661193 20.31176904 19.85018035 20.15861201 20.47686087 20.28103688
  19.65269932 19.82035151 19.88711552 19.43642045 20.25208146 20.21764452
  20.10083134 19.8545832  19.42934473 20.10231731 20.28706539 20.16227925
  20.37854066 20.02339635 20.20737749 19.63331858 19.53328674 20.41353129
  20.62034554 20.43881419 19.87379645 19.29842097 20.08576394 20.26237069
  20.39020274 19.87126777 20.06236464 20.15908434 19.81107765 20.16170759
  20.25444432 19.92637387 20.0727511  19.80926742 19.91657875 20.07407051
  19.86559149 19.88326143 20.03825425 19.59713367 19.71003086 19.63173888
  20.34035099 19.54154567 19.87307969 19.48782426]
[20.49373682 19.88836161 20.22963643 20.72334015 20.02877759 20.70639064
  19.63333118 19.59122679 20.03052697 20.41671776 19.61642294 20.00968111
  19.86233565 29.7883998  20.49514856 20.14350622 19.65547442 19.48467714
  19.56726957 19.9729713  19.827435   20.30526373 19.64030458 20.2998815
  19.18771255 20.27645213 20.0050415  19.95007867 20.52052675 20.12853379
  19.93739177 19.74738907 19.93784496 20.03960514 20.1644973  19.82635504
  20.08625637 20.10290567 19.62484588 20.58780301 20.06932254 19.43491544
  20.52295561 19.79872828 19.81010742 19.67553429 20.29904004 20.63806383
  19.9235402  20.02633502 19.8812974  19.91538112 20.82174213 20.08055777
  19.74782867 20.16483041 20.33021472 19.44457634 20.10140061 19.9577853
  20.23261924 20.0441896  19.56787514 20.44539391 19.91272907 20.64222732
  20.53707741 20.14144078 20.02458708 19.51436191 19.7375358  19.67272502
  20.60015774 20.49391511 20.26928046 19.53210614 20.46399676 20.54329988
  20.26965988 20.41595355 19.95197801 20.037699   20.25768837 20.66127438
  20.09871405 20.00109853 19.98074435 20.36068488 20.67196443 20.07959721
  20.06459829 19.99393014 19.80953741 19.74599687 19.50186554 20.36195594
  20.60652914 19.89121291 19.88994854 19.66882271]
[20.62284541 20.10800237 20.5892198  20.81585943 20.528011   20.86991767
  20.67849271 20.07626435 20.44715973 21.02311307 20.29309404 20.51428688
  20.67726447 20.49514856 30.6596614  20.43086733 19.88013276 19.74993082
  19.92575853 20.07659422 20.52971729 20.81084412 20.67403469 20.50884305
  19.5643393  21.03487553 20.51701321 20.46719879 20.90924352 20.52062176
  20.53604437 20.5388025  20.80570767 20.75920045 20.64219961 19.93372457
  20.7533232  20.55848384 20.3418945  21.10505772 20.85501545 20.12360649
  20.85375928 20.43472976 20.49798629 20.23433208 20.74890705 21.17457324
  20.64148515 20.61657227 20.68244178 20.44978966 21.1525872  20.77668424
  20.3257127  20.53323234 20.54152576 20.46185358 20.47374369 20.4770565
  20.57737805 20.89371644 19.93246033 20.49967107 20.56738635 20.85999204
  21.11238993 20.48288187 20.77469879 20.22336374 19.9625361  20.49904761
  21.29209907 21.08462838 20.34423243 19.81048912 20.98657922 20.71440473
  21.26024754 20.77592285 20.45145645 20.55698489 20.36730366 21.02971213
  20.56299769 20.65002869 20.61980385 20.79065218 21.31655355 20.41696114
  20.47141472 20.7191012  20.40829116 20.22699187 20.36048738 20.32171332
  20.76076152 20.4151348  20.57348141 20.26981829]
[19.9409582  19.71139385 19.74260831 20.35536655 19.57102882 20.25363078
  19.95324016 19.33548014 19.79879149 19.97919674 19.49488514 19.62162342
  19.71075457 20.14350622 20.43086733 29.72802922 19.36307709 19.64280866
  19.3531107  19.66469732 19.63859467 20.20278369 20.02325951 19.93325134
  19.62269966 20.29910174 19.75134469 19.94896955 19.87626379 20.14561509
  19.96219232 19.43668257 19.62584542 20.25064549 20.35289512 19.74834156
  19.73426271 19.90949962 19.79502778 20.19954918 20.23874675 19.40541703
  20.13319665 19.97050447 20.14625082 20.14581778 20.41062009 20.58165401
  19.81330416 20.22603396 19.38199833 19.83481885 20.60057288 20.06303376
  19.57983568 20.20900173 19.37693805 19.29521129 20.23799423 19.99211107
  19.91511976 20.18441065 19.59513122 20.17181918 19.92161749 20.72495998
  19.97296136 20.0337165  20.35537097 19.69117696 19.67544478 20.0880822
  20.37797644 20.35307565 19.9727962  19.52879274 20.40079682 20.26269899
  20.4348009  19.96803588 20.13915059 19.87408345 19.76670166 20.21455127
  20.3705773  19.71524909 19.41465247 19.9605426  20.29120218 19.98329172
  19.98127708 19.98915467 19.86916165 19.7484042  19.37052909 19.81045861
  20.36653455 19.68373861 19.92948343 19.32486453]
[19.42920239 19.28551803 19.02586402 19.36502781 19.03394654 19.70058442
  19.42535342 19.10178421 19.02345024 19.61357194 18.78779297 18.97097271
  19.13594698 19.65547442 19.88013276 19.36307709 28.2258752  18.76068527
  18.77003652 19.29085177 18.93151287 19.88193329 18.55952126 19.34860603
  18.4416237  19.61590187 19.03229657 19.36631156 19.69265453 19.43331239
  18.86769121 19.06161705 18.93784347 19.36488255 19.50712153 19.06438069
  18.9710025  19.36055238 18.8263527  19.5010508  19.26910398 18.64959253
  19.43678054 18.84938427 19.30920172 19.44313355 19.61448315 19.88129531
  19.00239551 19.11969743 18.93508489 19.15666267 19.85566517 19.55609575
  18.95922632 19.33872707 19.00755344 18.16768643 19.27736949 19.2215913
  19.42850872 18.715101   18.51230146 19.18411622 19.09673421 19.61051073
  19.49336844 19.34563433 19.74825983 18.85232333 19.2071058  19.2948277
  19.67308822 19.20996984 19.24117442 18.8936207  19.33682628 19.41678618
  19.34357424 19.22199788 19.06726371 19.63372023 18.70983159 19.34562759
  19.16216945 19.04874379 19.39770931 18.9980605  19.74433706 19.14711823
  18.8591329  19.38467942 19.33457216 19.1878575  19.17217019 19.09228316
  19.71670028 19.35588809 18.72781912 18.82863542]
[19.58878757 19.43670842 19.89274733 20.00660228 19.7024324  19.92508227
  19.41232845 19.15888106 19.57705565 19.67109671 19.09880355 19.24309299
  19.4231437  19.48467714 19.74993082 19.64280866 18.76068527 28.77069976
  18.72872145 19.38968601 19.24932538 20.29824175 18.91356141 19.86434889
  19.22143825 19.54990193 19.85313976 19.65454991 19.80451551 19.44332273
  19.11347778 19.12230285 19.67272088 19.58490907 19.4866521  19.12275687
  19.80224564 19.55001378 19.69543237 19.81674121 19.76103879 19.38117702
  19.74548867 19.3543458  19.58400586 19.34086836 19.8105072  19.6436344
  19.41400284 19.78712764 19.25822024 19.50988193 19.87735952 19.61888072
  18.85077268 18.95997238 19.67919128 18.94007161 19.25687045 19.74584354
  19.61638046 19.67706292 18.62867535 19.95682145 19.71971746 20.02629079
  19.93856737 19.44939426 19.6675463  19.08333795 19.40456632 19.72209476
  20.26179225 20.13428095 19.67759411 18.67875774 20.0693548  19.56393719
  19.49108549 20.31083443 19.57130534 19.19256379 19.34184696 19.9807037
  19.84638754 19.44312646 19.49003999 19.58275275 19.77605637 19.12587535
  19.4845548  19.59348627 19.48213658 19.57396751 19.27240106 19.53125634
  19.4055936  19.19854207 19.59772021 19.09452974]
[19.32640762 19.59548823 19.49160755 19.92201498 19.36442841 19.51722995
  19.40572033 19.03163029 19.56175322 19.76986364 18.64673182 19.2434427
  19.21682783 19.56726957 19.92575853 19.3531107  18.77003652 18.72872145
  28.19985434 19.28315857 18.96700605 19.73163955 19.14181915 19.33031738
  18.6596027  19.4897442  19.73975317 19.32730806 19.86866345 19.66285413
  19.18202579 19.46575387 19.79271583 19.64335629 20.01674898 18.72961302
  19.38906317 19.29317391 19.18142263 19.7211973  19.80077548 18.92405801
  19.67092251 18.73144898 19.11784099 19.31408894 19.6994356  19.67032324
  19.27320457 19.61550167 19.32081589 19.5259597  19.90836055 19.91534338
  18.81332152 19.54713538 18.80872119 18.68560054 19.57309005 19.31918713
  20.02464656 19.48706447 19.00323439 19.80164191 19.45848625 19.80930606
  20.19690502 19.72679553 19.76975131 18.99385649 19.36550199 19.27727463
  19.67887291 19.54598329 19.11291109 18.82528428 19.61103458 19.64672849
  19.86023331 19.80106719 19.77708181 19.38887271 18.95957151 19.88722347
  19.75425438 19.72868066 19.31932784 19.77147761 19.99927834 19.08371482
  19.30281228 19.58744055 19.09095424 19.23338397 19.24253957 19.14276462
  20.27524248 19.43045459 19.29416654 18.97695343]
[20.19257362 20.41615207 20.10773705 19.73665442 19.94231878 20.04602648
  19.66269916 19.77204672 19.72569465 20.50430783 19.39921245 19.65578692
  19.77628272 19.9729713  20.07659422 19.66469732 19.29085177 19.38968601
  19.28315857 29.7509573  19.37987988 20.44252564 19.70718233 20.07060952
  19.51272711 20.16980111 19.91321709 20.17537478 20.57777886 20.07499126
  19.65722304 19.7673804  19.99775045 19.93501472 20.23639384 19.72423566
  20.02657117 19.7615167  19.5571891  20.23985419 20.13190552 19.73593944
  20.30803957 20.14168849 19.61600448 19.79720287 20.20247198 20.50138722
  19.88725243 20.13532681 20.16249915 20.03924182 20.30582235 20.41237285
  19.82193801 19.69184694 19.66342035 18.89818848 19.73681419 19.83244774
  19.88739883 20.43736825 19.48572824 20.14263471 19.88225775 20.35871068
  20.81905466 19.79356457 20.21317422 19.49031679 19.93220566 19.93611159
  20.14091076 20.48792204 20.0407657  19.1010033  20.38068388 20.12716997
  20.28051817 20.48995702 19.93554645 19.91181862 19.80543247 20.20550126
  20.00172843 20.05042014 19.79830374 19.93787467 20.45317022 19.90517789
  19.19985837 20.10705989 19.82790929 19.97639571 19.6099674  20.18158928
  20.25829516 20.09108255 19.58897172 19.503993  ]
[19.83179303 19.11782901 19.55813538 20.10161988 19.48671475 20.32421457
  19.93891589 19.07803961 19.59642592 19.73720319 19.28279572 19.20717234
  19.78448153 19.827435   20.52971729 19.63859467 18.93151287 19.24932538
  18.96700605 19.37987988 29.38780011 20.08445299 19.24027375 20.20870766
  18.95566804 20.09077529 19.9936622  19.7336665  19.75051018 19.72417517
  19.47583324 19.5110163  19.89119505 19.76803977 20.15761888 19.72376713
  20.08469286 19.29710165 19.32079713 19.93609113 19.92057936 19.17959596
  20.16400097 19.55356136 19.6744533  19.95016368 20.23438321 19.84568798
  19.44173451 19.57625076 19.76949089 19.47958326 20.00825745 19.9815192
  19.36158266 19.84360528 19.27211252 19.62386642 19.63488808 20.05124224
  19.91816466 19.86146981 18.72336965 20.05472797 19.94178032 19.93526546
  20.21546756 19.9213845  19.8117144  19.24060917 19.28374325 19.65826195
  19.93972728 20.31733086 19.86400373 18.71258948 19.94061792 20.0224992
  20.19107909 20.11998971 19.92215843 19.63163331 19.30785483 20.53559484
  19.5486301  19.78982549 19.45632397 19.92612232 20.1708326  19.5222468
  19.50314163 19.60127715 19.94722053 19.61110327 19.48894591 19.80354771
  20.04811549 19.8737062  19.37430922 19.40512943]
[20.6013448  20.29363304 20.5019247  20.96093279 20.33929997 20.66806016
  20.45321791 19.86335587 20.2017136  20.7156438  19.89275593 19.9570569
  20.48883689 20.30526373 20.81084412 20.20278369 19.88193329 20.29824175
  19.73163955 20.44252564 20.08445299 30.39956751 19.81750529 20.41553447
  19.60480021 20.77535344 20.23542225 20.2674806  20.70586543 20.45976349
  20.2354276  20.05415334 20.08230914 20.17908488 20.79381337 20.32943233
  20.34344783 19.89575792 20.26061059 20.60313081 20.57721032 20.15498032
  20.79924057 20.24793565 20.33772419 20.02784243 20.6065423  20.62710985
  20.04495785 20.3580544  20.25229723 20.4064599  21.18717668 20.18054063
  19.88886578 20.12991721 20.23205519 19.51308242 20.47454367 20.8706224
  20.40989204 20.6305537  19.61328012 20.55728846 20.18657663 20.99818321
  20.87977606 20.21801872 21.0104273  19.79870487 20.15007873 20.52182756
  20.67650029 20.60126343 20.30803445 19.30397326 20.40776836 20.85026374
  20.90314673 20.51185736 20.79536174 20.3012706  19.8522532  20.60662376
  20.28994371 20.31421784 20.37743111 20.83643656 20.78780251 20.16089724
  20.05762507 20.57819771 20.50268583 19.71349436 20.08640756 20.08717329
  20.96308527 20.15799941 20.21692554 20.01488047]
[20.01135408 19.98125724 19.58596461 20.09710717 19.65375483 19.94919636
  19.50914897 19.27627071 19.5323329  20.18696598 19.0008212  19.37048929
  19.53508474 19.64030458 20.67403469 20.02325951 18.55952126 18.91356141
  19.14181915 19.70718233 19.24027375 19.81750529 29.62978914 19.77159294
  18.89168513 19.66410063 19.67043136 19.54508905 20.00964624 19.2922699
  19.48502472 19.22329573 19.36545949 19.49411733 20.14322173 19.51434073
  19.85983348 19.92182015 19.39070061 20.0371798  19.69464079 19.56687284
  19.88927048 19.71944763 19.49648805 19.6924095  19.70665686 19.85609795
  19.25604673 19.60394867 19.47057827 19.80876765 20.24672486 19.92974209
  19.16005018 20.0089456  19.63831986 19.25986487 19.89506907 19.61370679
  19.95376869 19.91556627 19.17367143 19.67759998 19.68178308 20.1460286
  20.37994209 19.61927911 19.34861719 19.45729371 19.47153021 19.58367544
  20.08268893 20.03176639 19.58408959 18.86587871 19.43180103 19.65016336
  19.76900522 19.98812265 19.8548544  19.60969968 19.52408651 19.94779762
  20.06814454 19.50138631 19.66797627 19.86836182 20.07102624 19.4320889
  19.26796519 19.82893275 19.567869   19.18585083 18.98426277 20.05666034
  19.91308768 19.07216239 19.77239254 19.65593525]
[20.62775234 20.09852671 20.47128272 20.23985872 19.99979271 20.07722691
  19.9421075  19.87092526 19.81499621 20.52950996 19.77612816 19.6261621
  20.17347139 20.2998815  20.50884305 19.93325134 19.34860603 19.86434889
  19.33031738 20.07060952 20.20870766 20.41553447 19.77159294 30.13812944
  19.45287147 20.29873637 20.23938427 20.08032571 20.31074611 19.98868331
  19.92987365 19.96762148 19.87918446 20.19738895 20.50654541 19.95666132
  20.20624857 20.30176525 19.67568377 20.67739493 20.33602859 19.74406098
  20.63368313 20.12060084 20.24866073 20.06661013 20.45536591 20.88456033
  20.1917157  20.09739118 20.45350274 20.20650518 20.68789281 20.1141494
  19.87875222 20.08297907 19.9787699  19.57642635 20.17464729 20.46038633
  20.2370162  20.29041481 19.62914105 20.39717284 20.0854213  20.39448303
  20.52060969 19.97063929 20.22932401 19.64443009 19.76015053 20.29491496
  20.52054583 20.3634358  20.13837293 19.1126588  20.19771012 20.36660422
  20.41413991 20.52953213 20.07585506 20.33981136 19.80634678 20.70659097
  20.28707524 20.45133258 20.21243253 19.98731772 20.37882335 19.81548621
  19.89466664 20.35179946 20.23147255 20.01569639 19.72927985 20.1214123
  20.71551073 19.96359194 19.86278543 19.75024203]
[19.70732827 19.5308211  19.36866677 19.49292889 19.32173125 19.83495251
  19.03422193 19.14858928 19.70331534 19.62972345 18.94697495 19.40761998
  19.15042014 19.18771255 19.5643393  19.62269966 18.4416237  19.22143825
  18.6596027  19.51272711 18.95566804 19.60480021 18.89168513 19.45287147
  28.66336615 19.90292146 19.1819921  19.09956868 19.46099666 19.83861815
  19.41334883 18.98554269 19.53592063 19.07559982 19.98992205 19.14817987
  19.35025345 19.58286796 18.94469581 19.64459158 19.36968252 19.20561782
  19.48799184 19.20472469 19.47535952 19.38885011 19.64938674 19.88564109
  19.2803182  19.40533778 19.66702135 19.37153758 19.52823052 19.69176128
  18.85831365 19.10902957 19.19565243 18.75086067 19.14382745 19.47435304
  19.38638928 19.51708745 18.51661609 19.74570144 19.34204313 19.67945767
  19.54914857 19.07335052 19.33774213 18.78730379 19.41483794 19.43473745
  20.02934496 19.58486236 19.47068095 18.38389079 19.41513243 19.37855665
  19.38264749 19.29469094 19.44007961 19.45123424 19.30911761 19.84857826
  19.19438574 19.27664284 19.32438166 19.14190739 19.35892854 18.95216985
  18.88951972 19.4937401  19.36760677 18.96443921 19.06416045 19.60853771
  19.70840836 19.09711587 19.23864229 18.86393877]
[20.44439267 20.4328136  20.09247747 20.47123118 20.04853892 20.34374519
  19.88900666 19.77612091 20.24388778 20.36750017 20.02465839 19.99877294
  20.4406157  20.27645213 21.03487553 20.29910174 19.61590187 19.54990193
  19.4897442  20.16980111 20.09077529 20.77535344 19.66410063 20.29873637
  19.90292146 29.71255137 19.9099795  20.20142648 20.39356247 20.20417814
  19.83592862 20.06062768 20.17680795 20.22450566 20.32621553 20.24202365
  20.49801536 20.17136556 19.99596825 20.57413539 20.47607885 19.83124453
  20.56230451 20.13642301 20.36369164 20.06794614 20.75787319 20.73372801
  20.21127517 20.5675807  20.24636546 19.98066983 20.7450013  20.28676104
  20.14057215 20.30933939 20.04181438 19.81501003 20.27900197 20.37932116
  20.38612157 21.076798   19.46638714 20.72686089 20.28536091 20.81197144
  20.78901781 20.28765337 20.45472187 19.94861124 19.52462227 20.50971188
  20.9650675  20.64779234 20.07177132 19.4233772  20.80596213 20.48787802
  20.31712483 20.41237068 20.44367307 19.86038574 19.99596796 20.47972582
  20.53926227 20.18402075 20.00323982 20.61396228 20.73660328 20.05070706
  19.93720774 20.11671598 20.54197003 20.18491829 19.89203229 20.46868267
  20.29952645 19.95017463 20.2422032  20.15383544]
[20.1558097  19.79547058 20.15917437 20.28627936 19.70502229 20.36393994
  19.89059698 19.92790081 19.78397746 20.1070913  19.60142817 19.7158106
  19.77702395 20.0050415  20.51701321 19.75134469 19.03229657 19.85313976
  19.73975317 19.91321709 19.9936622  20.23542225 19.67043136 20.23938427
  19.1819921  19.9099795  29.56155652 20.23966544 20.13362632 19.74582021
  19.70423115 20.03508152 20.3801837  20.09017022 20.14947779 19.59655607
  19.97063834 20.17356925 19.74717466 20.29185377 20.19074775 19.44097469
  20.17530276 19.49496373 19.8570628  20.14796333 20.21571497 20.46969558
  19.57776976 20.21609563 19.96411766 19.93635124 20.44239118 20.32094021
  19.65091195 20.05501158 19.94679639 19.53359141 20.284515   20.39470218
  20.37043433 20.15885443 19.23177513 20.2285791  20.4763307  20.55629835
  21.09196519 19.96167212 20.17914155 19.43235846 19.84759119 19.75643729
  20.37086137 20.36575794 20.0059649  19.39447596 20.18464829 20.01305551
  20.06424708 20.54159237 20.45344211 19.76706802 19.65527985 20.53972735
  20.03225298 20.14860353 19.40385004 20.60489197 20.42091998 19.88533976
  19.78637757 19.8877173  19.83144343 19.96142514 19.33258154 20.0154523
  20.14163153 20.10099031 20.1263906  19.9776781 ]
[20.13533189 20.17700356 20.26976211 20.16557214 20.06325623 20.20549183
  20.05597789 19.81225053 19.97092986 20.39106658 19.55933173 19.80609012
  20.25421286 19.95007867 20.46719879 19.94896955 19.36631156 19.65454991
  19.32730806 20.17537478 19.7336665  20.2674806  19.54508905 20.08032571
  19.09956868 20.20142648 20.23966544 30.03768589 20.80438806 20.20405628
  19.53044092 20.07704032 20.247452   20.19898359 20.40208782 19.95175364
  20.24239031 20.0798876  19.68002058 20.71500259 20.13747795 19.89843058
  20.23763783 19.80898649 20.32531705 20.15903097 20.16715314 20.75453546
  19.62747851 20.00085646 19.8673972  19.94418925 20.93929355 20.10353324
  19.6153853  20.28043459 19.79090626 19.19886702 19.97443546 20.42720409
  20.21719504 20.46241351 19.45566616 20.33004421 20.15905015 20.34889818
  20.60931915 19.88890557 20.41018491 19.62671368 19.68392484 20.01372193
  20.49091241 20.26204714 19.70265953 18.78147577 20.33591643 20.21901753
  20.34274931 20.46668714 20.1199631  20.23891551 19.81194115 21.12370817
  19.86386651 20.04840637 20.25058732 20.10602678 20.17297644 20.12006117
  19.85050821 20.004764   19.81685651 19.78129339 19.63316759 20.0294477
  20.6350072  19.90160395 19.72930219 19.91085611]
[20.84900376 20.47842196 20.44593278 20.85109827 20.20858824 20.30736579
  20.13164567 19.97378155 20.59675443 20.77097871 19.8982565  20.14988553
  20.07743855 20.52052675 20.90924352 19.87626379 19.69265453 19.80451551
  19.86866345 20.57777886 19.75051018 20.70586543 20.00964624 20.31074611
  19.46099666 20.39356247 20.13362632 20.80438806 30.82871474 20.57802303
  20.31603172 19.73493252 20.36907847 20.39059272 20.73853963 20.23488993
  20.0446899  20.40238151 19.71767297 20.61307211 20.59790621 20.24888738
  20.528191   20.00373081 20.44909906 20.19193799 20.47244447 20.93692805
  20.22624582 20.65853331 20.54604367 19.99781425 20.79434866 20.56183967
  19.98876623 20.46698013 20.11907953 19.55785634 20.11113747 20.58407722
  20.48561989 20.86098201 19.77604592 20.65170282 20.47820185 20.81191846
  20.75489162 20.50058314 20.44144868 19.95457546 19.89936333 20.90636352
  20.98783606 20.67705045 20.17936423 19.74828894 20.7213842  20.62491036
  20.43152271 20.70089644 20.20603897 20.34356719 20.502789   20.66912811
  20.28051636 20.40668896 20.48789646 20.65148349 20.69211851 20.23501412
  19.84555869 20.21071689 20.07421435 20.22411541 19.78000209 20.46034074
  20.59781133 20.38709273 20.31731128 20.13948826]
[20.64159933 20.00405769 20.08384404 20.37030818 20.12338074 19.94318669
  20.41875553 19.63608746 20.37193033 19.89582288 19.23408993 20.19399815
  19.78341526 20.12853379 20.52062176 20.14561509 19.43331239 19.44332273
  19.66285413 20.07499126 19.72417517 20.45976349 19.2922699  19.98868331
  19.83861815 20.20417814 19.74582021 20.20405628 20.57802303 29.86857211
  19.66784556 19.70813728 19.79270076 20.29457676 20.45717526 19.8895059
  19.96264644 20.15149683 19.77313573 20.5167499  20.30673022 19.52685455
  20.19837338 19.97441508 19.98156847 19.76516312 20.31597885 20.97241087
  19.828415   20.06977765 20.16592732 19.91712642 20.55757284 20.14726697
  19.76296537 20.31040529 19.50448892 19.31182379 20.18070762 20.20716292
  20.30869481 20.16817558 18.9366824  20.06646217 20.17619285 20.16620313
  20.27892625 19.93138169 20.40825257 19.38902482 19.74398647 19.93740579
  20.31170317 20.0695519  19.82555129 19.3281137  20.0044823  20.30546214
  20.33416735 20.13647457 20.06502391 20.25128166 19.78001957 20.68515755
  20.63072253 19.93566117 19.93933742 20.0959044  20.53149213 19.88569872
  19.85561019 19.70498439 20.32310104 20.14467092 20.01098948 19.64082185
  20.12668048 19.875809   19.82959976 19.54335883]
[20.27011828 19.71979366 19.81378904 20.04010829 19.68816351 20.24923609
  19.61361983 19.62068731 20.01405795 20.28286322 19.1922248  19.48211415
  19.58380615 19.93739177 20.53604437 19.96219232 18.86769121 19.11347778
  19.18202579 19.65722304 19.47583324 20.2354276  19.48502472 19.92987365
  19.41334883 19.83592862 19.70423115 19.53044092 20.31603172 19.66784556
  29.57909336 19.46508499 19.76722565 19.82459702 20.40739905 19.5556262
  19.79307746 20.00424693 19.49548915 20.27030381 19.91906604 19.52627941
  19.98264497 19.49793859 19.80160334 19.78188896 19.95068517 19.88786077
  19.82672532 19.89616213 19.78752614 20.16998484 20.05242344 19.74426013
  19.43225167 20.15951701 19.29829094 19.05004787 19.63194329 20.16723809
  19.97434629 19.78682331 19.33148735 20.35448626 19.99704014 20.33900099
  20.53192965 19.45635208 19.93940317 19.23600954 19.5857501  20.03967408
  19.96552248 19.88072379 19.94502819 19.43597378 20.14667823 20.1244742
  19.9931978  19.95227028 19.97113122 19.49060774 19.95096877 20.14577613
  20.13828469 19.82522872 19.70681626 20.13152647 20.39784482 19.68756026
  19.74029006 19.34335044 19.90262053 19.68822755 19.26681199 19.73541035
  19.88241522 19.76617362 19.67669069 19.08589676]
[19.78011648 19.67161701 19.92861049 20.08760527 20.23413863 19.89629194
  20.04930807 19.69986217 19.58324    19.87699969 19.18053679 19.61820039
  19.35539223 19.74738907 20.5388025  19.43668257 19.06161705 19.12230285
  19.46575387 19.7673804  19.5110163  20.05415334 19.22329573 19.96762148
  18.98554269 20.06062768 20.03508152 20.07704032 19.73493252 19.70813728
  19.46508499 29.44283394 19.46631739 19.50186501 19.95976739 19.34125376
  20.01607328 19.83724516 19.47023879 20.40852194 19.5917548  19.25561644
  20.31427635 19.8021783  19.40102347 19.43542553 20.29359864 20.23057357
