7133
50
10
29.709227031057093

[0.04493407 0.08392823 0.06905113 0.03893935 0.04922564 0.0993764
 0.08903118 0.05464674 0.06969584 0.05415551 0.09817444 0.05962258
 0.05877679 0.08416565 0.0389568  0.0314354  0.02450509 0.05053873
 0.03831431 0.0757335  0.08274035 0.06326879 0.09805934 0.06146014
 0.08335524 0.05673073 0.08808099 0.08559581 0.09648136 0.04456844
 0.02553003 0.08776702 0.08196691 0.07331728 0.07700663 0.05598344
 0.06564059 0.02473228 0.09072444 0.06517756 0.08552816 0.02832358
 0.04594133 0.06244073 0.09844654 0.08253146 0.0201565  0.05258161
 0.0815805  0.07212378]

[[30.50583135 20.23717472 19.85839417 20.3861036  20.03017758 20.3918907
  19.8854124  20.30730262 19.76354293 19.91253446 20.63551058 19.97710619
  19.76876498 19.93088089 20.81908979 20.15238973 19.90365155 20.48471391
  19.9863158  19.97663701 20.42423965 19.65990882 19.82769956 19.93616153
  20.46848595 20.29957565 20.77519813 20.26607739 20.52683248 20.25837615
  19.91464944 20.241757   20.05654169 20.11561733 20.4548696  20.73697166
  20.81968682 20.50856946 19.45997787 20.05179454 20.36054259 20.28653561
  20.57008951 19.84766059 20.35064652 20.28518913 20.3971449  20.29413885
  20.82847488 20.57924617]
[20.23717472 29.43672569 19.72812061 19.90929189 19.71558619 20.21057058
  19.46299037 20.03623704 19.16820442 19.19264929 20.21980514 19.78235992
  20.03251532 19.82788973 20.39496874 19.66762164 19.5954238  20.03995673
  19.76479856 19.78441983 19.88349694 19.48884926 20.00262957 19.14399705
  20.22101314 20.08669498 20.34754406 20.13711083 19.95558884 20.46983938
  19.8910942  19.91336502 19.72854589 19.89982558 20.41357244 20.11246217
  19.73965495 20.16877882 19.55656494 19.78221055 20.44354614 19.8845202
  20.04323475 19.4268033  20.3442146  19.85453856 19.78357826 20.02888145
  20.54633605 20.21639182]
[19.85839417 19.72812061 28.64140515 19.71954503 19.94393385 19.39703349
  19.562948   19.81920305 19.28304825 19.17673659 19.97529035 19.71469566
  19.69086033 19.74650485 20.23059568 19.60179735 19.7268683  19.2693083
  19.51044915 19.46668754 19.73176077 19.12502868 19.68079848 19.12911881
  20.30587338 19.77725784 19.75024738 19.56488152 19.92436258 19.51828434
  19.11771156 19.80233531 19.25546579 19.97800646 19.81395375 19.83622677
  19.846603   19.75275346 18.94191961 19.22711443 19.71825324 19.89512247
  20.10907987 19.11027228 19.80940464 19.06197145 19.71019351 19.66871111
  19.79256041 19.91761806]
[20.3861036  19.90929189 19.71954503 29.66100221 20.11766655 20.3389399
  19.9315254  20.27361883 19.76426645 19.72499963 20.40139582 19.83100715
  19.64775158 20.33550986 20.34218701 19.54680577 19.72441809 20.10790159
  20.02668709 20.17007374 20.35999007 19.74230295 20.13008776 20.02754794
  20.5285266  19.78774747 20.34708066 20.03241541 20.32462698 20.33014766
  19.86923539 20.27666688 19.83087517 20.30561845 20.17216924 20.38467655
  20.25045929 20.07256879 19.68288955 20.13473443 20.64410591 20.29350208
  20.51328919 19.81063095 20.36566197 20.13881304 19.76905996 20.02975401
  20.55391257 20.38287613]
[20.03017758 19.71558619 19.94393385 20.11766655 29.85673142 20.10051834
  19.82174404 20.22547003 19.66700984 19.24008019 20.21974627 19.72461605
  19.7060584  19.96649141 20.51845336 19.46786856 19.47477631 19.88721518
  20.10709353 19.65549892 19.71166923 19.55140537 19.99630093 19.01723291
  19.7052336  20.08158827 19.97247855 20.0096772  20.11714109 19.68501705
  19.21612719 19.86265796 19.78744245 20.04367121 20.36753763 20.11512448
  20.47555932 20.05889495 19.55466612 19.29276728 20.25063128 20.21278408
  20.22140334 19.20290063 20.33431117 19.90273992 19.58240465 20.02475913
  20.348127   20.06357491]
[20.3918907  20.21057058 19.39703349 20.3389399  20.10051834 30.01545155
  20.15976726 20.16938153 19.48304675 19.77631185 20.54703978 19.97926938
  20.33269559 20.57150778 20.40477938 20.04200888 19.2526188  20.10091774
  20.09871279 19.95782463 20.57750512 19.74305627 19.87821865 19.5820418
  20.65568796 20.01092508 20.19145454 20.03406664 19.83506936 20.21429009
  19.4755475  20.37235752 20.1087172  20.71206791 20.60146185 20.46406502
  20.60734921 19.71979139 19.56132226 19.30335364 20.62725521 20.167609
  20.19665721 19.87812538 20.4679924  20.32609503 20.70843212 20.47353895
  20.45886861 20.31520733]
[19.8854124  19.46299037 19.562948   19.9315254  19.82174404 20.15976726
  29.40543813 20.09275103 19.3545565  19.519157   19.86456839 19.52860145
  19.80443823 19.8698173  20.3300561  19.89827434 19.1981106  19.65983917
  20.03384172 19.81652038 19.91461341 19.38970514 20.0097359  19.73843474
  20.05783814 19.63405787 20.20285414 20.06545311 19.72825902 20.11541978
  19.64347964 20.03474007 19.91576289 20.34272325 20.04880093 20.29329446
  19.95768656 19.71609836 19.23760586 19.72140245 20.04702588 19.92340174
  20.20451996 19.26840637 19.7559447  19.94284977 19.8956984  20.18597935
  19.85961188 19.95716799]
[20.30730262 20.03623704 19.81920305 20.27361883 20.22547003 20.16938153
  20.09275103 29.75204448 19.59694784 19.69662332 20.3299334  19.67433059
  20.14053658 20.04344113 20.35014057 20.04600977 19.56312697 19.9621378
  19.74611969 19.90458028 20.25288432 19.6539204  19.94097964 19.71821796
  20.31764296 20.11350617 20.26710963 20.047822   20.36456887 20.2497337
  19.59218085 20.0273388  19.93412381 20.67431886 20.58709264 20.22756432
  20.43122814 19.81478254 19.5800468  19.71818642 20.09484222 19.95050738
  20.64862799 19.85715378 20.41568564 19.8405123  19.89715313 20.3064814
  20.6382086  20.41002412]
[19.76354293 19.16820442 19.28304825 19.76426645 19.66700984 19.48304675
  19.3545565  19.59694784 28.74165075 19.14148106 19.7990805  19.24355575
  19.49604461 19.58845351 19.84664149 19.3616519  19.22987375 19.64579661
  19.43279371 19.44096443 19.07294659 18.83589016 19.27694229 19.14875892
  19.82537414 19.2648859  19.51056773 19.47715636 19.64983342 19.57059131
  19.0495112  19.62721542 19.4993609  20.04396414 19.99691536 19.65938261
  19.69606846 19.65128592 18.59916007 19.52491858 19.69466999 19.15364507
  19.64376137 18.9663254  19.87385347 19.24226769 19.43825917 19.8885676
  20.09357516 19.85830316]
[19.91253446 19.19264929 19.17673659 19.72499963 19.24008019 19.77631185
  19.519157   19.69662332 19.14148106 29.42989486 19.88051794 19.4120134
  19.73925325 19.51968128 20.00852376 19.44717914 18.99678838 19.41569209
  19.64413024 19.61627647 19.72048488 19.17228826 19.22136617 19.78723478
  19.70126474 19.50139957 19.99503627 19.69545302 19.80532887 19.74031395
  19.17390901 19.70922952 19.24161304 20.22488251 20.03639768 19.53623481
  19.99177949 19.71246064 18.98849319 19.55702301 19.84417794 19.86828816
  20.10691624 18.88410774 19.64805777 19.23752195 19.96344138 19.76858486
  20.16076598 20.24066125]
[20.63551058 20.21980514 19.97529035 20.40139582 20.21974627 20.54703978
  19.86456839 20.3299334  19.7990805  19.88051794 30.37824249 20.22619193
  20.14033724 20.29779352 20.50171188 20.51648145 19.82333162 20.00879942
  20.22624249 20.11399571 20.42705982 19.83741958 19.84290237 19.8151868
  20.50544817 20.36030149 20.30602803 20.34432333 20.37490236 20.29031395
  19.9165296  20.10176093 19.9557018  20.64945562 20.67497206 20.44316367
  20.64535247 20.21478512 19.98851583 20.11149665 20.50469475 20.33130477
  20.18444599 19.80017896 20.39703769 20.14815857 20.35792333 20.36316964
  20.43117175 20.24305954]
[19.97710619 19.78235992 19.71469566 19.83100715 19.72461605 19.97926938
  19.52860145 19.67433059 19.24355575 19.4120134  20.22619193 29.22404026
  19.71993471 19.73455794 20.01885929 19.68608808 19.5991171  19.96167231
  19.71413342 19.85902365 19.68576729 19.24622544 19.92266441 19.64942053
  20.22000431 19.88600845 19.95457663 20.43342113 20.22183084 20.06122481
  19.48948396 19.89031504 19.45214957 20.00967222 20.1438699  20.09610859
  20.10715224 19.88220194 19.10180776 19.52477507 20.15015308 19.81141541
  20.34738902 19.13690723 20.47816745 19.57409816 19.73758927 19.95793034
  20.48723188 19.98608862]
[19.76876498 20.03251532 19.69086033 19.64775158 19.7060584  20.33269559
  19.80443823 20.14053658 19.49604461 19.73925325 20.14033724 19.71993471
  29.55014989 19.85322711 20.30191489 19.67485726 19.55749017 19.95512407
  19.8641666  19.73781505 20.03097615 19.6149619  19.74852047 19.29145997
  20.41155278 20.1002498  20.00893733 19.81729051 20.11104497 20.4608536
  19.40373361 20.1623395  19.60628308 20.34404717 20.11663535 20.13756387
  20.07745615 19.63016694 19.36145645 19.56186642 20.0644492  20.06039423
  20.50018793 19.52358085 20.1993649  19.90674814 19.88775141 20.21652445
  20.32441901 20.41103465]
[19.93088089 19.82788973 19.74650485 20.33550986 19.96649141 20.57150778
  19.8698173  20.04344113 19.58845351 19.51968128 20.29779352 19.73455794
  19.85322711 29.52518995 20.39444661 20.04414664 19.5416434  20.2568522
  19.64324254 20.09047927 19.81910253 19.90433548 20.2668064  19.74380371
  20.45596699 20.27663921 20.40642807 20.33836393 20.04600647 20.19852134
  19.65158444 20.22076221 19.91237244 20.25749567 20.4423395  20.22672332
  20.15555869 20.25905801 19.60987341 19.87527747 20.31970332 20.10314082
  20.49364915 19.52559657 20.30535259 20.05725127 20.00564819 20.42408859
  20.28171442 20.09221536]
[20.81908979 20.39496874 20.23059568 20.34218701 20.51845336 20.40477938
  20.3300561  20.35014057 19.84664149 20.00852376 20.50171188 20.01885929
  20.30191489 20.39444661 30.72427155 20.35850199 19.79474863 20.25544232
  20.3388742  20.21229231 20.49937396 20.27934632 20.11314032 19.5882394
  20.31547188 20.3135891  20.76209339 20.31549236 20.354147   20.41350218
  19.52441741 20.12161237 20.13113585 20.72964033 20.64813771 20.43021218
  20.48186517 20.62636735 19.50708987 19.95883126 20.55260696 20.42444411
  20.82154176 19.78896669 20.94733055 20.09985316 20.18018391 20.55111599
  21.0252732  20.66977105]
[20.15238973 19.66762164 19.60179735 19.54680577 19.46786856 20.04200888
  19.89827434 20.04600977 19.3616519  19.44717914 20.51648145 19.68608808
  19.67485726 20.04414664 20.35850199 29.78936319 19.34121035 20.17701118
  19.79576476 19.78358642 19.87437161 19.44902441 19.42759946 19.68012984
  20.25024477 19.90536201 19.80204914 20.00728875 20.09702352 20.03632814
  19.25696129 20.16366202 19.79249877 20.41985059 19.94791262 19.99571531
  19.90244907 19.96189688 19.32174027 19.67140075 19.78894704 19.6588545
  20.15003094 19.61409099 19.72623343 19.69020201 19.94745683 20.00252735
  19.97405435 20.20747372]
[19.90365155 19.5954238  19.7268683  19.72441809 19.47477631 19.2526188
  19.1981106  19.56312697 19.22987375 18.99678838 19.82333162 19.5991171
  19.55749017 19.5416434  19.79474863 19.34121035 28.8936887  19.51922794
  19.0105569  19.1433274  19.85426774 18.95968091 19.09544419 18.9510107
  19.5213865  19.40747281 19.56764378 19.34598327 19.55099998 19.53046459
  19.07370065 19.31820275 19.26932184 19.52313789 19.73797555 19.758542
  19.80068957 19.505844   18.78728222 19.11536983 19.87417536 19.79543104
  19.97675034 19.0785384  19.64544169 19.15959708 19.35093585 19.71835662
  20.09155396 19.67649711]
[20.48471391 20.03995673 19.2693083  20.10790159 19.88721518 20.10091774
  19.65983917 19.9621378  19.64579661 19.41569209 20.00879942 19.96167231
  19.95512407 20.2568522  20.25544232 20.17701118 19.51922794 29.45638608
  19.6619691  19.64234848 20.26054401 19.67372214 19.57364589 19.82340508
  20.06717044 19.88414443 19.85046462 20.10689488 20.13707463 20.53558516
  19.48143989 20.15546859 19.57701095 20.41671329 20.27958038 20.13741892
  19.90971549 19.94814819 19.4839326  19.66114779 20.07328189 20.30741847
  19.87921494 19.5657766  20.00896151 19.59977964 19.84273714 20.56761795
  20.44337935 19.84978293]
[19.9863158  19.76479856 19.51044915 20.02668709 20.10709353 20.09871279
  20.03384172 19.74611969 19.43279371 19.64413024 20.22624249 19.71413342
  19.8641666  19.64324254 20.3388742  19.79576476 19.0105569  19.6619691
  29.40167468 20.18111941 20.07920442 19.46602268 19.71473156 19.6962865
  20.60038209 19.89148659 20.24910459 19.74883714 19.77990831 20.38064635
  19.3517727  20.15911672 19.75939128 19.91826227 20.29312976 20.04687673
  20.26768161 20.21542566 19.42956599 19.89653083 20.01260837 20.05761122
  20.14169147 19.47201847 19.93760816 19.65153309 19.65600901 19.9553538
  20.14667818 20.13132855]
[19.97663701 19.78441983 19.46668754 20.17007374 19.65549892 19.95782463
  19.81652038 19.90458028 19.44096443 19.61627647 20.11399571 19.85902365
  19.73781505 20.09047927 20.21229231 19.78358642 19.1433274  19.64234848
  20.18111941 29.59307937 19.63980569 19.40471512 19.32370893 19.64347393
  20.26439315 19.97989968 20.30295765 19.69026651 20.23874683 19.87508554
  19.22871315 19.75793868 19.75501098 20.00522742 20.64193044 20.2649524
  20.37865591 19.92049446 19.65025723 19.39032195 19.85729088 20.30475788
  20.34142285 19.28511429 20.03490033 19.57951713 20.05123927 20.0590272
  20.21957353 20.01011835]
[20.42423965 19.88349694 19.73176077 20.35999007 19.71166923 20.57750512
  19.91461341 20.25288432 19.07294659 19.72048488 20.42705982 19.68576729
  20.03097615 19.81910253 20.49937396 19.87437161 19.85426774 20.26054401
  20.07920442 19.63980569 30.16016289 19.35928155 20.10852614 19.73181503
  19.9867194  20.21526005 20.04795196 19.52863555 19.97975282 19.92006603
  19.24117662 20.19862356 19.83920923 20.0891805  20.57249163 20.4227981
  20.3249618  20.53693216 19.39525389 19.84554493 20.17570753 20.16938765
  20.65329071 19.91311349 20.61371764 20.11643052 19.62781874 20.05383714
  20.47993225 20.10761747]
[19.65990882 19.48884926 19.12502868 19.74230295 19.55140537 19.74305627
  19.38970514 19.6539204  18.83589016 19.17228826 19.83741958 19.24622544
  19.6149619  19.90433548 20.27934632 19.44902441 18.95968091 19.67372214
  19.46602268 19.40471512 19.35928155 28.53670844 19.09645922 19.21397714
  20.00874872 19.88316805 20.0452641  19.25753167 19.60848612 19.49611908
  19.14568274 19.88021247 19.39441346 19.64438439 19.3562475  19.80416382
  19.97628515 19.68504452 18.99666784 18.84372959 19.75581945 19.69542287
  20.07360364 19.50884071 19.96876945 19.39923622 19.55988121 19.65393498
  20.11285763 19.89837778]
[19.82769956 20.00262957 19.68079848 20.13008776 19.99630093 19.87821865
  20.0097359  19.94097964 19.27694229 19.22136617 19.84290237 19.92266441
  19.74852047 20.2668064  20.11314032 19.42759946 19.09544419 19.57364589
  19.71473156 19.32370893 20.10852614 19.09645922 29.15224459 19.05877284
  20.26440419 19.99631576 19.68311779 20.03385934 20.09754268 19.95983925
  19.15285873 19.94830214 19.52291955 20.05445409 20.30383029 20.27413681
  20.26916033 20.12811485 19.01890842 19.273136   19.81360749 19.54984658
  20.15436549 19.39863037 20.00495252 19.82228791 19.71489011 19.68443102
  20.43155789 20.12314224]
[19.93616153 19.14399705 19.12911881 20.02754794 19.01723291 19.5820418
  19.73843474 19.71821796 19.14875892 19.78723478 19.8151868  19.64942053
  19.29145997 19.74380371 19.5882394  19.68012984 18.9510107  19.82340508
  19.6962865  19.64347393 19.73181503 19.21397714 19.05877284 28.78979196
  20.03137995 19.20889702 19.65067078 19.61330593 19.77950162 19.76542405
  19.27340992 19.72897387 19.46917186 20.03818125 19.99761284 19.97532053
  19.88264693 19.36408669 19.15325195 19.40546761 19.94002081 19.62378733
  19.54083936 19.13586713 19.60031395 19.29493615 19.48679979 19.54800382
  20.00167152 19.85553841]
[20.46848595 20.22101314 20.30587338 20.5285266  19.7052336  20.65568796
  20.05783814 20.31764296 19.82537414 19.70126474 20.50544817 20.22000431
  20.41155278 20.45596699 20.31547188 20.25024477 19.5213865  20.06717044
  20.60038209 20.26439315 19.9867194  20.00874872 20.26440419 20.03137995
  30.60475312 20.11756255 20.72550618 20.07852164 20.23624129 20.72234223
  19.68497057 20.40015007 20.13426124 20.66425431 20.34149417 20.30223484
  20.43874104 20.2153848  20.00328432 20.33403306 20.26763837 20.24482978
  20.52119257 19.80044074 20.67768472 20.0634468  20.04200983 20.15929675
  20.71191452 20.36113449]
[20.29957565 20.08669498 19.77725784 19.78774747 20.08158827 20.01092508
  19.63405787 20.11350617 19.2648859  19.50139957 20.36030149 19.88600845
  20.1002498  20.27663921 20.3135891  19.90536201 19.40747281 19.88414443
  19.89148659 19.97989968 20.21526005 19.88316805 19.99631576 19.20889702
  20.11756255 29.80599467 20.37516481 19.97701429 20.49754412 20.47127905
  19.55773789 19.67869231 19.960022   20.4768129  20.13443479 20.42184805
  20.52703313 20.27078193 19.36784504 19.88572393 20.22565991 19.63015725
  20.42465417 19.66494821 20.2213471  19.93006016 19.94687568 20.50765476
  20.13967907 20.16337602]
[20.77519813 20.34754406 19.75024738 20.34708066 19.97247855 20.19145454
  20.20285414 20.26710963 19.51056773 19.99503627 20.30602803 19.95457663
  20.00893733 20.40642807 20.76209339 19.80204914 19.56764378 19.85046462
  20.24910459 20.30295765 20.04795196 20.0452641  19.68311779 19.65067078
  20.72550618 20.37516481 30.87593811 20.4555038  20.35259946 19.75448066
  19.65507754 20.2634921  20.2206375  20.40745115 20.53419671 20.64290386
  20.74363752 20.18721383 19.38674593 19.9404294  20.20043394 20.34358778
  20.39692    19.52812299 20.32174771 19.97570301 20.30463182 20.79830918
  20.34417287 20.3818554 ]
[20.26607739 20.13711083 19.56488152 20.03241541 20.0096772  20.03406664
  20.06545311 20.047822   19.47715636 19.69545302 20.34432333 20.43342113
  19.81729051 20.33836393 20.31549236 20.00728875 19.34598327 20.10689488
  19.74883714 19.69026651 19.52863555 19.25753167 20.03385934 19.61330593
  20.07852164 19.97701429 20.4555038  29.94211507 19.76047388 20.00813899
  19.58554291 20.03698514 19.66115391 20.36425565 20.51549146 20.1321952
  20.27043414 20.19691686 19.18389794 20.02658054 20.07311763 19.89219014
  20.32964755 19.61460408 19.97962718 19.91664179 20.03557629 20.38492689
  20.65335875 20.50668045]
[20.52683248 19.95558884 19.92436258 20.32462698 20.11714109 19.83506936
  19.72825902 20.36456887 19.64983342 19.80532887 20.37490236 20.22183084
  20.11104497 20.04600647 20.354147   20.09702352 19.55099998 20.13707463
  19.77990831 20.23874683 19.97975282 19.60848612 20.09754268 19.77950162
  20.23624129 20.49754412 20.35259946 19.76047388 30.37483012 19.93148595
  19.55835503 20.06083122 19.93262951 20.4134506  20.39177205 20.31200006
  20.30671635 20.31363057 19.66653776 20.16604892 20.29120215 19.75829492
  20.1657771  19.64338774 20.5307447  19.76175302 20.02183887 20.35438914
  20.728906   20.44951475]
[20.25837615 20.46983938 19.51828434 20.33014766 19.68501705 20.21429009
  20.11541978 20.2497337  19.57059131 19.74031395 20.29031395 20.06122481
  20.4608536  20.19852134 20.41350218 20.03632814 19.53046459 20.53558516
  20.38064635 19.87508554 19.92006603 19.49611908 19.95983925 19.76542405
  20.72234223 20.47127905 19.75448066 20.00813899 19.93148595 30.29478674
  19.60927619 20.21017139 20.4286965  20.44993191 20.79267496 20.287737
  20.62035948 20.04189308 19.63254759 20.00017163 20.43868272 20.44176413
  20.71333463 19.60251127 20.23890604 20.32548045 20.03073462 20.15213013
  20.6930099  19.9998388 ]
[19.91464944 19.8910942  19.11771156 19.86923539 19.21612719 19.4755475
  19.64347964 19.59218085 19.0495112  19.17390901 19.9165296  19.48948396
  19.40373361 19.65158444 19.52441741 19.25696129 19.07370065 19.48143989
  19.3517727  19.22871315 19.24117662 19.14568274 19.15285873 19.27340992
  19.68497057 19.55773789 19.65507754 19.58554291 19.55835503 19.60927619
  28.66223976 19.6886992  19.05257943 19.41195149 19.76745332 20.06677473
  19.59913818 19.38899412 19.29083545 19.32381492 19.75569862 19.53405219
  19.95117728 19.33779378 19.7173759  19.45654509 19.6295903  19.61232269
  20.12045363 19.81206416]
[20.241757   19.91336502 19.80233531 20.27666688 19.86265796 20.37235752
  20.03474007 20.0273388  19.62721542 19.70922952 20.10176093 19.89031504
  20.1623395  20.22076221 20.12161237 20.16366202 19.31820275 20.15546859
  20.15911672 19.75793868 20.19862356 19.88021247 19.94830214 19.72897387
  20.40015007 19.67869231 20.2634921  20.03698514 20.06083122 20.21017139
  19.6886992  30.02683594 19.83291235 20.21059233 20.50035223 20.00366831
  20.42378721 20.04686497 19.69552382 19.89877418 20.08763382 20.19757924
  20.28785678 19.61799748 20.66613849 20.19678863 20.30563885 20.45176704
  20.57659207 20.29842859]
[20.05654169 19.72854589 19.25546579 19.83087517 19.78744245 20.1087172
  19.91576289 19.93412381 19.4993609  19.24161304 19.9557018  19.45214957
  19.60628308 19.91237244 20.13113585 19.79249877 19.26932184 19.57701095
  19.75939128 19.75501098 19.83920923 19.39441346 19.52291955 19.46917186
  20.13426124 19.960022   20.2206375  19.66115391 19.93262951 20.4286965
  19.05257943 19.83291235 29.49784064 20.03168238 20.23311827 19.89992421
  20.21698226 19.717589   19.21846711 19.38201028 19.70070885 19.35149598
  19.92050247 19.435065   20.35569538 19.39496605 19.6933383  20.08411095
  20.15243126 19.89786581]
[20.11561733 19.89982558 19.97800646 20.30561845 20.04367121 20.71206791
  20.34272325 20.67431886 20.04396414 20.22488251 20.64945562 20.00967222
  20.34404717 20.25749567 20.72964033 20.41985059 19.52313789 20.41671329
  19.91826227 20.00522742 20.0891805  19.64438439 20.05445409 20.03818125
  20.66425431 20.4768129  20.40745115 20.36425565 20.4134506  20.44993191
  19.41195149 20.21059233 20.03168238 30.13608029 20.50921083 20.35581035
  20.43858765 20.18521253 19.83174118 20.39317124 20.60738244 20.29004582
  20.12847146 19.68969333 20.11475357 20.36308721 20.13321214 20.61019194
  20.75228031 20.66660307]
[20.4548696  20.41357244 19.81395375 20.17216924 20.36753763 20.60146185
  20.04880093 20.58709264 19.99691536 20.03639768 20.67497206 20.1438699
  20.11663535 20.4423395  20.64813771 19.94791262 19.73797555 20.27958038
  20.29312976 20.64193044 20.57249163 19.3562475  20.30383029 19.99761284
  20.34149417 20.13443479 20.53419671 20.51549146 20.39177205 20.79267496
  19.76745332 20.50035223 20.23311827 20.50921083 30.00121818 20.39017042
  20.55233436 20.11567772 19.76661863 20.14701321 20.32118324 20.56068994
  20.63546109 19.85705967 20.38144872 20.20063917 20.38913252 20.53418074
  20.73948987 20.82551105]
[20.73697166 20.11246217 19.83622677 20.38467655 20.11512448 20.46406502
  20.29329446 20.22756432 19.65938261 19.53623481 20.44316367 20.09610859
  20.13756387 20.22672332 20.43021218 19.99571531 19.758542   20.13741892
  20.04687673 20.2649524  20.4227981  19.80416382 20.27413681 19.97532053
  20.30223484 20.42184805 20.64290386 20.1321952  20.31200006 20.287737
  20.06677473 20.00366831 19.89992421 20.35581035 20.39017042 30.36290122
  20.55545641 20.07962555 19.8294264  20.45242799 20.48839018 19.84841578
  20.42696404 19.75987928 20.3280553  20.12857944 20.35411097 20.26260297
  20.54130954 20.35639627]
[20.81968682 19.73965495 19.846603   20.25045929 20.47555932 20.60734921
  19.95768656 20.43122814 19.69606846 19.99177949 20.64535247 20.10715224
  20.07745615 20.15555869 20.48186517 19.90244907 19.80068957 19.90971549
  20.26768161 20.37865591 20.3249618  19.97628515 20.26916033 19.88264693
  20.43874104 20.52703313 20.74363752 20.27043414 20.30671635 20.62035948
  19.59913818 20.42378721 20.21698226 20.43858765 20.55233436 20.55545641
  30.49587735 20.35486485 20.01453593 20.16040485 20.02931009 20.01547683
  20.71604982 19.71629454 20.50053394 20.15243413 20.10428815 20.70420762
  20.58593236 20.11168583]
[20.50856946 20.16877882 19.75275346 20.07256879 20.05889495 19.71979139
  19.71609836 19.81478254 19.65128592 19.71246064 20.21478512 19.88220194
  19.63016694 20.25905801 20.62636735 19.96189688 19.505844   19.94814819
  20.21542566 19.92049446 20.53693216 19.68504452 20.12811485 19.36408669
  20.2153848  20.27078193 20.18721383 20.19691686 20.31363057 20.04189308
  19.38899412 20.04686497 19.717589   20.18521253 20.11567772 20.07962555
  20.35486485 29.95186855 19.57339079 19.92419911 20.08276284 20.29952382
  19.79232188 19.52595911 20.30478196 19.72263412 20.1742969  20.59486937
  20.33047501 20.32719642]
[19.45997787 19.55656494 18.94191961 19.68288955 19.55466612 19.56132226
  19.23760586 19.5800468  18.59916007 18.98849319 19.98851583 19.10180776
  19.36145645 19.60987341 19.50708987 19.32174027 18.78728222 19.4839326
  19.42956599 19.65025723 19.39525389 18.99666784 19.01890842 19.15325195
  20.00328432 19.36784504 19.38674593 19.18389794 19.66653776 19.63254759
  19.29083545 19.69552382 19.21846711 19.83174118 19.76661863 19.8294264
  20.01453593 19.57339079 28.6760081  19.30376172 19.70885867 19.29790346
  19.75699861 18.9598725  19.92126309 19.47276711 19.59348636 19.6809248
  19.55828303 19.37313747]
[20.05179454 19.78221055 19.22711443 20.13473443 19.29276728 19.30335364
  19.72140245 19.71818642 19.52491858 19.55702301 20.11149665 19.52477507
  19.56186642 19.87527747 19.95883126 19.67140075 19.11536983 19.66114779
  19.89653083 19.39032195 19.84554493 18.84372959 19.273136   19.40546761
  20.33403306 19.88572393 19.9404294  20.02658054 20.16604892 20.00017163
  19.32381492 19.89877418 19.38201028 20.39317124 20.14701321 20.45242799
  20.16040485 19.92419911 19.30376172 29.71071837 19.76172694 19.81612874
  20.13963301 19.25008827 19.97802493 19.76759056 20.01387996 19.89474665
  20.16512396 19.97500501]
[20.36054259 20.44354614 19.71825324 20.64410591 20.25063128 20.62725521
  20.04702588 20.09484222 19.69466999 19.84417794 20.50469475 20.15015308
  20.0644492  20.31970332 20.55260696 19.78894704 19.87417536 20.07328189
  20.01260837 19.85729088 20.17570753 19.75581945 19.81360749 19.94002081
  20.26763837 20.22565991 20.20043394 20.07311763 20.29120215 20.43868272
  19.75569862 20.08763382 19.70070885 20.60738244 20.32118324 20.48839018
  20.02931009 20.08276284 19.70885867 19.76172694 29.71589706 19.98703044
  20.16196443 19.96135786 19.99786885 19.85180365 20.38277728 20.47558126
  20.35444052 20.33791439]
[20.28653561 19.8845202  19.89512247 20.29350208 20.21278408 20.167609
  19.92340174 19.95050738 19.15364507 19.86828816 20.33130477 19.81141541
  20.06039423 20.10314082 20.42444411 19.6588545  19.79543104 20.30741847
  20.05761122 20.30475788 20.16938765 19.69542287 19.54984658 19.62378733
  20.24482978 19.63015725 20.34358778 19.89219014 19.75829492 20.44176413
  19.53405219 20.19757924 19.35149598 20.29004582 20.56068994 19.84841578
  20.01547683 20.29952382 19.29790346 19.81612874 19.98703044 29.74695037
  20.14185934 19.23476265 20.31802742 19.76148872 19.8912736  20.13306714
  20.3130932  20.13074214]
[20.57008951 20.04323475 20.10907987 20.51328919 20.22140334 20.19665721
  20.20451996 20.64862799 19.64376137 20.10691624 20.18444599 20.34738902
  20.50018793 20.49364915 20.82154176 20.15003094 19.97675034 19.87921494
  20.14169147 20.34142285 20.65329071 20.07360364 20.15436549 19.54083936
  20.52119257 20.42465417 20.39692    20.32964755 20.1657771  20.71333463
  19.95117728 20.28785678 19.92050247 20.12847146 20.63546109 20.42696404
  20.71604982 19.79232188 19.75699861 20.13963301 20.16196443 20.14185934
  30.63523673 20.10355097 20.64969768 20.47431228 20.33116648 20.37826371
  20.88668343 20.45620324]
[19.84766059 19.4268033  19.11027228 19.81063095 19.20290063 19.87812538
  19.26840637 19.85715378 18.9663254  18.88410774 19.80017896 19.13690723
  19.52358085 19.52559657 19.78896669 19.61409099 19.0785384  19.5657766
  19.47201847 19.28511429 19.91311349 19.50884071 19.39863037 19.13586713
  19.80044074 19.66494821 19.52812299 19.61460408 19.64338774 19.60251127
  19.33779378 19.61799748 19.435065   19.68969333 19.85705967 19.75987928
  19.71629454 19.52595911 18.9598725  19.25008827 19.96135786 19.23476265
  20.10355097 28.66758752 19.52593116 19.48072493 19.44615078 20.1076915
  20.35298861 19.89192927]
[20.35064652 20.3442146  19.80940464 20.36566197 20.33431117 20.4679924
  19.7559447  20.41568564 19.87385347 19.64805777 20.39703769 20.47816745
  20.1993649  20.30535259 20.94733055 19.72623343 19.64544169 20.00896151
  19.93760816 20.03490033 20.61371764 19.96876945 20.00495252 19.60031395
  20.67768472 20.2213471  20.32174771 19.97962718 20.5307447  20.23890604
  19.7173759  20.66613849 20.35569538 20.11475357 20.38144872 20.3280553
  20.50053394 20.30478196 19.92126309 19.97802493 19.99786885 20.31802742
  20.64969768 19.52593116 30.04605496 20.05390202 19.96272827 20.56825614
  20.77096985 20.87091641]
[20.28518913 19.85453856 19.06197145 20.13881304 19.90273992 20.32609503
  19.94284977 19.8405123  19.24226769 19.23752195 20.14815857 19.57409816
  19.90674814 20.05725127 20.09985316 19.69020201 19.15959708 19.59977964
  19.65153309 19.57951713 20.11643052 19.39923622 19.82228791 19.29493615
  20.0634468  19.93006016 19.97570301 19.91664179 19.76175302 20.32548045
  19.45654509 20.19678863 19.39496605 20.36308721 20.20063917 20.12857944
  20.15243413 19.72263412 19.47276711 19.76759056 19.85180365 19.76148872
  20.47431228 19.48072493 20.05390202 29.12333451 19.88728351 19.98778247
  20.01852992 19.77497208]
[20.3971449  19.78357826 19.71019351 19.76905996 19.58240465 20.70843212
  19.8956984  19.89715313 19.43825917 19.96344138 20.35792333 19.73758927
  19.88775141 20.00564819 20.18018391 19.94745683 19.35093585 19.84273714
  19.65600901 20.05123927 19.62781874 19.55988121 19.71489011 19.48679979
  20.04200983 19.94687568 20.30463182 20.03557629 20.02183887 20.03073462
  19.6295903  20.30563885 19.6933383  20.13321214 20.38913252 20.35411097
  20.10428815 20.1742969  19.59348636 20.01387996 20.38277728 19.8912736
  20.33116648 19.44615078 19.96272827 19.88728351 29.23100221 20.00190287
  20.10852178 20.51136816]
[20.29413885 20.02888145 19.66871111 20.02975401 20.02475913 20.47353895
  20.18597935 20.3064814  19.8885676  19.76858486 20.36316964 19.95793034
  20.21652445 20.42408859 20.55111599 20.00252735 19.71835662 20.56761795
  19.9553538  20.0590272  20.05383714 19.65393498 19.68443102 19.54800382
  20.15929675 20.50765476 20.79830918 20.38492689 20.35438914 20.15213013
  19.61232269 20.45176704 20.08411095 20.61019194 20.53418074 20.26260297
  20.70420762 20.59486937 19.6809248  19.89474665 20.47558126 20.13306714
  20.37826371 20.1076915  20.56825614 19.98778247 20.00190287 30.32925814
  20.20117634 20.5184854 ]
[20.82847488 20.54633605 19.79256041 20.55391257 20.348127   20.45886861
  19.85961188 20.6382086  20.09357516 20.16076598 20.43117175 20.48723188
  20.32441901 20.28171442 21.0252732  19.97405435 20.09155396 20.44337935
  20.14667818 20.21957353 20.47993225 20.11285763 20.43155789 20.00167152
  20.71191452 20.13967907 20.34417287 20.65335875 20.728906   20.6930099
  20.12045363 20.57659207 20.15243126 20.75228031 20.73948987 20.54130954
  20.58593236 20.33047501 19.55828303 20.16512396 20.35444052 20.3130932
  20.88668343 20.35298861 20.77096985 20.01852992 20.10852178 20.20117634
  30.76536517 20.86958772]
[20.57924617 20.21639182 19.91761806 20.38287613 20.06357491 20.31520733
  19.95716799 20.41002412 19.85830316 20.24066125 20.24305954 19.98608862
  20.41103465 20.09221536 20.66977105 20.20747372 19.67649711 19.84978293
  20.13132855 20.01011835 20.10761747 19.89837778 20.12314224 19.85553841
  20.36113449 20.16337602 20.3818554  20.50668045 20.44951475 19.9998388
  19.81206416 20.29842859 19.89786581 20.66660307 20.82551105 20.35639627
  20.11168583 20.32719642 19.37313747 19.97500501 20.33791439 20.13074214
  20.45620324 19.89192927 20.87091641 19.77497208 20.51136816 20.5184854
  20.86958772 29.80447442]
]