5989
50
10
20.606544092970875

[0.02179013 0.02908792 0.04635863 0.08105111 0.05388238 0.07140347
 0.07656567 0.08034462 0.06987578 0.08753711 0.09074582 0.0297588
 0.04570971 0.09749399 0.09036381 0.09810374 0.06788674 0.04811352
 0.08644761 0.07556155 0.06391075 0.05606605 0.09070695 0.04571601
 0.03551744 0.05648908 0.02823991 0.06342044 0.07124944 0.05141653
 0.06885892 0.03135698 0.08226966 0.04018465 0.06261969 0.02842983
 0.04322162 0.07112813 0.04067484 0.06739324 0.08711907 0.03055193
 0.07931316 0.08056459 0.06777618 0.02716218 0.09340357 0.04507437
 0.0730075  0.05449949]

[[29.40059418 19.89917449 19.60828839 20.08759869 20.15051948 19.79325977
  19.85592587 20.05247311 19.38757309 20.06293106 19.8552769  19.82328093
  19.52071367 19.8684028  19.85234783 19.60576345 19.39436022 20.0152566
  19.86101924 19.53944694 20.04851234 19.93222887 20.14863474 20.28641617
  19.97902028 19.59589991 19.90904745 19.73367535 20.25699421 20.45844102
  19.6221363  19.87201439 19.47013183 19.78671463 19.7399696  20.58332025
  20.12921301 20.03491554 20.24870732 19.65019686 19.90797998 20.14253906
  19.79599052 19.22794459 19.717711   20.12850683 19.45826523 19.25080626
  19.49824875 19.55463387]
[19.89917449 30.19354871 19.50404018 19.87552078 20.36031855 19.85339709
  19.77574681 20.12576056 19.51702852 19.88364925 19.56257268 19.63489636
  19.56173502 19.52428773 19.83074605 19.54861666 19.63593201 20.1755301
  19.62845009 19.3552013  20.0642934  19.99243831 19.85740957 20.16929162
  19.78233303 19.93486738 19.8474206  19.33583272 20.00380041 20.22599202
  19.4576007  19.8881034  19.36191839 19.75037557 19.62401213 20.36732473
  19.97665392 20.16819612 20.11637523 19.94394251 19.55408665 20.71792678
  19.97934673 19.47330707 19.99175796 19.88997013 19.56177285 19.35397029
  19.42649267 19.73146333]
[19.60828839 19.50404018 28.89283685 19.69243179 19.68144564 19.58956414
  19.21500459 19.83538279 19.5722201  19.77092294 19.34502346 19.51061047
  19.39710717 19.10543563 19.43933352 19.15047512 19.24163773 19.40505339
  19.3152519  19.06137607 20.14392992 19.1460984  19.64547761 19.97567699
  19.59035245 19.15187343 19.35847659 18.90063648 19.63405219 20.35876314
  19.32733935 19.50504934 18.88885445 19.34727348 19.23866768 20.13817867
  19.33016697 19.20117202 19.80295184 19.47449259 19.40009573 19.62108542
  19.77087683 18.48541476 19.6841494  19.22571371 18.71243139 18.75640638
  19.29036711 18.90163702]
[20.08759869 19.87552078 19.69243179 30.19743565 20.36079722 20.14028186
  20.01584633 20.32410745 19.9101341  20.44327912 19.53188179 19.54666619
  19.72103689 19.85552096 19.8992657  20.05911607 19.45851636 19.74305084
  19.9893454  19.86320549 20.12846502 19.64698608 20.41937252 20.41439441
  20.24328286 20.04839779 19.85482362 19.99588183 20.07589814 20.43398163
  19.62944945 20.45771033 19.33597087 19.98092023 20.51994457 20.71371428
  19.95332501 20.16059369 20.5050796  20.22347864 19.79431565 20.36477222
  20.60613196 19.60951144 20.41530215 19.95683846 19.73450275 19.79692132
  19.71807008 19.94716888]
[20.15051948 20.36031855 19.68144564 20.36079722 29.8157254  20.26609462
  19.67724012 19.97503042 19.6248397  20.45701358 19.7681684  19.32746769
  19.78225065 19.72911282 19.74516902 19.92160476 19.61783225 20.31356164
  20.14337542 19.64122859 20.11070646 20.28075266 20.15254244 20.31132203
  19.9435118  19.63534423 19.62816312 20.1077753  20.25936061 20.39463796
  19.65547901 20.11815568 19.64841685 19.72200687 19.96135267 20.42663038
  20.0955792  20.12180404 20.10830885 19.89497935 19.70900024 20.41432626
  20.21792013 19.42446186 20.22254855 19.91724157 19.78625764 19.03401989
  19.4276587  19.83814441]
[19.79325977 19.85339709 19.58956414 20.14028186 20.26609462 29.47513902
  19.36830448 19.72571412 19.54798655 20.50448444 19.3304712  19.41667839
  19.72690298 19.90330696 19.5920444  19.29337193 19.40629414 19.7667954
  19.91371619 19.52778126 19.59171165 19.70556116 20.08531324 20.15871873
  19.56119748 19.78567164 19.43832443 19.59789038 19.88637333 20.15903445
  19.09424659 20.32954687 19.38507661 19.69265621 19.70867151 20.63959873
  19.68805487 20.27709008 20.32712247 19.34710121 19.44575173 19.96396258
  20.45992346 18.93378926 19.77463628 19.76363025 19.19834717 19.02555072
  19.62730846 19.68833731]
[19.85592587 19.77574681 19.21500459 20.01584633 19.67724012 19.36830448
  28.71208199 19.76251939 19.29476213 19.35620921 19.03782313 19.12807257
  19.37577412 19.20609786 19.23959984 19.0912683  19.01745597 19.56183399
  19.46736146 19.1012683  19.64154092 18.88956244 19.51079115 19.93889057
  19.59784862 19.43372431 19.32208442 19.07503837 19.6194166  19.93965005
  18.85595676 19.78748662 18.97057416 19.33154044 19.35838763 20.20082143
  19.82101104 19.87306334 20.12895077 19.09950638 19.52199716 19.48641772
  20.02330779 19.01377932 19.82090691 19.55952422 19.10696178 18.45848307
  19.3103243  19.12913759]
[20.05247311 20.12576056 19.83538279 20.32410745 19.97503042 19.72571412
  19.76251939 29.43595515 19.61034132 20.0047346  19.69115544 19.45882041
  19.42249118 19.77592612 19.50667504 19.5146405  19.33182361 20.00415461
  19.68279984 19.63106187 20.3038707  19.84288987 19.99416291 20.167495
  19.77569772 19.7434521  19.79627478 19.42710507 20.3789552  20.18880518
  19.53945284 20.1179806  19.56554835 19.57360983 19.97301054 20.71292284
  20.10823618 19.81974269 19.75473314 19.71400388 19.57293888 20.05004016
  20.4042538  19.23111058 19.74585741 19.81290773 19.36041531 19.26722981
  19.48082412 19.72296251]
[19.38757309 19.51702852 19.5722201  19.9101341  19.6248397  19.54798655
  19.29476213 19.61034132 28.86018117 19.60045479 19.03711101 19.18203947
  19.35468651 19.47487088 19.63931663 19.28389559 19.32970461 19.47472806
  19.30040327 19.25923986 19.70164725 19.10132675 19.41724039 19.92254393
  19.46934824 19.30265575 19.06412705 18.96050227 20.03474284 20.0952264
  19.09324015 19.53858668 18.71435083 19.40013668 19.39988988 20.60506821
  19.67584231 20.01519447 19.59066637 19.43335488 19.48360186 19.98713482
  19.92095126 18.74129361 19.81090002 19.60384009 18.87570895 18.81309711
  19.40935942 19.46354174]
[20.06293106 19.88364925 19.77092294 20.44327912 20.45701358 20.50448444
  19.35620921 20.0047346  19.60045479 30.27919743 19.65195874 19.98280922
  19.89894026 19.94755368 19.91077526 19.80731222 19.87786626 19.84110898
  19.88627179 19.41845057 20.23156038 19.91601053 20.64782312 20.47635085
  19.51516784 19.80346068 19.76101787 20.20149199 20.28630139 20.46886319
  19.74596213 20.36564207 19.67046947 20.06200121 20.20366118 20.79574633
  19.80169859 19.7236445  20.15556845 19.91583201 20.10598276 20.16082499
  20.46371345 19.03476018 19.81191579 19.91333667 19.55534429 19.39484145
  19.549982   19.43243427]
[19.8552769  19.56257268 19.34502346 19.53188179 19.7681684  19.3304712
  19.03782313 19.69115544 19.03711101 19.65195874 29.0185916  19.25760275
  19.30682229 19.32916804 19.25595734 19.05823613 19.23162137 19.55179327
  19.31900094 19.06613692 19.59768251 19.48286419 19.55499939 20.10959967
  19.07808663 19.18298745 19.24316485 19.35157959 19.84404483 20.0539881
  18.92148292 19.55910216 18.86858397 19.45519477 19.53922302 20.19024785
  19.51760943 19.68510974 19.77451191 19.76496512 19.21965329 19.78560834
  19.77297622 18.62793365 19.4396239  19.62663359 19.15766569 18.656556
  19.20141076 19.17675842]
[19.82328093 19.63489636 19.51061047 19.54666619 19.32746769 19.41667839
  19.12807257 19.45882041 19.18203947 19.98280922 19.25760275 29.09219557
  19.09225226 19.58294113 19.40654991 19.49745612 19.08319385 19.27930419
  19.49450435 18.78981144 19.75465851 19.44463855 19.55037684 20.10909588
  19.32258585 19.498256   18.97298342 19.24012131 19.8741152  20.23704741
  19.22983113 19.88783924 18.8402677  19.3687151  19.44043778 20.05120262
  19.79430164 19.67243846 19.94993321 19.30748358 19.04810743 19.92738675
  19.70909978 19.13868143 19.62590896 19.2723785  18.70570983 18.57179238
  19.38023974 18.79201186]
[19.52071367 19.56173502 19.39710717 19.72103689 19.78225065 19.72690298
  19.37577412 19.42249118 19.35468651 19.89894026 19.30682229 19.09225226
  29.33904357 19.33363821 19.5660886  19.54017325 18.87152385 19.88294819
  19.24885362 19.40912965 19.19748275 19.5875441  19.71207947 19.66550129
  19.24053338 19.26887807 19.17747663 19.01185573 19.77285735 19.97022999
  18.89250656 19.67967452 18.98379    19.96431678 19.40283286 20.18828044
  19.64114803 19.84536622 19.72208209 19.73527212 19.52635167 19.95450659
  19.74536702 18.66186397 19.76376898 19.67604897 18.99925523 18.70878054
  19.20903073 19.044074  ]
[19.8684028  19.52428773 19.10543563 19.85552096 19.72911282 19.90330696
  19.20609786 19.77592612 19.47487088 19.94755368 19.32916804 19.58294113
  19.33363821 29.64545714 19.36891675 19.74299234 19.9289813  20.09420222
  19.67853336 19.36626571 20.17314488 19.47438922 20.08668125 20.43660051
  19.52034691 19.924115   19.4862795  19.74524487 19.86875332 20.43826217
  19.47614114 20.5004136  19.24520434 20.1840257  19.74786227 20.75724426
  19.6706793  19.64640677 20.31856112 19.33351699 19.66915738 20.18303877
  19.97609688 18.98435408 20.03550718 19.48500264 19.25404807 19.51112262
  19.33231975 19.25776559]
[19.85234783 19.83074605 19.43933352 19.8992657  19.74516902 19.5920444
  19.23959984 19.50667504 19.63931663 19.91077526 19.25595734 19.40654991
  19.5660886  19.36891675 29.2587709  19.18245706 19.16826733 19.49993746
  19.71114604 19.33570544 19.91436146 19.67180918 19.82705936 20.43767189
  19.54074935 19.65250893 19.44968929 19.44411642 19.96181009 20.1529418
  19.471229   20.1552708  18.9912303  19.3137937  19.41391386 19.8325007
  19.7316409  19.81821899 20.02229744 19.40038066 19.38735937 20.16783553
  20.0737639  19.29469103 19.85486575 19.64335963 19.26595381 18.84403217
  19.61850706 19.66110209]
[19.60576345 19.54861666 19.15047512 20.05911607 19.92160476 19.29337193
  19.0912683  19.5146405  19.28389559 19.80731222 19.05823613 19.49745612
  19.54017325 19.74299234 19.18245706 29.0793524  19.29816892 19.96179216
  19.38456767 19.21462592 19.73731458 19.92025207 19.60244868 19.85010563
  19.52097714 19.2784421  19.24154217 19.64517672 20.04753489 20.15242093
  19.10180888 19.8719758  19.03389936 19.48996406 19.45928471 20.56104583
  19.95471214 19.73240508 19.7451534  19.36709062 19.2200424  19.73713095
  19.75659465 19.11376256 19.89656747 19.22672414 19.11834204 19.171854
  19.39997055 19.39916523]
[19.39436022 19.63593201 19.24163773 19.45851636 19.61783225 19.40629414
  19.01745597 19.33182361 19.32970461 19.87786626 19.23162137 19.08319385
  18.87152385 19.9289813  19.16826733 19.29816892 28.85793242 19.50132638
  19.46941685 19.15469145 19.63082531 19.3973095  19.71537759 19.9459049
  19.35653316 19.49756048 19.10225862 19.08848758 19.68395568 19.62648626
  18.99630395 19.77969328 18.85770974 19.3462661  19.57873399 19.98627893
  19.73965247 19.85849494 19.82938643 19.45834247 19.50352491 19.86577946
  19.93544949 18.79471112 19.97434072 19.74310656 19.04340241 18.82395563
  19.38057351 19.16306557]
[20.0152566  20.1755301  19.40505339 19.74305084 20.31356164 19.7667954
  19.56183399 20.00415461 19.47472806 19.84110898 19.55179327 19.27930419
  19.88294819 20.09420222 19.49993746 19.96179216 19.50132638 30.06195907
  19.78307815 19.24127945 19.83395004 19.52000226 19.9490889  20.6709187
  19.90354076 19.57016788 19.8794685  19.81280221 20.03558266 20.47573593
  19.69392204 20.21869325 19.67476929 19.69974332 19.87057644 20.46815456
  19.89609821 20.48335284 20.60515383 19.99523808 19.90519788 20.23195224
  20.77329782 19.65914448 19.91861116 20.05820875 19.06489722 19.70609013
  19.73434038 19.70013085]
[19.86101924 19.62845009 19.3152519  19.9893454  20.14337542 19.91371619
  19.46736146 19.68279984 19.30040327 19.88627179 19.31900094 19.49450435
  19.24885362 19.67853336 19.71114604 19.38456767 19.46941685 19.78307815
  29.354794   19.5237633  19.62305831 19.34352535 20.03926861 19.99767672
  19.50132035 19.9022205  19.69346311 19.33007287 20.01003337 20.21641351
  19.27659625 20.19026564 19.56131109 19.56663    20.18803056 20.47090556
  19.7781394  19.95577664 20.18009613 19.51928596 19.29551655 20.04624675
  20.70683056 19.12707317 19.54423372 19.8923905  19.18296897 18.6546593
  19.33748118 19.59357886]
[19.53944694 19.3552013  19.06137607 19.86320549 19.64122859 19.52778126
  19.1012683  19.63106187 19.25923986 19.41845057 19.06613692 18.78981144
  19.40912965 19.36626571 19.33570544 19.21462592 19.15469145 19.24127945
  19.5237633  28.68707984 19.39869232 19.09998294 19.65076181 19.77427594
  19.754982   18.81624682 19.40335538 19.46529557 19.52190503 20.00351528
  18.78576445 19.53052746 19.00634058 19.16032373 19.41522547 20.12414706
  19.67123869 19.73629741 19.84445119 19.59070978 18.79302373 19.83597738
  19.7892775  19.06378104 19.40727326 19.55976144 18.88367539 18.76012909
  19.1284387  19.19704284]
[20.04851234 20.0642934  20.14392992 20.12846502 20.11070646 19.59171165
  19.64154092 20.3038707  19.70164725 20.23156038 19.59768251 19.75465851
  19.19748275 20.17314488 19.91436146 19.73731458 19.63082531 19.83395004
  19.62305831 19.39869232 30.02023294 20.05769535 19.85996449 20.45983327
  19.95863232 19.98497211 19.71938149 19.62104627 20.04169984 20.31814259
  19.54900141 20.03424256 19.69943855 19.8922985  20.32460003 20.47207527
  20.01881731 20.11844094 19.9703625  20.10754377 19.77438371 20.3555457
  20.29320993 19.52373467 19.83907945 19.85713754 19.49855755 19.445883
  19.91066818 20.062668  ]
[19.93222887 19.99243831 19.1460984  19.64698608 20.28075266 19.70556116
  18.88956244 19.84288987 19.10132675 19.91601053 19.48286419 19.44463855
  19.5875441  19.47438922 19.67180918 19.92025207 19.3973095  19.52000226
  19.34352535 19.09998294 20.05769535 29.6669778  19.55162859 20.47790721
  19.29867741 19.69318235 19.28556512 19.34384318 19.89745839 20.32496905
  19.3481022  19.90497179 19.41615506 19.68951745 19.93495452 20.29766575
  19.93667889 19.85126246 20.1112385  19.93908367 19.27085    20.10576191
  20.18274759 19.04613939 19.58263214 19.63847104 19.13142131 18.84687021
  19.49584622 19.22217246]
[20.14863474 19.85740957 19.64547761 20.41937252 20.15254244 20.08531324
  19.51079115 19.99416291 19.41724039 20.64782312 19.55499939 19.55037684
  19.71207947 20.08668125 19.82705936 19.60244868 19.71537759 19.9490889
  20.03926861 19.65076181 19.85996449 19.55162859 29.29956086 20.32009986
  19.74773273 19.85917969 19.26734158 19.78081638 19.9323855  20.18058999
  19.00481824 20.11969058 19.65211546 19.73683566 19.99894049 20.05000468
  19.97260898 20.05679979 20.33341992 19.94592607 19.56351615 20.40826944
  20.45434311 18.97556048 19.45868701 19.93002631 19.20352608 19.09770137
  19.30373205 19.31372993]
[20.28641617 20.16929162 19.97567699 20.41439441 20.31132203 20.15871873
  19.93889057 20.167495   19.92254393 20.47635085 20.10959967 20.10909588
  19.66550129 20.43660051 20.43767189 19.85010563 19.9459049  20.6709187
  19.99767672 19.77427594 20.45983327 20.47790721 20.32009986 30.54621102
  20.09595155 20.30331174 19.98342442 20.14748331 20.21249609 20.63885416
  19.94613873 20.55130456 19.66716195 20.09844867 20.26603797 20.83175298
  20.50375391 20.63078773 20.4748568  20.29181015 20.80493601 20.78910585
  20.86450458 20.07247321 20.21103749 20.39688356 20.00333847 19.85519758
  19.94520688 20.10734093]
[19.97902028 19.78233303 19.59035245 20.24328286 19.9435118  19.56119748
  19.59784862 19.77569772 19.46934824 19.51516784 19.07808663 19.32258585
  19.24053338 19.52034691 19.54074935 19.52097714 19.35653316 19.90354076
  19.50132035 19.754982   19.95863232 19.29867741 19.74773273 20.09595155
  29.08307315 19.54063239 19.54746454 19.5951755  19.83933509 19.96430201
  19.33404858 19.69429207 19.34622046 19.46069449 20.01922716 20.56688555
  19.51430505 19.91783848 20.03306225 19.71570525 19.80749286 20.05920567
  20.06936425 18.68204712 19.86243265 19.32854177 19.09533065 18.83788614
  19.29286936 19.41648285]
[19.59589991 19.93486738 19.15187343 20.04839779 19.63534423 19.78567164
  19.43372431 19.7434521  19.30265575 19.80346068 19.18298745 19.498256
  19.26887807 19.924115   19.65250893 19.2784421  19.49756048 19.57016788
  19.9022205  18.81624682 19.98497211 19.69318235 19.85917969 20.30331174
  19.54063239 29.48316124 19.41067    19.1931531  19.8278719  20.28523984
  19.05938936 20.03174583 19.2101385  19.67638554 19.96373192 20.27988617
  19.67549839 19.48087758 19.9069129  19.52936771 19.35630065 20.17381578
  20.25845315 19.33347714 19.7645385  19.89661356 19.41163809 18.71707248
  19.35701007 19.35759234]
[19.90904745 19.8474206  19.35847659 19.85482362 19.62816312 19.43832443
  19.32208442 19.79627478 19.06412705 19.76101787 19.24316485 18.97298342
  19.17747663 19.4862795  19.44968929 19.24154217 19.10225862 19.8794685
  19.69346311 19.40335538 19.71938149 19.28556512 19.26734158 19.98342442
  19.54746454 19.41067    28.94943266 19.16813664 19.94470483 20.12169185
  19.16475236 19.48365634 19.11553188 19.2635936  19.45097928 20.2146625
  19.38927855 19.48565479 19.76043976 19.37794103 19.43764069 19.49897791
  19.83392165 19.1140338  19.49939341 19.63391828 19.1904204  18.71259125
  19.51411846 19.16879276]
[19.73367535 19.33583272 18.90063648 19.99588183 20.1077753  19.59789038
  19.07503837 19.42710507 18.96050227 20.20149199 19.35157959 19.24012131
  19.01185573 19.74524487 19.44411642 19.64517672 19.08848758 19.81280221
  19.33007287 19.46529557 19.62104627 19.34384318 19.78081638 20.14748331
  19.5951755  19.1931531  19.16813664 28.76891995 20.14561646 19.88647038
  18.86552409 19.45486236 18.67982255 19.55923052 19.86895123 20.18796613
  19.03184454 19.88389912 19.82642434 19.49813685 19.16028033 19.71293909
  19.87553121 19.31450224 19.56256109 19.60772998 19.04413297 18.71660393
  19.02399817 19.2153923 ]
[20.25699421 20.00380041 19.63405219 20.07589814 20.25936061 19.88637333
  19.6194166  20.3789552  20.03474284 20.28630139 19.84404483 19.8741152
  19.77285735 19.86875332 19.96181009 20.04753489 19.68395568 20.03558266
  20.01003337 19.52190503 20.04169984 19.89745839 19.9323855  20.21249609
  19.83933509 19.8278719  19.94470483 20.14561646 30.40184168 20.45158571
  19.87877343 20.03328697 19.49265588 19.95141871 20.01074072 20.92636491
  19.89427438 19.9118032  20.44924657 20.50877336 20.123079   20.62407717
  20.28305352 19.23820693 20.239412   19.95444368 19.19898357 19.51914895
  19.70535915 19.61745877]
[20.45844102 20.22599202 20.35876314 20.43398163 20.39463796 20.15903445
  19.93965005 20.18880518 20.0952264  20.46886319 20.0539881  20.23704741
  19.97022999 20.43826217 20.1529418  20.15242093 19.62648626 20.47573593
  20.21641351 20.00351528 20.31814259 20.32496905 20.18058999 20.63885416
  19.96430201 20.28523984 20.12169185 19.88647038 20.45158571 30.35498817
  19.75729739 20.5564141  19.87451133 20.07351073 20.65795881 21.16793747
  20.2748694  20.72183486 20.36110087 19.99388071 19.86626653 20.61844903
  20.65831057 19.86479703 20.59533404 20.41334172 19.90867239 19.80920798
  19.83635602 19.75527721]
[19.6221363  19.4576007  19.32733935 19.62944945 19.65547901 19.09424659
  18.85595676 19.53945284 19.09324015 19.74596213 18.92148292 19.22983113
  18.89250656 19.47614114 19.471229   19.10180888 18.99630395 19.69392204
  19.27659625 18.78576445 19.54900141 19.3481022  19.00481824 19.94613873
  19.33404858 19.05938936 19.16475236 18.86552409 19.87877343 19.75729739
  28.64923402 19.75196487 19.21301688 19.41437686 19.173815   19.66368825
  19.61577985 19.47438456 19.43270041 19.74628572 19.72029568 19.85621506
  19.79319044 19.18796555 19.01546186 19.4448816  18.57471341 18.7951572
  19.19282815 18.86725495]
[19.87201439 19.8881034  19.50504934 20.45771033 20.11815568 20.32954687
  19.78748662 20.1179806  19.53858668 20.36564207 19.55910216 19.88783924
  19.67967452 20.5004136  20.1552708  19.8719758  19.77969328 20.21869325
  20.19026564 19.53052746 20.03424256 19.90497179 20.11969058 20.55130456
  19.69429207 20.03174583 19.48365634 19.45486236 20.03328697 20.5564141
  19.75196487 30.06652217 19.42957302 19.57625992 20.19844634 20.59138794
  19.98447321 19.86131657 20.4885131  19.70197784 20.22845663 20.19820772
  20.28173425 19.33292704 20.45032413 19.92863349 19.26831308 19.15892162
  19.92722658 19.74694913]
[19.47013183 19.36191839 18.88885445 19.33597087 19.64841685 19.38507661
  18.97057416 19.56554835 18.71435083 19.67046947 18.86858397 18.8402677
  18.98379    19.24520434 18.9912303  19.03389936 18.85770974 19.67476929
  19.56131109 19.00634058 19.69943855 19.41615506 19.65211546 19.66716195
  19.34622046 19.2101385  19.11553188 18.67982255 19.49265588 19.87451133
  19.21301688 19.42957302 28.26024832 19.37781651 19.40291944 19.67809644
  19.81039372 19.23251474 19.34041718 19.18759594 19.00985203 19.7834607
  19.7795997  18.88451063 19.11530828 19.18418753 18.53916543 18.60383215
  19.10329891 18.77749948]
[19.78671463 19.75037557 19.34727348 19.98092023 19.72200687 19.69265621
  19.33154044 19.57360983 19.40013668 20.06200121 19.45519477 19.3687151
  19.96431678 20.1840257  19.3137937  19.48996406 19.3462661  19.69974332
  19.56663    19.16032373 19.8922985  19.68951745 19.73683566 20.09844867
  19.46069449 19.67638554 19.2635936  19.55923052 19.95141871 20.07351073
  19.41437686 19.57625992 19.37781651 30.04379124 19.69721533 20.23128468
  19.66949979 20.0226265  19.67068875 19.55013044 19.49336351 19.79067383
  20.10185112 19.10245183 20.0803558  19.91084026 19.21660962 18.8247885
  19.36773611 18.93195814]
[19.7399696  19.62401213 19.23866768 20.51994457 19.96135267 19.70867151
  19.35838763 19.97301054 19.39988988 20.20366118 19.53922302 19.44043778
  19.40283286 19.74786227 19.41391386 19.45928471 19.57873399 19.87057644
  20.18803056 19.41522547 20.32460003 19.93495452 19.99894049 20.26603797
  20.01922716 19.96373192 19.45097928 19.86895123 20.01074072 20.65795881
  19.173815   20.19844634 19.40291944 19.69721533 29.76607022 20.18481932
  19.82496805 19.9288439  20.02567855 19.69647735 19.50527963 19.81919368
  20.34618611 19.47937159 19.92439145 20.19288169 19.12291593 18.98878026
  19.8349587  19.438877  ]
[20.58332025 20.36732473 20.13817867 20.71371428 20.42663038 20.63959873
  20.20082143 20.71292284 20.60506821 20.79574633 20.19024785 20.05120262
  20.18828044 20.75724426 19.8325007  20.56104583 19.98627893 20.46815456
  20.47090556 20.12414706 20.47207527 20.29766575 20.05000468 20.83175298
  20.56688555 20.27988617 20.2146625  20.18796613 20.92636491 21.16793747
  19.66368825 20.59138794 19.67809644 20.23128468 20.18481932 31.27883631
  20.33821617 20.77786135 20.60388005 20.3132484  20.43901197 20.75956729
  20.83050677 19.42242959 20.4395542  20.1412362  19.8570275  19.70118012
  20.12773599 20.11597846]
[20.12921301 19.97665392 19.33016697 19.95332501 20.0955792  19.68805487
  19.82101104 20.10823618 19.67584231 19.80169859 19.51760943 19.79430164
  19.64114803 19.6706793  19.7316409  19.95471214 19.73965247 19.89609821
  19.7781394  19.67123869 20.01881731 19.93667889 19.97260898 20.50375391
  19.51430505 19.67549839 19.38927855 19.03184454 19.89427438 20.2748694
  19.61577985 19.98447321 19.81039372 19.66949979 19.82496805 20.33821617
  29.69142122 20.13797248 20.21663384 19.99132644 19.43420772 19.96188982
  20.50432139 19.77613556 20.05727253 19.69367526 19.17005174 19.26399195
  19.53898111 19.47517386]
[20.03491554 20.16819612 19.20117202 20.16059369 20.12180404 20.27709008
  19.87306334 19.81974269 20.01519447 19.7236445  19.68510974 19.67243846
  19.84536622 19.64640677 19.81821899 19.73240508 19.85849494 20.48335284
  19.95577664 19.73629741 20.11844094 19.85126246 20.05679979 20.63078773
  19.91783848 19.48087758 19.48565479 19.88389912 19.9118032  20.72183486
  19.47438456 19.86131657 19.23251474 20.0226265  19.9288439  20.77786135
  20.13797248 29.6114106  19.99442878 19.76437373 19.29610075 20.39714463
  20.68316991 19.26410588 19.79166898 20.31312044 19.3147469  19.1093514
  19.79349348 19.80752186]
[20.24870732 20.11637523 19.80295184 20.5050796  20.10830885 20.32712247
  20.12895077 19.75473314 19.59066637 20.15556845 19.77451191 19.94993321
  19.72208209 20.31856112 20.02229744 19.7451534  19.82938643 20.60515383
  20.18009613 19.84445119 19.9703625  20.1112385  20.33341992 20.4748568
  20.03306225 19.9069129  19.76043976 19.82642434 20.44924657 20.36110087
  19.43270041 20.4885131  19.34041718 19.67068875 20.02567855 20.60388005
  20.21663384 19.99442878 30.41468891 19.91998324 19.74842637 20.68455961
  20.40763749 19.23925984 19.93770816 20.39961194 19.421562   19.31746329
  19.56117723 19.70572959]
[19.65019686 19.94394251 19.47449259 20.22347864 19.89497935 19.34710121
  19.09950638 19.71400388 19.43335488 19.91583201 19.76496512 19.30748358
  19.73527212 19.33351699 19.40038066 19.36709062 19.45834247 19.99523808
  19.51928596 19.59070978 20.10754377 19.93908367 19.94592607 20.29181015
  19.71570525 19.52936771 19.37794103 19.49813685 20.50877336 19.99388071
  19.74628572 19.70197784 19.18759594 19.55013044 19.69647735 20.3132484
  19.99132644 19.76437373 19.91998324 29.25469228 19.58193372 20.42542641
  20.0570921  18.98716697 19.51991287 19.37121848 18.97605789 19.21499653
  19.47599674 19.26750015]
[19.90797998 19.55408665 19.40009573 19.79431565 19.70900024 19.44575173
  19.52199716 19.57293888 19.48360186 20.10598276 19.21965329 19.04810743
  19.52635167 19.66915738 19.38735937 19.2200424  19.50352491 19.90519788
  19.29551655 18.79302373 19.77438371 19.27085    19.56351615 20.80493601
  19.80749286 19.35630065 19.43764069 19.16028033 20.123079   19.86626653
  19.72029568 20.22845663 19.00985203 19.49336351 19.50527963 20.43901197
  19.43420772 19.29610075 19.74842637 19.58193372 29.12089338 20.26032608
  19.85875523 18.67140352 20.06704671 19.94650217 19.05763571 19.24513979
  19.22577843 19.46337636]
[20.14253906 20.71792678 19.62108542 20.36477222 20.41432626 19.96396258
  19.48641772 20.05004016 19.98713482 20.16082499 19.78560834 19.92738675
  19.95450659 20.18303877 20.16783553 19.73713095 19.86577946 20.23195224
  20.04624675 19.83597738 20.3555457  20.10576191 20.40826944 20.78910585
  20.05920567 20.17381578 19.49897791 19.71293909 20.62407717 20.61844903
  19.85621506 20.19820772 19.7834607  19.79067383 19.81919368 20.75956729
  19.96188982 20.39714463 20.68455961 20.42542641 20.26032608 29.7846552
  20.53598256 19.64339167 20.49631921 19.89817259 19.8122594  19.23772449
  20.06645735 19.57548977]
[19.79599052 19.97934673 19.77087683 20.60613196 20.21792013 20.45992346
  20.02330779 20.4042538  19.92095126 20.46371345 19.77297622 19.70909978
  19.74536702 19.97609688 20.0737639  19.75659465 19.93544949 20.77329782
  20.70683056 19.7892775  20.29320993 20.18274759 20.45434311 20.86450458
  20.06936425 20.25845315 19.83392165 19.87553121 20.28305352 20.65831057
  19.79319044 20.28173425 19.7795997  20.10185112 20.34618611 20.83050677
  20.50432139 20.68316991 20.40763749 20.0570921  19.85875523 20.53598256
  29.73452476 19.40883646 20.16466339 20.45690326 19.38913782 19.47704247
  19.79379686 20.00241191]
[19.22794459 19.47330707 18.48541476 19.60951144 19.42446186 18.93378926
  19.01377932 19.23111058 18.74129361 19.03476018 18.62793365 19.13868143
  18.66186397 18.98435408 19.29469103 19.11376256 18.79471112 19.65914448
  19.12707317 19.06378104 19.52373467 19.04613939 18.97556048 20.07247321
  18.68204712 19.33347714 19.1140338  19.31450224 19.23820693 19.86479703
  19.18796555 19.33292704 18.88451063 19.10245183 19.47937159 19.42242959
  19.77613556 19.26410588 19.23925984 18.98716697 18.67140352 19.64339167
  19.40883646 28.50905342 18.84917565 19.45402501 18.850216   18.74315841
  19.08109886 19.0408376 ]
[19.717711   19.99175796 19.6841494  20.41530215 20.22254855 19.77463628
  19.82090691 19.74585741 19.81090002 19.81191579 19.4396239  19.62590896
  19.76376898 20.03550718 19.85486575 19.89656747 19.97434072 19.91861116
  19.54423372 19.40727326 19.83907945 19.58263214 19.45868701 20.21103749
  19.86243265 19.7645385  19.49939341 19.56256109 20.239412   20.59533404
  19.01546186 20.45032413 19.11530828 20.0803558  19.92439145 20.4395542
  20.05727253 19.79166898 19.93770816 19.51991287 20.06704671 20.49631921
  20.16466339 18.84917565 29.87023754 20.35704525 19.54195748 19.14769505
  19.770745   19.6145536 ]
[20.12850683 19.88997013 19.22571371 19.95683846 19.91724157 19.76363025
  19.55952422 19.81290773 19.60384009 19.91333667 19.62663359 19.2723785
  19.67604897 19.48500264 19.64335963 19.22672414 19.74310656 20.05820875
  19.8923905  19.55976144 19.85713754 19.63847104 19.93002631 20.39688356
  19.32854177 19.89661356 19.63391828 19.60772998 19.95444368 20.41334172
  19.4448816  19.92863349 19.18418753 19.91084026 20.19288169 20.1412362
  19.69367526 20.31312044 20.39961194 19.37121848 19.94650217 19.89817259
  20.45690326 19.45402501 20.35704525 29.78496944 19.32713677 18.8087153
  19.61213318 19.49424406]
[19.45826523 19.56177285 18.71243139 19.73450275 19.78625764 19.19834717
  19.10696178 19.36041531 18.87570895 19.55534429 19.15766569 18.70570983
  18.99925523 19.25404807 19.26595381 19.11834204 19.04340241 19.06489722
  19.18296897 18.88367539 19.49855755 19.13142131 19.20352608 20.00333847
  19.09533065 19.41163809 19.1904204  19.04413297 19.19898357 19.90867239
  18.57471341 19.26831308 18.53916543 19.21660962 19.12291593 19.8570275
  19.17005174 19.3147469  19.421562   18.97605789 19.05763571 19.8122594
  19.38913782 18.850216   19.54195748 19.32713677 28.51258951 18.73431386
  18.83018317 19.31468588]
[19.25080626 19.35397029 18.75640638 19.79692132 19.03401989 19.02555072
  18.45848307 19.26722981 18.81309711 19.39484145 18.656556   18.57179238
  18.70878054 19.51112262 18.84403217 19.171854   18.82395563 19.70609013
  18.6546593  18.76012909 19.445883   18.84687021 19.09770137 19.85519758
  18.83788614 18.71707248 18.71259125 18.71660393 19.51914895 19.80920798
  18.7951572  19.15892162 18.60383215 18.8247885  18.98878026 19.70118012
  19.26399195 19.1093514  19.31746329 19.21499653 19.24513979 19.23772449
  19.47704247 18.74315841 19.14769505 18.8087153  18.73431386 28.06681611
  18.55337897 18.87215796]
[19.49824875 19.42649267 19.29036711 19.71807008 19.4276587  19.62730846
  19.3103243  19.48082412 19.40935942 19.549982   19.20141076 19.38023974
  19.20903073 19.33231975 19.61850706 19.39997055 19.38057351 19.73434038
  19.33748118 19.1284387  19.91066818 19.49584622 19.30373205 19.94520688
  19.29286936 19.35701007 19.51411846 19.02399817 19.70535915 19.83635602
  19.19282815 19.92722658 19.10329891 19.36773611 19.8349587  20.12773599
  19.53898111 19.79349348 19.56117723 19.47599674 19.22577843 20.06645735
  19.79379686 19.08109886 19.770745   19.61213318 18.83018317 18.55337897
  29.19721968 18.91302757]
[19.55463387 19.73146333 18.90163702 19.94716888 19.83814441 19.68833731
  19.12913759 19.72296251 19.46354174 19.43243427 19.17675842 18.79201186
  19.044074   19.25776559 19.66110209 19.39916523 19.16306557 19.70013085
  19.59357886 19.19704284 20.062668   19.22217246 19.31372993 20.10734093
  19.41648285 19.35759234 19.16879276 19.2153923  19.61745877 19.75527721
  18.86725495 19.74694913 18.77749948 18.93195814 19.438877   20.11597846
  19.47517386 19.80752186 19.70572959 19.26750015 19.46337636 19.57548977
  20.00241191 19.0408376  19.6145536  19.49424406 19.31468588 18.87215796
  18.91302757 28.8924577 ]
]