3800
100
10
23.17975708935646

[0.03084581 0.02847059 0.03402784 0.06070378 0.03282448 0.03874927
 0.07153604 0.03459044 0.02013158 0.03184073 0.07707589 0.09338487
 0.02710564 0.04655725 0.06075483 0.02422143 0.02926569 0.08639453
 0.04487582 0.05680351 0.05205727 0.06974001 0.08813535 0.02149415
 0.0760776  0.08925089 0.04207448 0.05979724 0.06111344 0.04207884
 0.0280728  0.09466139 0.0715518  0.04532265 0.04777738 0.09919201
 0.06268283 0.07678156 0.06780231 0.03682244 0.05176937 0.06141739
 0.07533531 0.06141279 0.06210257 0.02682983 0.06987465 0.08134945
 0.09629325 0.07806108 0.07346152 0.09273665 0.07635679 0.06923857
 0.08712187 0.08967628 0.08284417 0.04935091 0.06066147 0.04562943
 0.09906098 0.04121959 0.04413266 0.05824069 0.03158131 0.09900169
 0.08902481 0.05076367 0.03204791 0.04921657 0.0321551  0.09219042
 0.09932272 0.04047169 0.05507049 0.05371746 0.02135483 0.06394282
 0.03592257 0.0858539  0.02452866 0.06329132 0.09817606 0.06163097
 0.06616955 0.08563613 0.0255912  0.06697758 0.09341696 0.0941075
 0.05992922 0.04326688 0.0299712  0.05300306 0.04586063 0.03974027
 0.04293737 0.04008523 0.08878725 0.02150446]

[[30.50662774 19.88635398 20.54924158 19.83311134 20.7032042  20.45565898
  19.85403838 20.44131164 19.76391568 20.49226018 20.33074448 20.29380634
  20.24899891 20.21852444 20.369085   20.43801506 19.57094627 20.53122809
  20.46869128 19.85415998 20.1979876  19.91524639 20.31709881 19.87832128
  20.28061105 20.40884185 19.8536467  20.16974573 19.71629051 20.44758485
  20.14570687 20.05471611 20.75986213 20.65906155 20.50360841 20.60240513
  20.64186429 20.13844024 20.58615305 20.65529037 20.15708158 20.11360792
  19.71759308 19.85639221 20.52520662 20.47433199 20.32112112 20.30985475
  20.75534906 21.04978675 20.81936176 20.09284297 20.08635903 20.33561134
  20.0067389  20.73452296 20.33415788 20.76768501 20.30160812 20.39805254
  20.06890793 20.36304381 20.49909368 19.59442073 20.47606745 19.86393557
  20.07658806 19.378403   19.66815841 20.91679854 20.03744052 20.24264115
  20.16164938 20.19664035 19.63868782 20.11547962 20.06739002 20.13132679
  20.03879199 20.40802311 20.31764483 20.53749155 20.51675693 19.91333991
  20.6260499  19.84404125 20.2636446  19.91478277 20.0513466  20.78603758
  20.11614967 20.32263993 19.34376265 19.72639862 20.10574033 19.82827613
  20.22109897 20.03501316 19.95076902 19.81910253]
[19.88635398 28.87129176 19.72593322 19.365941   19.62520942 19.47045374
  19.3507933  18.82525275 19.12933739 19.69621623 19.11484108 19.49981992
  19.14353651 19.30909389 19.38692919 19.57392781 18.92127274 19.24198826
  19.41589341 18.39273287 18.9680125  19.58971435 19.41302291 19.11481513
  19.01566615 19.38091039 19.26888318 19.36917511 18.87789149 19.34456382
  18.99668172 19.05770154 19.44491376 19.7638061  19.21375411 19.00671065
  19.72673523 18.91197613 19.42150269 19.83432724 19.34960166 18.89233093
  19.14152341 19.34871933 19.75490387 19.39362478 18.99313669 19.49466613
  20.03172521 20.10409227 19.73807674 19.15566502 18.90337759 18.96576116
  19.2831965  19.66093243 19.45587322 19.68874648 19.65659951 19.44194161
  19.23669692 19.27675048 19.5484331  18.89533485 19.22957801 19.05005474
  19.13586257 18.94823435 18.92853582 19.46950955 19.09724141 18.99540065
  19.26065175 19.50453001 18.94196286 19.63762557 18.83872577 19.13849529
  19.28995937 19.53426916 19.30561527 19.50728441 19.36022124 18.84623299
  19.89950883 19.1655839  19.31290303 19.2367724  18.80283743 19.7128334
  19.34330188 19.28950874 18.85945339 19.22715807 19.25524493 19.34092837
  19.03405059 19.08148299 19.36646871 18.9355005 ]
[20.54924158 19.72593322 30.0277473  19.89918192 20.18304    20.48634439
  20.17600473 19.76478383 19.77197096 19.93815352 19.88271694 19.98437262
  19.95408231 20.29030347 20.09107144 20.40101544 19.4801076  19.94118396
  20.33263081 19.66885429 20.27203656 20.49582051 20.13286049 19.83129189
  20.39180251 20.38959857 20.05734025 20.0840027  19.64002907 20.36042027
  20.03351913 19.87515019 20.7777829  20.42772283 20.19844399 20.51539646
  20.11539201 19.98985825 20.64996259 20.0935651  20.00065262 19.79025275
  20.11109331 19.47571672 19.81068024 20.00079128 20.07124885 20.15116036
  20.62862036 20.66819613 20.7792017  20.33643915 19.95748725 19.85006185
  19.92085481 20.4295382  20.27788444 20.13631035 20.60882578 20.3070346
  19.92557599 19.96450673 19.94176532 19.59856663 20.09440925 19.45226892
  20.03863452 19.64552831 19.58395697 20.43554948 19.87652161 19.81262649
  20.07480261 20.23183958 19.78743251 19.9608329  20.15736087 19.89433159
  19.90898157 19.96602825 19.94473582 20.38942048 20.50698601 20.21196648
  20.41441821 19.72805782 20.08835434 19.76243384 19.58930521 20.41212526
  19.82816047 20.02106081 19.46847614 19.44741164 19.96154816 20.0330192
  19.82895504 20.0342041  19.71577959 19.87287891]
[19.83311134 19.365941   19.89918192 29.79121427 19.96366998 20.14754596
  19.78134987 19.63038591 19.85508793 20.2371842  19.85050628 19.99189958
  19.80186669 19.61439036 20.00328326 20.16026147 19.53746995 19.70127056
  19.99656025 19.32292101 19.83052883 19.92121741 19.93109935 19.14201312
  19.78277353 19.92643353 19.46788231 19.6457505  19.58245094 20.04127136
  19.53830468 19.48357283 19.73477752 19.98304339 19.82173408 20.40300247
  20.3228746  19.45180497 20.09999574 20.28536318 19.79536513 19.55977001
  19.69857618 19.4868757  19.60546505 19.73039271 19.63210454 19.80212114
  20.24641757 20.51637041 20.42175907 19.58579936 19.4788897  19.78001661
  19.93470496 19.69238846 19.95838711 19.98760209 20.25475631 19.79171337
  19.55986803 19.549398   20.11379605 18.84989099 19.5782767  19.52273991
  19.58524662 18.9910541  19.10596065 20.14621999 19.60070641 19.57291788
  19.98937892 19.98257382 19.27732443 19.76921229 19.34884608 19.83807374
  19.40860583 19.75801027 19.38411076 19.71537386 19.96660978 19.6953628
  20.06829    19.1647773  19.59198525 19.38237215 19.34912499 19.73723148
  19.77275159 20.11232105 19.14526439 19.44193356 20.36550516 20.06041632
  19.25491924 19.65146654 19.74352545 19.68260405]
[20.7032042  19.62520942 20.18304    19.96366998 30.15532774 20.49936777
  20.25087745 19.9892417  19.78948633 20.80473629 20.09423015 20.47665805
  19.51671632 20.12618086 19.94732151 20.43838383 19.37813753 20.39109788
  20.45143515 19.88258488 20.42532339 20.17922034 20.00990436 19.9458034
  19.78103582 20.16075329 20.21251223 19.9473344  19.79619772 20.37054553
  19.98557712 19.59464185 20.16146141 20.23596383 20.25053618 20.30063982
  20.20343424 19.64085742 19.89654406 20.37099305 19.83988144 19.53005319
  20.0031738  19.93501108 19.99597323 20.01376943 20.28284018 20.1860791
  20.57180514 20.60515897 21.04254436 20.0767516  19.60624269 20.10909753
  19.74835923 20.0364173  20.27369075 20.32731569 20.27517153 19.93675972
  19.63030416 20.34738404 20.1771662  19.59405758 19.88282409 19.63117197
  19.67620292 19.43599038 19.27785081 20.19812285 19.75883141 19.83608238
  19.7943111  20.22628533 20.02093259 20.28817055 20.05488764 20.15404386
  19.80236314 20.21503323 20.12550274 19.91969721 20.30910584 19.82671143
  20.69821566 19.4245173  19.71664409 20.01626601 19.87580691 20.21345142
  20.08386203 20.24854163 19.65369307 19.48405173 20.20488108 19.99063565
  19.55686132 20.3748017  19.92721733 19.70467363]
[20.45565898 19.47045374 20.48634439 20.14754596 20.49936777 30.63021464
  19.97697991 20.07430579 20.07742008 20.88646582 20.10648127 20.3684406
  20.10344683 20.15055446 20.4493876  20.41667239 19.7848433  20.53877164
  20.4989414  19.93080432 20.1780757  20.40493111 20.84575939 19.85322888
  20.35927531 20.23683377 20.42384264 20.34172754 19.93916319 20.12677528
  20.04141498 19.98108649 20.12351705 20.3730143  20.18206766 20.64893488
  20.64408172 19.92262167 20.36213892 20.69543081 19.96296622 19.69243524
  20.04523264 19.84659087 19.93862193 20.41903126 20.56262188 20.15058965
  20.7112689  21.14862668 20.40470878 20.03576226 20.29363032 20.38009171
  19.93440855 20.63018348 20.86629814 20.34374444 20.48540011 20.60225461
  20.31191185 20.10515842 20.40864193 19.70266679 20.58957965 19.58984914
  19.98953687 19.24183519 19.60840803 20.69952329 19.84226824 19.99186007
  20.5819223  20.00186607 19.71206017 20.08969218 20.14349632 19.98919933
  19.92019715 20.25723305 20.03531506 20.27370923 20.22884055 19.93977476
  20.67831518 19.70971483 20.06187965 20.23899037 19.99119251 20.57729366
  20.17938848 20.23902007 19.88593574 19.72526727 20.09159916 20.1777959
  20.04809872 19.76228334 20.26597195 19.92650025]
[19.85403838 19.3507933  20.17600473 19.78134987 20.25087745 19.97697991
  29.72412584 19.63861901 19.57032586 20.81080703 19.96713204 20.16280161
  19.31915926 19.96034678 19.78895028 19.95558737 19.29645125 20.04993259
  20.2799494  19.49564244 20.24813193 20.24631466 19.98123982 19.35233014
  19.76137122 20.05332366 19.72775602 19.97169138 19.59368936 20.33828927
  20.04149228 19.91514637 20.4239427  19.92889206 19.66927128 19.92695864
  20.14574199 19.7621647  20.44814622 20.059823   19.89999633 19.60573412
  19.82602897 19.81426832 20.11143652 20.21236967 20.15851408 20.41849495
  20.2212182  20.74811434 20.42186599 20.19575222 19.50873436 19.79907417
  19.35840202 20.17209303 20.15882528 20.17861875 20.2611973  19.85788856
  20.01769079 20.09761495 20.23104938 19.32777702 19.53701406 19.90810855
  20.09643336 19.46444158 19.8603362  20.72071018 19.54724769 19.76816759
  19.82535663 19.7673709  19.57360256 20.35004523 19.88228849 19.98183968
  19.76263129 19.94966236 19.79964092 19.94253778 19.67230694 20.01993942
  20.26326767 19.5505401  19.9000118  19.83779982 19.44777606 20.3742541
  19.63737169 20.27915284 19.2910339  19.39295066 20.07147005 20.04391469
  19.45034306 19.7979021  19.78063829 19.77583081]
[20.44131164 18.82525275 19.76478383 19.63038591 19.9892417  20.07430579
  19.63861901 29.68026765 19.73837137 20.01651288 19.75118769 20.05174921
  19.92861212 19.45821659 19.9894149  20.02795463 19.08647777 19.78024866
  20.04377389 19.2568814  20.26244949 19.70509502 19.94168275 19.21645975
  19.73975208 19.78929126 19.59525471 19.49983091 19.31396008 19.47526937
  19.44164945 19.38233353 20.08441011 20.05260407 19.96213694 20.4528912
  19.97357326 20.03129984 20.12000123 20.16954364 19.71300751 19.19628233
  19.81012977 19.64273079 19.87407903 19.7158036  20.05749049 19.64584851
  20.01079525 20.60864115 20.10033659 19.79989321 19.65380455 19.71242554
  19.69207535 20.16321824 20.46819653 19.77360393 20.0450568  20.22509111
  19.50501872 19.87713528 20.16748973 19.19518561 19.47160492 19.36050454
  19.39637746 19.28365333 19.28619766 20.2218757  19.61096186 19.67636865
  19.93466489 19.79901069 19.45679856 20.10027485 19.79303647 19.72446903
  19.99886878 19.9645573  19.68584132 19.91994608 20.03264203 20.00813897
  20.13335586 19.23109132 19.45352059 19.41722936 19.57017824 20.23680858
  19.43481022 20.13895894 19.1062768  18.97384429 20.01414465 20.07119064
  19.38516412 19.39682912 19.57793562 19.75098655]
[19.76391568 19.12933739 19.77197096 19.85508793 19.78948633 20.07742008
  19.57032586 19.73837137 29.30026118 20.13578393 19.93814641 19.77729085
  19.6021508  19.89372011 19.81263335 19.96610845 19.38563079 19.60357958
  19.82828144 19.06908406 19.71390177 19.68822711 19.95373185 19.29938945
  19.54349668 19.56524725 19.40965576 19.68579154 18.98261409 19.62394379
  19.61750071 18.68778555 19.74469122 19.69128895 19.31146384 20.04850957
  19.78896984 19.49073418 19.71908675 20.07589416 19.47160454 19.30572424
  19.34209235 19.52148518 19.30682485 19.33950891 19.69551965 20.0759889
  20.35281882 20.24649267 20.18709826 19.19809933 19.28811045 19.37577393
  19.50568547 19.86997111 20.08263409 20.07609264 19.9807808  19.69720514
  19.59319173 19.50925222 20.0446603  19.24831082 19.79893111 18.96867488
  19.59347361 19.54624592 18.97120558 20.23775706 18.97823428 19.39335629
  19.43173499 19.59507049 19.04319363 19.69914243 19.41830502 19.35577322
  19.49040873 19.59983219 19.77658548 19.98108917 19.83399222 19.70052273
  19.96157881 19.26936675 19.02295553 19.39383696 19.35329128 20.01542536
  19.35912213 19.85169482 18.95530882 19.31895268 19.95272628 19.75370121
  19.25363397 19.67167606 19.5886628  19.3289064 ]
[20.49226018 19.69621623 19.93815352 20.2371842  20.80473629 20.88646582
  20.81080703 20.01651288 20.13578393 30.73769801 20.15552306 21.24515824
  20.12063732 20.55696575 20.33946975 20.63211558 19.66870532 20.52321522
  20.34077856 19.53832488 20.47938454 20.52098016 20.47542476 20.15421687
  20.3704845  20.58344148 19.92482184 19.99556339 19.94981366 20.40605545
  20.38894112 20.09938763 20.5993741  20.60484257 20.14926401 20.97667523
  21.00044402 19.82033722 20.33886886 20.71943286 20.12201682 20.04589926
  20.27966409 20.19175993 20.09376036 20.53105411 20.59408096 20.51229518
  20.97950637 21.1270095  20.91713635 20.37328249 20.18288535 20.15316642
  19.95525096 20.46491468 20.74259618 20.5074811  20.61407328 20.56007397
  20.04283518 20.28458841 20.58631912 19.97225408 20.55739223 19.89295185
  19.97737301 19.75854063 19.84870051 20.9028094  20.06537142 20.42936996
  20.28049948 20.23091483 19.8784119  20.51477194 20.00285368 20.34081745
  20.3252932  20.45643198 20.32323063 20.74068174 20.19225347 20.14524494
  20.88780536 19.94907893 20.06702868 20.17962569 20.06772453 20.9254584
  20.6090697  20.60732512 19.94934964 19.95145723 20.56216808 20.16872502
  20.01509933 20.53100404 20.04562148 20.3858132 ]
[20.33074448 19.11484108 19.88271694 19.85050628 20.09423015 20.10648127
  19.96713204 19.75118769 19.93814641 20.15552306 29.90205208 20.47214118
  19.86602589 19.93718303 20.15155881 20.21988398 19.50662165 20.38230601
  20.14927145 19.39854558 20.39792969 20.0610365  20.12172813 20.10638578
  19.98214103 20.29948024 19.57908762 20.13622065 19.5709068  20.0056643
  19.98686775 19.66380836 19.7216765  20.3987598  20.13624104 20.32526609
  20.59049465 19.41877563 20.22186141 20.27775339 20.04873657 19.48928856
  20.11809848 19.66084075 19.71909051 20.23717083 19.93912386 20.23641942
  20.50579496 20.91587093 20.54763416 19.93727404 19.67145092 20.03567804
  19.82046255 19.92904157 19.98825678 20.16890697 20.30410596 20.31925084
  19.99289088 19.92895988 20.37045347 19.33348044 19.91873688 19.40889745
  20.02629892 19.59176171 19.58528815 20.65447981 19.52924048 19.7286377
  19.98052591 19.92747017 19.71314552 19.77033806 19.74718679 20.07636771
  20.17945809 19.93804389 20.12969172 20.17998931 19.76305717 20.21565151
  20.35866362 19.69568032 19.47362613 19.5891379  19.53649384 20.25607075
  19.98365715 20.05068255 19.62528202 19.49188191 19.7089691  19.96194748
  19.83328236 20.2172612  19.86176033 19.90411404]
[20.29380634 19.49981992 19.98437262 19.99189958 20.47665805 20.3684406
  20.16280161 20.05174921 19.77729085 21.24515824 20.47214118 30.4433263
  20.0049554  19.82752772 20.03258577 20.33032021 19.3099689  20.02598072
  20.37404517 19.73522302 20.21283206 20.34830479 20.34718756 19.55143869
  20.13332967 20.51827493 19.67758334 20.13756861 20.12682295 20.15237269
  20.19869502 20.1441314  20.2586084  20.45847924 20.33221527 20.44038938
  20.02339584 19.7134387  19.99630043 20.44236558 19.90577177 19.92061958
  20.13951758 20.0426499  20.17337087 20.36953832 20.34869088 20.01852845
  20.65359162 21.01999703 20.70267227 19.92517674 19.75346698 20.12292376
  19.91318728 20.4137148  19.91192    20.44364732 20.35684008 20.2555774
  20.04317915 19.92316095 20.41122608 19.92693709 20.01123177 19.38516868
  19.89086413 19.58135873 19.74147347 20.42320353 20.02026108 19.99876766
  20.09528158 20.46362193 19.61044985 20.05195965 20.38280304 19.99932417
  19.90769586 20.24017419 20.05017365 20.43005477 20.3972481  19.88044517
  20.46535062 19.52964535 19.87553164 19.85501114 19.71065587 20.40596119
  20.02228049 20.4966247  19.29986645 19.48817717 20.5054527  20.5756866
  19.78473255 20.20463942 19.81284146 20.02075028]
[20.24899891 19.14353651 19.95408231 19.80186669 19.51671632 20.10344683
  19.31915926 19.92861212 19.6021508  20.12063732 19.86602589 20.0049554
  29.56413463 19.29786827 19.98970714 19.90158925 19.22693865 19.83740434
  19.86354572 19.31943081 19.74673498 19.9473722  19.67999718 19.2014805
  20.01186239 19.77044208 19.65848629 19.7770207  19.74629947 20.16545581
  19.49637887 19.74273982 19.77462937 19.86164507 19.47041334 20.04453914
  20.23131473 19.78053862 19.82433246 20.172456   19.78705682 19.43050185
  19.37831005 19.35981068 19.76493438 19.7436803  19.70921344 20.06449557
  19.82601592 20.61702904 20.26491449 19.33012704 19.48340864 19.72230623
  19.6938075  19.89176463 20.31300311 19.59299996 19.97252976 19.83291112
  19.668543   19.96869313 20.03549852 19.02427578 19.46980667 19.32101821
  19.81473208 19.23630729 19.32282145 20.30461036 19.30861142 19.86597957
  19.7308311  19.99988908 18.86495669 19.74055667 19.59604074 19.54722778
  19.93123334 19.53194421 19.45619728 20.05584351 19.57544121 19.44578311
  19.95785688 19.45170122 19.73505465 19.7024372  19.26100982 20.14317558
  19.59637463 19.93219844 19.19333698 19.02987261 19.67407841 20.03931773
  19.33445778 19.62496763 19.64019731 19.68648608]
[20.21852444 19.30909389 20.29030347 19.61439036 20.12618086 20.15055446
  19.96034678 19.45821659 19.89372011 20.55696575 19.93718303 19.82752772
  19.29786827 29.63619156 20.18055222 20.49140819 19.44323899 20.11461262
  20.48531314 19.53422447 20.36525721 20.13197504 20.29142838 19.4945033
  20.35092817 19.8558927  19.57399461 19.92643381 19.52097824 20.41535625
  20.0245543  19.57071236 20.03408258 20.56729878 20.01877774 20.22102248
  20.55965247 19.97122448 20.24315186 20.37914565 20.27355585 19.54621127
  19.62283358 19.59369409 20.15810522 20.47492853 20.06774551 20.21386239
  20.52544798 20.81159247 20.62023368 19.7263676  19.6588029  19.68965267
  19.86657772 19.92343673 20.4224549  20.41205597 20.60953772 20.00204121
  19.97218819 20.11034403 20.18509662 19.26068164 19.84815734 19.64963261
  19.90555281 19.35696936 19.66253751 20.23980992 19.62612713 19.54136843
  19.91319035 19.89124931 19.68733903 20.13600045 20.22846754 19.86768626
  20.05312667 19.95620065 19.88516305 20.10574697 19.78101064 19.68843168
  20.82792602 19.63229058 19.35241633 20.0835695  19.97653489 20.64882087
  19.72526863 20.30982193 19.58692414 19.58469778 20.05519835 20.5760364
  19.82658008 20.21838088 20.13131264 19.82390885]
[20.369085   19.38692919 20.09107144 20.00328326 19.94732151 20.4493876
  19.78895028 19.9894149  19.81263335 20.33946975 20.15155881 20.03258577
  19.98970714 20.18055222 29.99702071 20.20420712 19.83391934 20.36309449
  20.32968026 19.67102916 20.34078433 20.24376112 20.36310903 19.78379803
  20.2190023  20.14142485 19.74492695 20.29115642 19.76409879 20.01285285
  19.75659669 19.54298674 20.19189187 19.97661908 20.57340984 20.45414417
  19.84652441 19.94881117 20.21432514 20.46022443 19.82554922 19.71475277
  19.77670632 19.94525362 19.88522458 19.99027874 20.16282258 20.47123517
  20.51506351 20.89810104 20.2478965  19.86637714 19.61348409 19.85090232
  20.16446921 20.17318638 20.54522495 20.23082378 20.78124283 20.07242691
  19.70089163 19.90262955 20.46058544 19.3150012  20.0476757  19.28696346
  19.80388316 19.57194596 19.35885295 20.36870447 20.03614424 19.76873258
  19.82314772 20.20284756 19.4924167  20.55402263 19.65145028 19.93017402
  20.1370375  20.24854783 19.59571805 20.38754365 19.80135352 20.05247345
  20.47907747 19.69704493 19.51674466 19.49137529 19.45196313 19.90178646
  19.79736862 20.11126618 19.58069731 19.67414863 19.82485784 20.2919404
  19.86276073 19.7008622  19.89984382 20.47121927]
[20.43801506 19.57392781 20.40101544 20.16026147 20.43838383 20.41667239
  19.95558737 20.02795463 19.96610845 20.63211558 20.21988398 20.33032021
  19.90158925 20.49140819 20.20420712 29.84541733 19.3047105  20.30724423
  20.48663105 19.71521605 20.51920339 20.2573249  20.87161329 19.8769636
  20.39875511 20.62613523 19.86450029 20.1800576  19.78917143 20.25085342
  20.27225097 20.02174909 20.29815919 20.37204647 20.36898451 20.30301191
  20.91173161 19.62897398 20.65397843 20.39571348 20.09894464 19.68387384
  20.49255929 20.13744127 20.20636118 20.3121444  20.52565766 20.37277937
  20.67289408 21.0862502  20.55484416 20.29360194 19.83161748 20.27605652
  20.31116351 19.95028254 20.74157149 20.90255527 20.51208352 20.03942412
  19.48555431 20.15892175 20.54652101 19.55073641 20.09513171 19.60371018
  20.39423008 19.59341194 19.1876406  19.94128881 19.98368259 19.88183769
  20.08876983 20.32255271 19.71904224 20.26375196 19.82818656 20.15885558
  20.03777276 20.01641408 20.23379154 20.2395709  20.05060269 20.26079072
  20.66585456 19.94075467 19.96223485 20.24221135 19.95122567 20.46854528
  19.77282914 20.33844754 19.58026408 19.63056397 20.21003981 20.34681465
  19.7695078  20.28640163 20.17206051 19.84623814]
[19.57094627 18.92127274 19.4801076  19.53746995 19.37813753 19.7848433
  19.29645125 19.08647777 19.38563079 19.66870532 19.50662165 19.3099689
  19.22693865 19.44323899 19.83391934 19.3047105  28.98245374 19.46591742
  19.48666221 19.22314919 19.57886317 19.45696559 19.88744398 19.03331598
  19.52943391 19.28783613 19.4700228  19.48165683 19.16429675 19.44806722
  19.35362278 19.20600738 19.45119579 19.69838179 19.42586763 19.54636257
  19.87235029 19.25829732 19.25627069 19.70395871 19.34508435 19.05947805
  19.15834614 19.01529991 19.44913324 19.12931146 19.62948308 19.26210809
  19.5271437  20.37987071 19.68702495 19.57640567 19.44052328 19.40265309
  19.48125253 19.5076317  19.94429163 19.69890397 19.82226176 19.05312525
  19.42414016 19.26200491 19.52246606 18.50549927 19.39440228 18.92357729
  18.9796484  18.89376074 18.75320499 20.05160298 19.38161937 19.08731428
  19.10737111 19.45226379 18.82345546 19.61829141 19.25513885 19.02695809
  19.1629173  19.42792629 18.99927881 19.34213491 19.36695215 19.79382387
  19.86302426 19.14133663 19.20837242 18.92682622 19.39543742 19.48668975
  19.24303897 19.3262913  18.74817791 18.97403527 19.51206675 19.7177934
  19.02917984 19.48118207 19.42922151 19.06162047]
[20.53122809 19.24198826 19.94118396 19.70127056 20.39109788 20.53877164
  20.04993259 19.78024866 19.60357958 20.52321522 20.38230601 20.02598072
  19.83740434 20.11461262 20.36309449 20.30724423 19.46591742 30.33623006
  20.73736202 19.6065529  19.84212493 19.9764156  20.7248363  19.68370245
  19.86317772 19.8647838  19.8621935  20.10233038 19.77762552 20.15108517
  19.75065007 19.99144187 20.02213601 20.40160469 20.10623867 20.56988575
  20.48664295 19.68952024 20.19002541 20.12466553 20.08430704 19.96063318
  20.16244192 20.08405014 20.10592086 20.11659503 20.31715392 20.55421337
  20.29381516 20.82037544 20.45896078 20.28308654 19.85052387 19.79397846
  19.93596036 20.5068563  20.52630135 20.54361654 20.51342357 19.53989773
  19.86174874 20.23568672 19.92218898 18.95580244 19.92997978 19.70023566
  20.04203785 19.72914418 19.80126841 20.12798163 19.66356621 19.52012431
  19.74478796 20.21890202 19.30737924 20.44729483 20.19572838 20.01768277
  19.66264941 20.1059996  19.90755731 20.07346698 20.30767197 19.82657409
  20.56459655 19.64704721 19.87323535 19.75236151 19.55671962 20.73418477
  19.76420539 20.16323018 19.47302395 19.48534993 19.95585532 20.14318957
  19.95214424 19.55880853 19.9030094  19.58689082]
[20.46869128 19.41589341 20.33263081 19.99656025 20.45143515 20.4989414
  20.2799494  20.04377389 19.82828144 20.34077856 20.14927145 20.37404517
  19.86354572 20.48531314 20.32968026 20.48663105 19.48666221 20.73736202
  29.71265172 19.43380452 20.29557096 20.23972618 20.36161364 19.91429361
  20.00475145 20.46671148 19.88513405 19.99842539 19.51387196 20.38353184
  19.99531299 19.87518442 20.41825175 20.57294417 20.24050777 20.52280996
  20.78697889 20.0686671  20.43562521 20.21882755 20.09078156 19.79604019
  19.79096101 20.00222757 20.32145297 19.98159974 20.18803803 20.12492742
  20.69098783 20.74233356 20.51286931 20.25104188 19.99768115 20.12832758
  19.93821453 20.11848671 20.561216   20.35449496 20.33249559 20.49544244
  20.23475576 20.30139581 20.42918587 19.61467456 20.07052397 19.87786115
  20.08183195 19.73210962 19.7157521  20.46870844 19.96127182 19.97131598
  20.2210416  19.94309515 19.607915   20.28209899 19.7770994  20.16811911
  19.95031208 20.21926279 20.00177883 20.34282316 20.26883763 19.9761559
  20.6200718  19.8506295  20.1086343  20.12751296 19.89837791 20.70081297
  19.59104252 20.21588578 19.48051186 19.39943621 20.28716223 20.32869197
  19.95999783 19.97917411 20.3282826  20.26076467]
[19.85415998 18.39273287 19.66885429 19.32292101 19.88258488 19.93080432
  19.49564244 19.2568814  19.06908406 19.53832488 19.39854558 19.73522302
  19.31943081 19.53422447 19.67102916 19.71521605 19.22314919 19.6065529
  19.43380452 28.88620803 19.57109241 19.44883286 20.13441047 18.93887776
  19.5079412  19.53298664 19.25884105 19.25139419 19.19116351 19.90518862
  19.49274518 19.53997859 19.60990452 19.58181068 19.33596935 19.64905656
  19.95540757 19.15975577 19.6600687  20.03533967 19.02203405 18.73616235
  19.46990054 19.13884488 19.81706389 19.5945465  19.90480917 20.03888304
  20.2126963  20.47199758 19.97976452 19.27994695 19.52174222 19.89433405
  18.9663262  19.41994218 19.69788803 19.65749395 19.81416985 19.46577125
  19.16012096 19.64006151 19.66678927 18.9597685  19.18166501 18.91047517
  19.28044022 18.82250679 18.77517211 19.74566796 19.16547688 18.98153012
  19.44749381 19.75901174 18.83321076 19.54200435 19.12076454 19.4985176
  19.41606788 19.59762879 19.55143019 19.64432458 19.43723445 19.48001844
  19.39514572 19.05938161 19.45817805 19.36591275 19.1470686  20.21420795
  19.2223268  19.43148812 18.70511551 19.19770863 19.70055802 19.54290378
  19.10912577 19.32019832 19.10886722 19.7138995 ]
[20.1979876  18.9680125  20.27203656 19.83052883 20.42532339 20.1780757
  20.24813193 20.26244949 19.71390177 20.47938454 20.39792969 20.21283206
  19.74673498 20.36525721 20.34078433 20.51920339 19.57886317 19.84212493
  20.29557096 19.57109241 29.89902589 20.16828558 20.26557921 19.93668178
  20.23586395 19.97457336 19.99039447 20.14743955 19.51387988 20.02163316
  19.66495537 19.49534122 20.07595527 20.26942766 20.26282276 20.20764735
  20.31567134 20.03935014 20.5158925  20.44871024 19.86054302 19.25291777
  20.02561662 19.60255585 20.21343371 20.31259218 20.67448007 20.28285016
  20.33867875 20.9173621  20.57409569 20.13071823 19.93630895 20.2077508
  19.94861825 19.93964319 20.57352455 20.56520188 20.28046057 20.13151497
  20.1189814  20.00398945 20.51848472 19.37395306 20.32982415 19.47792634
  19.91085959 19.5173593  19.4401093  20.69384582 19.91945336 19.75560973
  20.05025419 20.04889294 19.63712104 20.3059258  20.04963141 20.27410477
  19.62586899 20.00368659 19.70399579 20.28677825 20.00887012 19.9757728
  20.03245882 19.57447678 19.98194638 19.63709386 19.9343115  20.4340197
  19.74595809 19.74359724 19.5942938  19.48087034 20.10725394 20.27958776
  20.07186921 19.92856692 19.74955188 20.07763228]
[19.91524639 19.58971435 20.49582051 19.92121741 20.17922034 20.40493111
  20.24631466 19.70509502 19.68822711 20.52098016 20.0610365  20.34830479
  19.9473722  20.13197504 20.24376112 20.2573249  19.45696559 19.9764156
  20.23972618 19.44883286 20.16828558 30.06871662 20.35559562 19.671403
  20.36600887 19.97104018 20.01713184 20.11707795 19.53385193 20.3121422
  20.18709746 19.91180483 20.29412666 20.19965871 19.98180966 20.80812632
  20.71866176 19.96134788 19.89314499 20.3780519  19.85335417 19.59848903
  20.1021018  19.55960384 19.87280756 19.92649427 20.50965967 20.1466085
  20.80591954 20.72888586 20.79887394 19.84342383 19.75647331 19.92634072
  20.11869115 19.95611139 20.58077965 20.23160864 20.86223002 19.9844365
  19.8258962  20.07943058 20.21353811 19.83490148 20.13557813 19.76878823
  19.80939425 19.43061376 19.67070325 20.08856752 19.89927937 19.87731192
  19.94046181 19.98101893 19.65134512 20.2900137  20.25392483 20.40658583
  19.9192749  19.93944845 19.95090801 20.41180856 20.21549427 19.90157041
  20.58751236 20.1723518  20.03503877 19.99197731 20.12675155 20.33342434
  19.98245165 20.32065348 19.44375873 19.67694222 20.25050906 19.91306964
  19.66182016 19.89909648 20.1482558  19.83520913]
[20.31709881 19.41302291 20.13286049 19.93109935 20.00990436 20.84575939
  19.98123982 19.94168275 19.95373185 20.47542476 20.12172813 20.34718756
  19.67999718 20.29142838 20.36310903 20.87161329 19.88744398 20.7248363
  20.36161364 20.13441047 20.26557921 20.35559562 30.10522713 19.80582429
  20.38791808 20.23672257 20.0122123  20.10344562 19.47860415 20.48829094
  19.94639298 19.89288129 19.88797458 20.53830091 20.19595727 20.78045875
  20.2563286  19.91738003 19.95974316 20.78889105 20.30049599 20.05038866
  20.04555784 19.85016971 20.03235617 20.60972249 20.74938552 20.04369338
  20.3279214  21.03225589 20.64818175 20.47960238 20.05928475 20.37533434
  20.08870946 20.63705533 20.48409928 20.40690012 20.67098099 20.46418355
  20.30143857 20.37309091 20.45489403 19.53269159 19.94443693 19.89001697
  19.85755563 19.61699268 19.73753229 20.40851918 19.84351086 20.18479625
  20.24903406 20.77699309 19.65049827 20.01619231 19.91855464 20.27418476
  19.61338071 20.09767968 19.87499665 20.45381371 20.21463614 19.84591366
  20.50121665 19.79698038 19.92770082 19.77493227 20.362559   20.52684361
  19.69276625 20.48413003 19.7035875  19.5804728  20.10867528 20.28982957
  19.89382442 19.86377821 19.97731203 20.01040439]
[19.87832128 19.11481513 19.83129189 19.14201312 19.9458034  19.85322888
  19.35233014 19.21645975 19.29938945 20.15421687 20.10638578 19.55143869
  19.2014805  19.4945033  19.78379803 19.8769636  19.03331598 19.68370245
  19.91429361 18.93887776 19.93668178 19.671403   19.80582429 29.10915671
  19.50317755 19.76067511 19.42668659 19.68436083 19.15628021 19.77607518
  19.6170615  19.22747029 19.69114983 19.95181198 19.70281189 19.83127375
  19.74276518 19.34859093 19.75078294 19.81962915 19.08582185 19.17468725
  19.34317658 19.37672678 19.4918853  19.74811704 19.6820642  19.98068393
  19.98759727 20.18920048 20.05935988 19.31444128 19.15589451 19.39823499
  19.37842175 19.80555126 19.89636224 19.64163313 20.08640531 19.72096098
  19.77066792 19.65837405 19.80991779 19.01001122 19.45274912 19.30725962
  19.39948403 18.9575004  19.10224498 19.74423908 19.08071867 19.31267428
  19.46310508 19.56814857 19.38141432 19.49913837 19.50740315 19.55814448
  19.71664751 19.75459172 19.53938672 19.76836313 19.46817303 19.35399972
  19.87297444 19.62551938 19.39403958 19.61686451 19.33966424 19.47409417
  19.61517406 19.59516681 19.18753746 19.18269613 19.57936398 19.56820227
  19.17328444 19.49591271 19.53625302 19.41424714]
[20.28061105 19.01566615 20.39180251 19.78277353 19.78103582 20.35927531
  19.76137122 19.73975208 19.54349668 20.3704845  19.98214103 20.13332967
  20.01186239 20.35092817 20.2190023  20.39875511 19.52943391 19.86317772
  20.00475145 19.5079412  20.23586395 20.36600887 20.38791808 19.50317755
  30.09230805 20.43578637 20.06641024 20.06006136 19.46379105 20.24726432
  20.29549304 19.5030886  20.31391629 20.33335649 20.01249805 20.40437505
  20.44588487 19.82427567 19.89574069 20.52054463 19.72895963 19.39611536
  20.14390543 19.83206383 20.3672613  19.67909793 20.61125967 19.83618313
  20.74270422 20.76078801 20.35074674 20.15584132 19.96007838 20.17878889
  19.82023263 20.57768818 20.58025663 20.56832001 20.61114779 20.08855825
  20.13532708 20.38463964 20.5527516  19.46773666 20.00075504 19.70179443
  19.99786169 19.39865054 19.30205638 20.3848076  19.50456697 20.03059254
  20.17965542 19.97977811 19.46542619 19.96584486 20.15169602 20.04869774
  19.79485644 19.78806374 20.17333993 20.17932251 20.16752235 20.20696939
  20.38888009 19.7502087  19.70999483 19.75145734 19.66170369 20.62010686
  19.86727818 20.0275542  19.83319721 19.85070826 20.44276777 20.37714927
  20.04105667 19.68105092 20.01390206 20.19173742]
[20.40884185 19.38091039 20.38959857 19.92643353 20.16075329 20.23683377
  20.05332366 19.78929126 19.56524725 20.58344148 20.29948024 20.51827493
  19.77044208 19.8558927  20.14142485 20.62613523 19.28783613 19.8647838
  20.46671148 19.53298664 19.97457336 19.97104018 20.23672257 19.76067511
  20.43578637 30.47867173 19.82772355 20.34883788 19.56080465 20.03576252
  19.98912392 19.82315431 20.25608839 20.09892908 19.78701329 20.83822068
  20.52647937 20.08390227 20.50783337 20.26900084 20.10061699 19.98654239
  19.83381425 19.97805228 20.2027232  20.18909723 20.31201874 20.39632092
  20.83775019 20.61111285 20.53874152 20.24238352 19.812224   19.9484302
  19.87816299 20.40715164 20.51432049 20.32133629 20.57625819 19.88700375
  19.59495528 20.13482884 20.2843433  19.35509907 20.16754735 19.58806723
  20.12075075 20.03815221 19.6453633  20.16398373 19.77620071 20.02881575
  20.32314668 20.15859573 19.60426871 20.28729151 20.28833377 19.62952143
  19.83530637 19.68890655 20.20779498 20.41526547 20.40565833 19.68127546
  20.18107726 19.81205566 19.86288382 19.929421   19.96798081 20.30657799
  19.64005336 20.57722793 19.7186154  19.38437412 20.21240179 20.43385207
  19.92764906 20.04732983 20.08347512 19.79727342]
[19.8536467  19.26888318 20.05734025 19.46788231 20.21251223 20.42384264
  19.72775602 19.59525471 19.40965576 19.92482184 19.57908762 19.67758334
  19.65848629 19.57399461 19.74492695 19.86450029 19.4700228  19.8621935
  19.88513405 19.25884105 19.99039447 20.01713184 20.0122123  19.42668659
  20.06641024 19.82772355 29.8645487  19.49797342 19.37843671 20.28512674
  19.74571948 19.63953393 19.91663034 19.91388719 20.12683101 19.70350891
  20.15634301 19.85245555 20.18029747 20.28987237 19.91744975 19.45746526
  19.70179417 19.71914768 19.7312438  19.54423634 20.02864096 19.87022217
  20.11818248 20.6951493  20.39275434 19.43355663 19.59252109 19.52073406
  19.90771929 19.86698596 20.42239465 20.05014904 20.4675668  19.88287768
  19.95521729 19.93169757 20.00570901 18.99694191 19.8258764  19.51358246
  19.59668974 18.99717657 19.3959796  20.05435725 19.43109564 19.70263044
  19.39440438 19.70874636 19.62511109 19.83479291 20.01440168 19.59381249
  19.67366169 19.69579709 20.07260044 19.84533317 19.75049069 19.58884169
  20.30631752 19.29654291 19.54286495 20.05792484 19.57126322 19.87557381
  19.67691134 19.85252061 19.24090497 19.56869875 19.58466216 19.93959387
  19.73262366 19.81976385 19.7666808  19.7697716 ]
[20.16974573 19.36917511 20.0840027  19.6457505  19.9473344  20.34172754
  19.97169138 19.49983091 19.68579154 19.99556339 20.13622065 20.13756861
  19.7770207  19.92643381 20.29115642 20.1800576  19.48165683 20.10233038
  19.99842539 19.25139419 20.14743955 20.11707795 20.10344562 19.68436083
  20.06006136 20.34883788 19.49797342 29.70765016 19.63647391 20.00672304
  19.88254773 19.56992166 20.08074506 20.06372669 19.4198689  20.14427432
  19.99005882 19.70672117 20.4386101  20.14126574 19.71603863 19.43679134
  19.80834656 19.40877926 20.11495486 19.70486895 19.9638919  20.13909119
  20.46174315 20.65909733 20.48806872 20.04076156 19.69959117 20.10610277
  20.05960413 19.83828542 20.10080813 20.30515032 20.00541327 20.0193111
  19.79525518 19.7156516  20.12893012 19.55429576 19.90964815 19.64517591
  19.95195589 19.23686045 19.63615059 20.10133559 19.64264626 19.76567289
  19.74154354 20.02961382 19.52213354 20.05827022 19.9082586  19.89511375
  19.93461074 19.90818183 19.78698817 20.23979604 19.94686012 19.94380657
  20.44621276 19.18119423 19.88055738 19.86535399 19.28241475 20.15600307
  19.83887219 20.0650424  19.47882906 19.14291317 19.87008706 20.03639584
  19.7078184  19.89179115 19.95237093 19.83693776]
[19.71629051 18.87789149 19.64002907 19.58245094 19.79619772 19.93916319
  19.59368936 19.31396008 18.98261409 19.94981366 19.5709068  20.12682295
  19.74629947 19.52097824 19.76409879 19.78917143 19.16429675 19.77762552
  19.51387196 19.19116351 19.51387988 19.53385193 19.47860415 19.15628021
  19.46379105 19.56080465 19.37843671 19.63647391 28.78391577 19.65661492
  19.63955952 19.3341773  19.82603563 19.66716964 19.63030738 19.70892298
  20.27431539 19.21867824 19.99637581 19.85931633 19.29847454 18.98281894
  19.8371347  19.53103168 19.53591508 19.8735995  19.93790227 19.6006357
  19.98157545 20.05369257 20.02907988 19.53368243 18.76728989 19.28819644
  19.47796205 19.84726236 20.3501947  19.80924194 20.24213608 19.6731062
  19.17815028 19.68338482 19.93515009 19.08987921 19.09723546 18.9796024
  19.12686044 19.02069146 18.74485948 19.69543798 19.44107353 19.74746705
  19.5842704  19.59033088 19.09806809 19.70578938 19.70746264 19.53110803
  19.66807602 19.78622991 19.64576644 19.73769573 19.55428657 19.70849197
  20.19624495 19.33750553 19.65702911 19.76845912 18.99143634 19.73832632
  19.79083931 19.71550622 19.05505914 19.19036645 19.8948359  19.87223316
  19.24927726 19.80364613 19.39046994 19.45423831]
[20.44758485 19.34456382 20.36042027 20.04127136 20.37054553 20.12677528
  20.33828927 19.47526937 19.62394379 20.40605545 20.0056643  20.15237269
  20.16545581 20.41535625 20.01285285 20.25085342 19.44806722 20.15108517
  20.38353184 19.90518862 20.02163316 20.3121422  20.48829094 19.77607518
  20.24726432 20.03576252 20.28512674 20.00672304 19.65661492 30.84859537
  19.92740936 20.16303255 20.41447817 20.42945696 19.86495136 20.10697186
  20.41367537 19.92705119 20.72733161 20.49111328 20.01756779 19.85735854
  19.78859217 20.28032002 20.41041478 20.07876938 20.60478073 20.17416026
  21.09258768 20.49149895 20.66123648 19.57875544 19.92512734 19.72151391
  19.87737489 20.09047284 20.18826457 20.40709166 20.34390447 20.00519179
  19.58519926 20.10205294 20.06206488 19.65441091 19.99340012 19.74350122
  20.23224707 19.4513819  19.69631812 20.56576079 19.98310752 19.65783705
  19.95946693 20.26226825 19.20830559 20.26242504 20.02694124 20.36130888
  19.60023136 20.02951456 19.95022765 19.88682176 20.17434434 19.58945643
  20.58181253 19.84396344 19.72811846 19.75889913 19.51996284 20.4034337
  20.17736322 20.37212269 19.70077024 20.02212827 20.23182747 20.29472364
  19.94842385 19.90130131 19.96288761 19.65426413]
[20.14570687 18.99668172 20.03351913 19.53830468 19.98557712 20.04141498
  20.04149228 19.44164945 19.61750071 20.38894112 19.98686775 20.19869502
  19.49637887 20.0245543  19.75659669 20.27225097 19.35362278 19.75065007
  19.99531299 19.49274518 19.66495537 20.18709746 19.94639298 19.6170615
  20.29549304 19.98912392 19.74571948 19.88254773 19.63955952 19.92740936
  29.56161826 19.72331076 19.97695417 20.01253746 20.08911944 19.89491684
  20.34403436 19.52080705 20.09593056 19.82772075 19.65793398 19.37936213
  19.54216176 19.80360254 19.96309385 19.99733773 20.00515992 19.90444883
  20.06176756 20.73111578 20.47334375 19.33576722 19.38522391 19.71503222
  19.80371174 19.93126385 20.14772019 19.81785099 20.01706603 19.94602132
  19.16108564 20.14175382 20.19775682 19.04508608 19.59703073 19.25520234
  20.35322786 19.03432184 19.16999903 20.66520503 19.27143308 19.70427872
  20.07822078 19.80445124 19.36825045 19.63408198 20.05784476 19.90519027
  19.44030364 20.20672418 19.78674472 19.77890615 20.3036528  20.00432097
  20.22030123 19.60320575 19.50959691 19.4963267  19.47143713 20.17250008
  19.67516865 20.37514438 19.38603006 19.4545969  19.94002471 19.8879346
  19.14873154 19.78570868 19.46860562 19.34298313]
[20.05471611 19.05770154 19.87515019 19.48357283 19.59464185 19.98108649
  19.91514637 19.38233353 18.68778555 20.09938763 19.66380836 20.1441314
  19.74273982 19.57071236 19.54298674 20.02174909 19.20600738 19.99144187
  19.87518442 19.53997859 19.49534122 19.91180483 19.89288129 19.22747029
  19.5030886  19.82315431 19.63953393 19.56992166 19.3341773  20.16303255
  19.72331076 29.08650547 19.86261678 19.94287177 19.96137481 19.67545006
  19.96473133 19.26311881 19.52084773 19.82916934 19.30165751 19.15959073
  19.47192922 19.39262462 19.73630147 19.93043384 19.96547678 19.89347135
