1487
100
10
23.110582149346456

[0.04906872 0.09273339 0.09867339 0.05846256 0.08233149 0.07216242
 0.09108701 0.08480737 0.08914664 0.0997663  0.05590638 0.06760178
 0.06115542 0.08467088 0.06583377 0.05955179 0.04199657 0.06453114
 0.082079   0.07857603 0.02503152 0.02233265 0.09690268 0.08944047
 0.09312438 0.04628668 0.07358794 0.098677   0.03986405 0.02091607
 0.09971326 0.07778798 0.02545887 0.04475837 0.04881792 0.06590182
 0.06210632 0.04708864 0.05235252 0.04584429 0.06306904 0.04460719
 0.09544045 0.07431852 0.06584303 0.04778329 0.05895948 0.04259946
 0.05910924 0.05427747 0.03921043 0.0761255  0.08731159 0.07702791
 0.06533892 0.04654611 0.07239751 0.05052072 0.0872829  0.07554088
 0.0461753  0.08777285 0.0740554  0.0774189  0.0459619  0.03028824
 0.07928223 0.09989875 0.06924167 0.08438558 0.03221275 0.0865118
 0.07524123 0.07968434 0.04469531 0.03263963 0.03678377 0.09739578
 0.07820998 0.0574445  0.09683467 0.02912385 0.05764832 0.09658215
 0.02306313 0.05235469 0.04030512 0.04447865 0.0683734  0.08558875
 0.05776205 0.09674878 0.03021734 0.05846142 0.03853455 0.09242761
 0.03871936 0.05084956 0.09859492 0.05355078]

[[29.94670537 20.23929257 20.18620063 20.0331907  19.71669659 19.77612419
  20.66361641 20.65549064 20.32528469 19.77869921 20.61187729 19.90350536
  20.02356966 19.73480371 19.90654709 19.42706425 20.00619223 20.16997584
  20.22619927 20.23624024 20.51578473 20.15999199 19.84846515 20.0586152
  19.92606276 20.23429433 20.23785445 19.68612556 19.56558248 19.86436742
  20.66082489 19.74643007 19.81230871 20.33916544 19.85046406 20.7398044
  20.36049585 19.90241967 19.90334851 19.97841044 20.16440957 19.68639604
  20.22806125 20.76715047 19.79163427 19.94675953 19.4510445  20.12816269
  20.30493625 20.1917459  20.12972403 19.61141676 20.35754975 20.48709823
  19.6336508  20.16130442 19.67897354 20.33280315 20.02728009 20.43989689
  20.4203737  19.85522465 20.12870966 20.27825748 19.92358053 19.99953347
  19.8434392  19.59806681 20.01650063 20.18474913 20.02392922 20.13294385
  20.60004518 20.10402446 20.00310932 19.53195    19.50547651 19.81893081
  19.75563835 19.52252502 20.06585996 19.92070566 19.56489916 20.25098607
  20.36030254 19.94843862 20.17385414 20.09545292 20.36457581 19.12757526
  19.806968   20.33864165 19.76505936 20.00106872 20.27388929 20.08115639
  20.12425338 19.96782126 20.57580087 19.71958934]
[20.23929257 30.92815208 20.63574472 20.7457913  19.7200423  20.07053504
  20.16783433 20.31396233 20.15357161 20.69484047 20.60614905 20.34143402
  20.34189922 19.81194186 20.2321589  20.07932341 20.04347976 20.09101048
  20.30894974 20.54936851 20.71293229 20.94844234 20.24986768 20.27934775
  20.52244252 20.58917423 20.14521112 20.08308006 20.02564776 20.20510703
  20.56911317 20.01123967 20.51857785 21.15734306 20.42654732 21.1111255
  20.97923525 20.41807802 20.17051122 20.1623298  20.16300887 20.20100158
  20.73924233 20.97826504 20.2695314  20.19291831 20.33640708 20.45185459
  20.28618138 20.4397527  20.78540589 20.13347191 20.33389265 20.17952582
  19.59538605 20.20165992 20.1160672  20.47676133 20.58826585 20.2847827
  20.53791166 19.834491   20.58098409 20.78892142 20.42114995 20.53867573
  20.47069603 20.0788949  20.15422881 20.15777854 20.18660953 20.76156913
  20.42701795 20.57824496 20.32200767 20.03221738 19.96833303 20.07385563
  20.06964067 19.65846811 20.36977659 20.15759671 19.75103374 20.58327919
  20.77580556 20.62742759 20.18955774 20.4845411  20.70684566 20.0312065
  19.92975159 20.68981622 20.05148918 20.23069193 20.58540524 19.90698969
  20.51795799 20.23599159 20.75985474 19.95456336]
[20.18620063 20.63574472 30.03269904 20.45321151 19.45694313 20.1404673
  20.31327929 20.16431584 20.10719716 20.03743473 20.49291242 20.14341565
  19.82609109 20.26390971 20.030814   19.41469909 20.00650621 20.15359678
  20.21233975 20.31119121 20.82044823 20.50210791 20.42542917 19.9591334
  20.07250241 20.5454987  19.9070117  20.00716146 20.0583803  19.93044437
  20.1330022  20.2607927  20.04124585 21.12741234 20.39936247 20.61843996
  20.73939126 20.45138373 20.32503704 20.42044738 19.83506582 19.4856122
  20.6238744  20.6467591  20.25975596 20.50018361 19.88252487 20.36955436
  19.98708913 20.32846418 20.71657108 19.89386065 20.20851923 20.51249151
  19.58552082 20.02880712 19.52565395 20.43710831 20.47358081 20.47472922
  20.48733469 19.93973413 20.02151827 20.51343585 19.99199894 20.4021729
  19.96423126 19.71230646 19.8607523  20.01691776 20.04679013 20.62435046
  20.24866926 20.71497348 20.21425411 19.81203558 19.84077053 19.79614763
  19.69992473 19.74588849 20.38537131 19.66879898 19.72295993 20.31026858
  20.23270255 20.01681446 20.12851922 19.97579309 20.66290098 19.54430455
  19.46531055 20.77433933 20.15168576 20.24234054 20.68702472 19.99215491
  20.07165387 20.04140052 20.40676311 19.68060249]
[20.0331907  20.7457913  20.45321151 29.93998163 19.43675168 19.67701741
  19.87546221 20.07015642 19.8384491  20.15664748 20.43469324 20.07858809
  19.91231071 19.79692404 19.89058106 19.51195547 20.14302058 19.97569231
  20.28589845 20.35123991 20.43264689 20.49204681 19.80030247 19.94377216
  20.31405803 20.09594315 19.97192854 20.21470889 19.75618152 20.22386448
  20.27552113 20.28041487 20.2741626  20.89785364 19.95562037 20.38988857
  20.50868445 20.21014417 20.25524736 20.01312714 20.20379061 19.4069851
  20.27254644 20.43368305 20.25451818 20.48798761 19.87098503 20.13135713
  20.43185508 20.37182259 20.18844718 19.54327751 20.4034118  20.45679734
  19.47100426 20.20899943 19.62435984 20.15779731 19.97411133 20.41135397
  20.11661595 19.9631895  20.45740526 20.1333601  19.7825795  20.29292801
  20.01712929 19.92185953 19.79483492 19.67289091 20.2870534  20.05577562
  20.25932956 20.02911061 20.16397252 19.44877459 19.36258408 19.67981771
  20.04576209 19.44473281 19.98078631 19.72856134 19.53682757 20.14949392
  20.29678466 19.96168094 20.05767656 20.10423789 20.30027387 19.68459813
  19.86139979 20.45414426 19.99639107 20.02144365 20.45881511 19.5656333
  20.23379037 19.83625379 20.25631423 20.35239563]
[19.71669659 19.7200423  19.45694313 19.43675168 29.17992739 19.22411545
  19.73296695 19.80797946 19.82077463 19.32741406 19.57477685 19.35631775
  19.14714746 19.55027772 19.52828541 18.99520767 19.53141281 19.81323351
  19.48125692 19.10220901 19.54588468 19.6758764  19.87806136 19.5171793
  19.45246843 19.80883066 19.22045014 19.20244562 19.10175471 19.59659491
  19.34946819 19.12423378 19.74894369 20.21106136 19.23469645 20.03348287
  19.55454488 19.07534057 19.79809388 19.38553691 19.03455666 19.01589418
  20.00318488 19.86702956 19.55943207 19.61881897 19.28665593 19.7070791
  19.47590689 19.67667158 19.56182573 19.19290396 19.29848249 19.50124801
  18.78927516 19.88202019 18.95042668 19.57575555 19.19245554 19.85659184
  19.61461155 19.52537037 19.62178851 19.3465313  19.24641585 19.43320221
  19.38673997 19.02261434 19.58853845 19.48839339 19.43597147 19.470999
  19.86971586 19.57408101 19.65550693 18.79257108 18.78620353 19.48385223
  19.13338895 18.66121894 19.44736456 19.16796308 19.11256437 19.65052102
  19.51119996 19.00131635 19.20172277 19.39019068 19.79282617 19.0180195
  19.08182916 19.87336788 18.95563292 19.29473999 20.04579752 18.89516264
  19.76533272 19.22454529 19.55344533 20.07208373]
[19.77612419 20.07053504 20.1404673  19.67701741 19.22411545 29.50394484
  20.32510703 20.14630047 19.77301859 19.84303174 20.10578592 20.10919564
  19.52920335 19.7388819  19.89378372 19.17374404 20.06767805 20.3476266
  19.74529617 20.04854064 20.1773858  20.08192019 19.68601443 19.75001749
  20.02083795 20.3197237  19.71936352 20.07839088 19.85752446 20.10252339
  20.27470953 19.56758502 19.79305074 20.38883684 19.94444624 20.33702951
  19.75096429 19.89442528 19.96168451 20.02905286 19.36897153 18.79358615
  20.36018065 20.30927052 19.75914004 19.92201726 19.75895106 19.78143431
  19.97259411 19.68344348 20.15817859 19.82750504 19.81450726 20.15140392
  19.31705852 19.77747925 19.61895822 19.87971412 20.06417485 19.88902227
  20.1676225  19.69301038 19.99999777 20.37816015 19.70737462 19.89814783
  19.65130942 19.91640247 19.73657467 19.88338805 19.24427954 20.14786677
  19.72643308 19.98325215 19.49978002 19.6633808  19.71035539 19.74104391
  19.42907055 19.23503743 19.61749729 19.23771187 19.17788064 20.08037163
  20.17387587 19.76654382 19.72754375 19.46580281 20.05729363 19.19645857
  19.45696113 19.94460738 19.67134526 19.98025064 20.46487809 19.7781059
  19.9252125  19.82126474 20.51722756 19.70756895]
[20.66361641 20.16783433 20.31327929 19.87546221 19.73296695 20.32510703
  30.75216731 20.36381215 20.04090099 20.47579803 20.74379372 20.42019194
  20.02751962 20.31872527 20.60012292 19.83141687 20.2746699  20.55565145
  20.38452165 20.32415302 21.10173109 20.56782331 20.61342092 20.54973906
  20.4286361  20.65756454 19.98457358 20.25270514 19.97659075 20.34626544
  20.54655246 20.34744313 20.73762251 20.90598979 20.05761196 20.58507171
  20.64231174 20.30897942 19.99174671 20.22334404 19.66247641 19.57236751
  20.83352019 20.73145043 20.53330124 20.1327367  20.07846495 20.4283841
  20.42866052 20.30033974 20.46503838 19.93403253 20.18387168 20.9351194
  19.49014721 20.41663737 19.96832658 20.64918024 20.42928776 20.26978778
  20.41027426 20.23555506 20.4179005  20.81924671 20.16852232 20.39486674
  20.13478067 20.31173823 20.13578012 20.48814772 20.0644797  20.56965063
  20.70095324 20.63025581 20.23505592 19.77997663 19.96101246 20.32293891
  19.86644636 19.90296464 20.07459245 20.04986152 19.40296561 20.50462235
  20.51439103 20.32604898 20.45844015 20.1501892  20.78757258 19.93161439
  19.88783713 20.50058129 20.1440565  19.9311184  20.59028204 19.66762111
  20.71709157 20.27752694 20.50769728 20.12295296]
[20.65549064 20.31396233 20.16431584 20.07015642 19.80797946 20.14630047
  20.36381215 29.90001373 20.49993348 20.23417501 20.35669329 20.25019639
  20.03930662 20.1256779  20.30080597 20.13177206 19.90443643 20.18861508
  19.91008339 20.4451418  20.24301527 20.68690086 19.87743213 20.22734423
  20.13851439 20.73352658 20.03247541 20.02932173 19.76868733 20.4455281
  20.58334269 19.73626563 20.56193238 20.93512412 20.09525177 20.89566096
  20.09397187 20.04143688 20.17367413 20.28400194 19.38931303 19.75169961
  20.78504682 20.51696103 20.02024799 20.07076517 20.00276243 20.50740186
  20.14886778 20.23994308 20.47470623 20.0452809  20.44030048 20.26408597
  19.07831082 20.33889323 19.87313467 20.24181753 20.02709929 20.36824633
  20.26947957 19.77288577 20.37473409 20.52032896 19.99959107 20.15962454
  19.75661338 19.97421658 19.88549236 20.12316728 20.01216558 20.22207485
  20.50472078 20.58044275 20.13339719 19.7891467  19.63980029 19.9811021
  19.69382224 19.23530325 20.32609645 19.66496498 19.34549197 19.97393236
  20.37829366 20.50761888 20.48330299 19.92114524 20.5565231  19.56508205
  19.56936443 20.30937361 19.85744401 20.11637152 20.89558607 19.8462652
  19.70457267 19.82360893 20.60182514 20.24507554]
[20.32528469 20.15357161 20.10719716 19.8384491  19.82077463 19.77301859
  20.04090099 20.49993348 30.31017893 19.77589515 20.19253015 20.06253056
  19.53990855 20.15405342 19.80465688 19.08250414 19.96963985 19.91983521
  19.7010184  20.44829045 20.4349306  20.39622116 19.84372477 19.74151034
  19.96529307 19.66901063 19.46011173 19.74323703 19.37758106 19.70627573
  20.53647238 19.60279424 19.87160933 20.76880361 20.11844334 20.64187806
  20.41551153 20.04130834 19.74545177 19.96019966 19.32220636 19.29471786
  20.27171132 20.09807142 20.22808887 19.97023719 19.55810398 20.02679753
  19.76827933 20.30167281 20.29627727 19.52091868 19.89435464 20.13117047
  19.31112511 20.10124138 19.46114257 19.93026432 19.93048215 20.40315838
  20.33331742 19.7207114  19.99837751 20.71198708 19.79663882 20.33699793
  20.02944391 19.83947858 19.57318766 19.73613837 20.03425894 20.07569178
  20.15146707 20.50852707 19.74432753 19.56632491 19.35552298 19.41658588
  19.3970305  19.2510966  19.99966644 19.49152857 19.45964989 20.03294909
  19.79457058 19.99006743 19.87586361 19.75533731 19.74796101 19.56223166
  19.58363554 20.25173318 19.65559223 19.61025174 20.41806783 19.91270463
  19.83722889 19.65530763 20.27259552 19.86770568]
[19.77869921 20.69484047 20.03743473 20.15664748 19.32741406 19.84303174
  20.47579803 20.23417501 19.77589515 29.43650711 20.71648685 20.16356838
  19.73213327 19.90491113 20.14396656 19.38359191 19.8015676  19.72460896
  20.09127756 20.01639073 20.35570595 20.71908531 19.91794155 19.77715836
  20.05049449 20.35414177 19.94130827 19.98844861 20.26766426 19.76906867
  20.19976162 20.20923846 20.02890964 20.9038484  19.5766789  20.79515877
  20.51219832 20.28700977 19.83312714 19.81476929 19.60485972 19.58935335
  20.28723919 20.58896054 20.04090517 19.98426431 20.0696417  20.34673333
  20.06901115 20.36272191 19.71156823 19.95513137 20.10367006 20.38951745
  19.40837733 20.17159452 19.93969176 20.26193526 20.24166491 19.89999093
  20.09743811 19.74566719 19.98047873 20.43090652 20.07318813 20.32150282
  19.7137192  19.8584104  19.94214434 20.01157341 20.44774007 19.99209298
  20.41078823 20.27411317 20.10416316 19.66562643 19.54915666 19.76653803
  19.25274893 19.45183552 20.25166103 19.76586764 19.47233586 20.52330525
  20.46350008 19.80585694 19.88037381 19.77936966 20.50982772 19.883612
  19.53696277 20.3071161  20.02925878 19.70130561 20.23491109 19.80951844
  19.91833063 19.96905171 20.42712741 20.22333118]
[20.61187729 20.60614905 20.49291242 20.43469324 19.57477685 20.10578592
  20.74379372 20.35669329 20.19253015 20.71648685 30.95384182 19.97431886
  20.17528792 20.17046748 20.57710629 19.74891158 20.25900546 20.26192495
  20.3568283  20.58648899 20.78208443 21.01728296 20.35869569 20.60247804
  20.41363619 21.10861922 19.9633807  20.24375414 20.05923345 20.64143196
  20.98397249 20.10256243 20.19693723 21.28748859 20.42610493 21.11959474
  20.76853753 20.32209347 20.12032628 20.42814139 20.41170991 19.49380487
  20.73027249 20.76511285 20.5820658  20.70296957 20.1335342  20.64458067
  20.45885825 20.75920101 20.64434734 20.23702995 20.53970768 20.55809737
  20.03669244 20.73118706 20.05597778 20.32070739 20.79260824 20.73780409
  20.62673936 20.12511325 20.36087871 20.41240975 20.51934252 20.79081407
  20.58232928 20.16817354 20.49756662 20.3958248  20.33641481 20.81162846
  20.86420334 20.24680699 20.29434734 19.93571739 19.48655384 20.24931523
  19.89502479 19.91144933 20.34548811 20.21657942 19.86935288 20.83763981
  20.5122543  20.30887745 20.28548904 20.22944542 20.66359261 20.2187828
  19.98958168 20.84582195 19.94949233 20.52929325 21.02380166 20.0728337
  20.33702498 20.41678897 20.76887025 20.27004365]
[19.90350536 20.34143402 20.14341565 20.07858809 19.35631775 20.10919564
  20.42019194 20.25019639 20.06253056 20.16356838 19.97431886 29.77334945
  19.97700886 19.88181263 19.85035544 19.48485444 20.00241815 20.08018505
  20.04589541 19.94942614 20.41468928 20.26623557 19.87793916 19.92976261
  19.90706479 20.22414212 19.77237031 19.60415989 19.75239766 19.91554692
  20.07599669 20.18650757 20.48935234 20.77355043 20.10565372 20.70641854
  20.300082   19.73164467 19.96391566 20.19301356 19.66859125 19.44175698
  20.31579362 20.28776246 19.94264364 20.01719509 19.7562887  20.03121766
  20.13242602 20.34615985 20.34295316 19.69651846 20.06075555 20.40924165
  19.22715218 20.46388429 19.56019516 20.12654935 20.21025925 20.21369699
  20.08829455 19.60396272 20.30520505 20.42329441 19.91390371 20.21520359
  20.1812379  19.5315739  19.72710809 20.10460019 20.11808167 19.87628087
  20.20104168 20.16468197 19.74737031 19.37893291 19.68130966 19.17322503
  19.47012188 19.36629189 20.20636741 19.93532731 19.24104379 19.99622442
  20.45350163 19.95158289 20.23003196 19.44626202 19.98084767 20.00966737
  19.56734587 20.40983695 19.75193243 19.60284018 20.19024406 19.6349197
  19.9614821  19.79085032 20.09198272 19.79819235]
[20.02356966 20.34189922 19.82609109 19.91231071 19.14714746 19.52920335
  20.02751962 20.03930662 19.53990855 19.73213327 20.17528792 19.97700886
  29.66817223 19.94327328 19.6780582  19.55617277 19.77138473 19.91547394
  19.4507021  19.77309992 20.35821553 20.33189081 19.78147592 19.73475931
  19.83742523 19.98920799 20.09661223 19.78184175 19.80231113 19.26834268
  19.92294482 19.72424011 19.57270809 21.04622857 19.3596626  20.39093832
  20.1663565  19.70148512 19.35217533 19.9187267  19.25637912 19.29953461
  20.35212426 20.4697782  19.89977293 20.05891633 19.73643516 20.14806442
  19.9151609  20.05847161 20.0608003  19.66164036 19.95084151 19.41803799
  19.17432359 19.560328   19.63454201 19.8778085  19.99513318 20.13848877
  20.13248905 19.34916657 19.9961204  20.13808392 19.64310919 19.74481755
  19.75104116 19.6219326  19.26120771 19.63862049 20.1849816  19.88330625
  19.90213407 19.9241326  19.52620526 19.49525482 19.2085554  19.81258459
  19.55375645 19.21917051 19.69929658 19.17558913 19.17655359 19.93295726
  20.08537176 19.83678255 20.11128552 19.86547399 19.84439558 19.55605341
  19.00038847 20.36710394 19.45293553 20.09328305 19.86759007 19.42151891
  19.78230026 19.57339693 20.41156452 19.56243845]
[19.73480371 19.81194186 20.26390971 19.79692404 19.55027772 19.7388819
  20.31872527 20.1256779  20.15405342 19.90491113 20.17046748 19.88181263
  19.94327328 30.15485513 20.05186673 19.21016868 20.05478904 20.01437575
  20.21104681 20.47887541 19.95753254 20.03241925 19.96624976 20.01878671
  20.16736198 20.11498932 19.48291176 20.25709776 19.93233026 19.9441628
  20.59269665 19.88367147 19.81542127 20.67527567 19.54828646 20.6614783
  20.29306148 20.10737973 19.61440149 20.20685639 19.81459712 19.61952546
  20.34841514 20.61133    19.93216896 20.0669606  19.85840621 19.71665394
  19.70648102 20.21036382 20.14681113 19.8527064  19.84603286 20.14073973
  19.70399285 20.26744322 19.40294217 19.69101067 19.75193828 20.07689461
  20.07736293 19.60090794 20.0480082  20.32679914 19.66541711 20.20051408
  19.8496061  19.78193944 19.18108498 19.60934773 19.72699351 20.19399898
  20.33891403 19.96436859 19.85137656 19.65814651 19.49186399 19.53956466
  19.53506879 19.36401029 20.03612392 19.71633226 19.10674512 20.23089261
  19.87867775 20.11038351 19.76205977 19.80145354 20.3964836  19.163956
  19.47530348 20.31061003 19.43944213 19.62464499 20.06581696 19.62641569
  20.11291876 19.62260854 20.44048926 19.77143741]
[19.90654709 20.2321589  20.030814   19.89058106 19.52828541 19.89378372
  20.60012292 20.30080597 19.80465688 20.14396656 20.57710629 19.85035544
  19.6780582  20.05186673 29.04141397 19.26959838 20.00252417 20.23823703
  20.14177503 20.18218333 20.22558122 20.33454882 19.79979365 20.16353397
  20.23861319 20.22702819 19.96675505 19.87013124 19.78458432 20.33251503
  20.30551322 19.83912505 20.00204997 20.74788797 19.69383638 20.60658352
  20.44738719 20.05324082 20.05354747 20.18392473 19.6530785  19.94759433
  20.20074883 20.22988745 20.13384633 20.29196359 19.64686213 19.80834144
  20.17766417 20.2231489  20.57968454 19.96168972 20.42443887 20.30336132
  19.21144775 19.85885378 19.6161595  20.19917878 19.78820968 19.95363149
  19.94561702 20.14823707 20.46268134 20.36367716 19.65026571 20.03841459
  19.73652188 19.73041153 20.03205341 20.22733881 20.41208401 20.15207253
  20.16391928 20.14914549 20.19269675 19.45716675 19.57179294 19.95141652
  19.46438684 19.28458    20.08729411 19.80092163 19.23334554 20.16658437
  19.86575464 19.81087844 19.69349978 19.547745   19.92429711 19.48534563
  19.54419985 20.43732893 19.59330104 19.70472208 20.60862252 19.60960995
  20.13843779 19.88743828 20.25138327 19.55546648]
[19.42706425 20.07932341 19.41469909 19.51195547 18.99520767 19.17374404
  19.83141687 20.13177206 19.08250414 19.38359191 19.74891158 19.48485444
  19.55617277 19.21016868 19.26959838 28.6484237  19.44164823 19.38200011
  19.02948932 19.49865125 19.80362788 19.94240995 19.21622357 19.26212373
  19.23939581 19.77462431 19.13232696 19.37984788 19.18351829 19.26299254
  19.95560849 19.20655514 19.77019886 19.94046836 19.61907549 20.12970843
  19.79570767 19.24752999 19.41944225 19.25809367 19.17272096 18.75048167
  19.76622477 19.84811727 19.23258735 19.78009358 19.59267931 19.11461662
  19.44898424 19.09186892 19.72316523 18.79389865 19.60666154 19.56503728
  18.9657884  19.33654156 19.17456912 19.62561391 19.36108399 19.29567118
  19.29305412 18.99679653 19.58156667 19.98171213 19.00288493 19.60330255
  19.02800619 19.18636575 19.19724874 19.66813229 19.64380139 19.22266225
  19.65346004 19.68278239 18.95177908 18.60052359 18.99614025 19.15736876
  19.03089386 18.91062956 19.16015095 19.01780751 19.04862189 19.54173664
  19.74011117 19.42509547 19.31055261 19.27797068 19.4778691  19.08906632
  18.80988191 19.61759562 19.35016019 19.44425098 20.17829649 19.39107061
  19.75995845 18.98386152 19.37698924 19.52750706]
[20.00619223 20.04347976 20.00650621 20.14302058 19.53141281 20.06767805
  20.2746699  19.90443643 19.96963985 19.8015676  20.25900546 20.00241815
  19.77138473 20.05478904 20.00252417 19.44164823 29.44217484 20.0437174
  20.15148879 20.03868684 20.23084637 20.04028025 19.81955972 19.74827514
  19.46126607 19.9125334  19.59146935 19.72622693 19.36946438 19.63079697
  20.45985864 19.79102977 19.97847796 20.5811758  19.72839754 20.42754946
  20.45272484 19.52723786 19.6826032  19.9064434  19.33067491 19.1174344
  20.20375716 20.12580962 20.00900464 20.20686656 19.55581432 19.67101605
  20.09380976 19.83743491 19.76217361 19.4045871  20.28942712 19.90929016
  19.58886182 20.18896615 19.51249132 19.96363918 19.75110805 19.81741079
  19.83104269 19.53342068 19.91135107 20.03235394 20.09266798 19.77694004
  19.71735687 19.83483595 19.49289751 19.8651749  19.54623319 20.16028977
  20.31203602 20.13106237 20.03186392 19.35879091 19.45470843 19.64608945
  19.64365517 19.35579581 19.82150153 19.43496712 19.24684507 20.01710001
  20.0010513  20.08731065 20.24778754 19.92568268 19.8716645  19.78349812
  19.49793891 20.06422973 18.97950167 19.79110977 20.34480931 19.32839967
  19.73384268 19.57927767 20.18571708 19.64301835]
[20.16997584 20.09101048 20.15359678 19.97569231 19.81323351 20.3476266
  20.55565145 20.18861508 19.91983521 19.72460896 20.26192495 20.08018505
  19.91547394 20.01437575 20.23823703 19.38200011 20.0437174  29.94704037
  20.06632117 20.41514556 20.20422049 20.17834792 19.83930141 19.78532656
  20.1267968  20.65597226 20.06266438 19.80356184 20.00942925 20.19510282
  20.15423293 19.92107004 19.98834755 20.93944039 20.21403667 20.54687362
  20.29650922 19.74646834 19.88627848 19.96919162 19.86997822 19.82567422
  20.50250139 20.1663467  20.307291   20.34125802 19.91842448 20.32311715
  20.14925317 20.02600543 20.33595954 19.69081383 20.05071248 19.94092977
  19.06830833 20.26068951 19.76994875 20.06600438 19.86443518 20.16247856
  20.06882221 20.11010384 20.08494288 20.73067125 19.73976018 20.33888949
  20.31852312 19.96262038 20.01043085 19.93760516 20.0436082  20.3196177
  20.27992065 20.25402215 19.65584057 19.22595499 19.83691698 20.00780922
  19.75770289 19.37062001 20.26461651 19.61339602 19.38322673 20.27986807
  20.36328547 20.14082903 20.03819763 19.79924923 20.14753814 19.40504096
  19.28147912 20.53319773 19.8490118  19.65326511 20.63426611 19.81835282
  19.80622221 19.73336543 20.48206686 20.07519724]
[20.22619927 20.30894974 20.21233975 20.28589845 19.48125692 19.74529617
  20.38452165 19.91008339 19.7010184  20.09127756 20.3568283  20.04589541
  19.4507021  20.21104681 20.14177503 19.02948932 20.15148879 20.06632117
  29.81124573 20.07668145 20.36541376 20.41628013 19.87525213 19.86849415
  19.97427978 19.93745531 19.93720336 20.15155132 19.6834812  19.89184096
  20.06106091 19.65395764 19.9290224  20.600511   19.85236215 20.38045032
  20.56552148 19.68832379 19.68463958 19.73038255 19.75969246 19.60783413
  20.09171594 20.47122236 20.33719091 19.94409736 19.72682995 19.99272613
  20.43168375 20.16158863 20.12953678 19.65560979 20.08130414 19.98417085
  19.25060943 20.01763232 19.33030659 20.07175051 20.13693312 19.94342909
  20.23238148 19.77964875 19.68697519 20.18667606 20.10566396 20.39766115
  19.70950282 19.77220178 19.6924071  19.96892063 19.80440104 20.16272864
  20.53899861 20.16479698 19.81586773 19.60554379 19.30443399 19.78386728
  19.28054581 19.46757047 20.04609918 19.89002353 19.1895463  20.01617853
  20.01589002 19.65979997 19.71764873 19.80470302 20.04112438 19.43054852
  19.40149739 20.38712752 19.64521505 20.29312467 20.40198572 19.84638266
  19.93150736 20.13665312 20.33296126 20.04286659]
[20.23624024 20.54936851 20.31119121 20.35123991 19.10220901 20.04854064
  20.32415302 20.4451418  20.44829045 20.01639073 20.58648899 19.94942614
  19.77309992 20.47887541 20.18218333 19.49865125 20.03868684 20.41514556
  20.07668145 30.19124456 20.70436544 20.59033853 20.12156932 20.44292236
  20.02113218 20.23150259 20.30266429 20.19222301 20.08732496 20.14783394
  20.82835297 20.32143305 20.32810081 20.91973943 19.82138351 20.9683987
  20.34179554 20.21156078 19.89006816 19.87546089 20.35500604 19.90408278
  20.66537416 20.91584141 20.01142213 20.22769449 19.80748774 20.29326763
  20.31042762 20.72904052 20.34154989 19.9867831  20.25561224 20.26820745
  19.67507623 20.23043351 19.96425843 20.00401931 19.94959508 20.3549287
  20.19868727 20.13000063 20.319239   20.9422509  20.11806279 20.48915879
  20.00283175 19.737908   19.52142763 20.34419009 20.06067562 20.12532715
  20.54052911 20.666144   20.42156259 19.55860766 20.07743091 20.05666845
  19.72449445 19.80199516 20.25093441 20.07601234 19.60189072 20.55350152
  20.41613401 19.96815914 20.23638202 20.29437066 20.44151034 19.72155375
  19.50054425 20.87704296 19.69081809 20.17584674 20.57542794 20.01271919
  20.26357564 20.10549762 20.6434232  20.27405017]
[20.51578473 20.71293229 20.82044823 20.43264689 19.54588468 20.1773858
  21.10173109 20.24301527 20.4349306  20.35570595 20.78208443 20.41468928
  20.35821553 19.95753254 20.22558122 19.80362788 20.23084637 20.20422049
  20.36541376 20.70436544 30.4392424  20.76410393 20.19193633 20.56256911
  20.0809579  20.377612   20.12747638 20.22931106 20.00389046 20.08960622
  20.58253094 20.13697482 20.60106674 21.06997279 20.23418117 21.2042541
  20.707853   20.2346263  20.50519458 19.85516431 19.73309096 19.78391151
  21.02121157 20.93194784 20.31145479 20.64365753 20.13277679 20.40019039
  20.1780028  20.61677266 20.73738132 20.22401647 20.70734197 20.56015662
  19.78877823 20.29293481 20.08631823 20.50438742 20.21819393 20.53941921
  20.49343445 20.37474442 20.63830826 20.93120046 20.66169033 20.4281854
  20.49251414 20.18491229 20.19471419 20.38006924 20.1750848  20.28380407
  20.87976145 20.60927099 20.23613489 19.80060656 19.97547673 20.27979795
  19.96063108 19.87585985 20.57968261 20.22394344 19.78392761 20.37807125
  20.75954744 20.21915357 20.34378387 19.80958015 20.5416892  20.26792573
  19.89719274 21.09818003 20.05284422 20.53389995 20.90388604 19.84370287
  20.49262577 20.34764084 20.76747859 20.28515759]
[20.15999199 20.94844234 20.50210791 20.49204681 19.6758764  20.08192019
  20.56782331 20.68690086 20.39622116 20.71908531 21.01728296 20.26623557
  20.33189081 20.03241925 20.33454882 19.94240995 20.04028025 20.17834792
  20.41628013 20.59033853 20.76410393 30.75354573 20.54965971 20.5347937
  20.50813232 20.19603636 20.38548302 20.29915688 20.48575946 20.1201578
  20.79408804 20.12703252 20.59162237 21.35999498 20.08699011 20.90715039
  20.92315069 20.23553346 19.87084936 20.08431268 19.75943994 19.6739622
  20.93985188 20.86358507 20.47026224 20.60511152 20.30814446 20.60964286
  20.36952127 20.82296533 20.76601333 19.70075595 20.30314021 20.74334899
  20.04141883 20.22401887 20.10338677 20.13097124 20.5454051  20.36147471
  20.19867296 20.03173239 20.62837803 20.99433925 20.29536927 20.220576
  20.10185113 20.53665317 20.29039541 20.69099122 20.13115893 20.2945334
  20.63681199 20.85282176 20.41400996 20.08280402 19.9481728  20.09955057
  19.87213077 19.88570312 20.65500842 19.91122741 19.8426591  20.83920201
  20.53120496 20.40564234 20.24674593 20.24359193 20.30217537 20.11002957
  19.79009664 20.68004214 19.82432677 20.02105613 20.51587647 19.95706226
  20.08476079 20.63965724 20.6784718  19.74520741]
[19.84846515 20.24986768 20.42542917 19.80030247 19.87806136 19.68601443
  20.61342092 19.87743213 19.84372477 19.91794155 20.35869569 19.87793916
  19.78147592 19.96624976 19.79979365 19.21622357 19.81955972 19.83930141
  19.87525213 20.12156932 20.19193633 20.54965971 29.64862604 19.66937818
  19.87773939 20.12091618 19.51924696 19.81378337 19.81754807 19.91282937
  20.05842247 19.92265059 19.95140494 20.79575257 19.79974724 20.60536903
  20.49569406 19.68458702 20.00904067 20.07677161 19.24200446 19.28477135
  20.28003557 20.36910686 19.91326825 19.99327258 19.60766963 19.92621456
  20.0202493  20.18927895 19.93850363 19.71559222 20.31620262 20.13910659
  19.30037904 20.10446736 19.65355113 19.95846587 19.83630557 19.94039594
  20.00818415 19.24937218 19.70621717 19.80328594 19.74952316 19.94027073
  19.33665961 19.78292225 19.95766908 19.95338873 20.10796909 19.8528932
  20.48390476 20.05989567 19.89031584 19.31125608 19.7941555  19.38677612
  19.50267226 19.43286393 19.96278246 19.59189064 19.24886525 20.17264494
  20.18751097 20.04948348 19.95398109 19.6922417  20.29208825 19.85612439
  19.30708099 20.3767264  19.71088877 19.96274186 19.77873304 19.97187584
  19.94526132 19.73154638 20.42334155 20.18490767]
[20.0586152  20.27934775 19.9591334  19.94377216 19.5171793  19.75001749
  20.54973906 20.22734423 19.74151034 19.77715836 20.60247804 19.92976261
  19.73475931 20.01878671 20.16353397 19.26212373 19.74827514 19.78532656
  19.86849415 20.44292236 20.56256911 20.5347937  19.66937818 29.82090701
  20.01367143 20.01739737 19.77055222 20.17022857 19.64070261 19.89277567
  20.41905004 19.9451006  20.23444701 20.78780025 20.18204278 20.65094408
  20.07369067 20.37486544 19.81303722 19.89651505 19.89627563 19.19992502
  20.52371211 20.62585985 19.96153437 20.08774197 19.94019986 19.76439271
  20.1663033  20.26455975 20.31430288 19.67934393 20.16083406 19.75677345
  19.48085849 20.27589172 19.51794932 19.29784574 20.29821071 19.92486957
  19.99394828 19.96152429 20.12242518 20.29038139 20.05836612 19.89605098
  19.97651171 19.78817207 19.71000329 20.11106757 20.1856723  20.2927374
  20.47531725 20.14206139 20.0602753  19.53936977 19.60760696 19.65403096
  19.49260009 19.71064992 20.18912306 20.07019229 19.21972123 20.00845366
  20.19727414 19.87138167 20.11283054 19.93809373 20.46235178 19.70928823
  19.66723497 20.62110635 19.86634234 19.94709107 19.98340542 20.05407531
  19.94180675 19.69146051 20.41645067 19.86666253]
[19.92606276 20.52244252 20.07250241 20.31405803 19.45246843 20.02083795
  20.4286361  20.13851439 19.96529307 20.05049449 20.41363619 19.90706479
  19.83742523 20.16736198 20.23861319 19.23939581 19.46126607 20.1267968
  19.97427978 20.02113218 20.0809579  20.50813232 19.87773939 20.01367143
  29.15036196 20.00497781 19.86205656 19.78151023 19.17617491 20.0116093
  20.14117089 19.53721814 20.01484852 20.74306066 20.07253349 20.52152867
  20.32839044 19.8510543  19.77428501 20.11489596 19.68140701 19.55251081
  19.92260599 20.40567576 20.00928418 20.14713292 20.12274928 19.88681659
  19.68443159 19.90909743 19.97476117 19.8196136  20.24855804 19.61640895
  19.4012288  20.12366829 19.51416758 19.86956608 20.29535818 19.78386649
  20.21288697 19.7245032  20.0525017  20.40513336 19.81626317 20.11882948
  19.81593413 19.51528584 19.49255449 19.95220962 19.77658346 19.92622412
  20.12941812 20.38568552 19.9061617  19.38077725 19.4215317  19.69795207
  19.6212188  19.20374148 20.05034716 19.67741638 19.18522328 20.3672813
  20.25470918 20.21302138 19.94373769 19.96267643 20.19106898 19.43719747
  19.64291041 20.76994117 19.51414317 19.88910414 20.32470382 19.49423467
  20.18049976 19.68873069 20.08173895 19.56548108]
[20.23429433 20.58917423 20.5454987  20.09594315 19.80883066 20.3197237
  20.65756454 20.73352658 19.66901063 20.35414177 21.10861922 20.22414212
  19.98920799 20.11498932 20.22702819 19.77462431 19.9125334  20.65597226
  19.93745531 20.23150259 20.377612   20.19603636 20.12091618 20.01739737
  20.00497781 30.09408036 20.02567216 20.24781505 20.14092374 19.91219783
  20.2339528  20.11773692 19.9468873  20.99631454 19.83810928 20.8755463
  20.56458594 20.44806828 20.35349171 20.4594684  20.1448997  19.91189683
  20.48929874 20.73550471 19.89558591 20.36047079 19.95490481 20.32142636
  20.70002551 20.36340937 20.46366963 20.16860638 20.31608804 20.45943486
  19.5359169  20.5458803  19.87026131 20.46195368 20.25152037 20.11210648
  20.48883247 20.14681201 20.06510169 20.63597366 20.56247565 20.32548692
  20.24208231 20.18668573 20.1087499  20.49789179 20.13923023 20.2108553
  20.40559491 20.34948909 20.21873568 19.40674743 19.82900759 19.84928995
  20.04572519 19.51854495 20.31647842 19.91729312 19.44883863 20.54608588
  20.59574568 20.2127212  20.01192852 19.71053734 20.46160382 20.10502928
  19.47519554 20.35594188 20.29144928 20.14870592 20.71007148 20.05950944
  19.81078387 20.31219217 20.93531735 20.17419405]
[20.23785445 20.14521112 19.9070117  19.97192854 19.22045014 19.71936352
  19.98457358 20.03247541 19.46011173 19.94130827 19.9633807  19.77237031
  20.09661223 19.48291176 19.96675505 19.13232696 19.59146935 20.06266438
  19.93720336 20.30266429 20.12747638 20.38548302 19.51924696 19.77055222
  19.86205656 20.02567216 29.13363241 19.86929568 19.22657822 19.98404689
  19.9667886  19.6502703  19.91701427 20.61658057 19.61047917 20.46172787
  20.39725185 19.65431887 19.60123425 19.73954629 19.52252622 19.27914661
  20.02329718 20.44083084 19.96427715 19.69704705 19.74290863 20.09486972
  20.04176163 19.94405467 19.82481855 19.37655537 19.89723738 20.05044795
  19.24129194 20.23229993 19.47896189 19.81897662 19.69662897 19.93209367
  19.63228757 19.74764318 20.14668447 20.18682484 19.63034927 19.51950882
  19.80981501 19.66682373 19.87866898 19.60791643 19.59211485 19.99654007
  19.77421195 20.06803827 19.59656289 19.07292058 19.67625241 19.48176334
  19.45604098 19.21167254 19.91882185 19.35181101 19.0821667  19.88306851
  20.25511434 19.8689911  19.79973406 19.36006685 20.28572263 19.00526315
  19.45292851 20.12411053 19.28058345 19.8272051  20.06204124 19.54519307
  19.46560477 19.64323747 20.16373666 19.49080245]
[19.68612556 20.08308006 20.00716146 20.21470889 19.20244562 20.07839088
  20.25270514 20.02932173 19.74323703 19.98844861 20.24375414 19.60415989
  19.78184175 20.25709776 19.87013124 19.37984788 19.72622693 19.80356184
  20.15155132 20.19222301 20.22931106 20.29915688 19.81378337 20.17022857
  19.78151023 20.24781505 19.86929568 29.63252241 19.55114639 19.52320758
  20.00487257 19.76628553 20.07668934 20.34082828 19.67145799 20.74015269
  20.29143447 19.77473277 19.50879091 19.55697161 19.66894549 19.53261588
  20.36148152 20.2024569  19.95339181 20.08741554 19.85365614 19.75434884
  19.7414152  19.98040146 20.61056168 19.97934403 19.74189074 19.7138459
  19.19643732 19.88056131 19.57768274 19.78057548 19.88257711 19.80761633
  20.16466524 19.61095071 20.01270628 19.98607645 19.84955901 19.75851309
  19.82765563 19.41856032 19.76922333 19.83201256 19.89529623 20.12579299
  19.94706621 20.32108725 19.89309743 19.72718852 19.20376962 19.88472633
  19.70134311 19.33538437 20.34092844 19.79833184 19.31944079 20.08504463
  20.09352042 19.87888476 19.5602546  19.54036423 20.50687973 19.58684491
  19.45095935 20.34118028 19.55405301 19.52881039 20.17435158 19.78820678
  19.75228254 20.19335045 20.04794403 20.30456205]
[19.56558248 20.02564776 20.0583803  19.75618152 19.10175471 19.85752446
  19.97659075 19.76868733 19.37758106 20.26766426 20.05923345 19.75239766
  19.80231113 19.93233026 19.78458432 19.18351829 19.36946438 20.00942925
  19.6834812  20.08732496 20.00389046 20.48575946 19.81754807 19.64070261
  19.17617491 20.14092374 19.22657822 19.55114639 29.19460084 19.73556763
  19.91167328 19.60133974 19.70032262 20.34841164 19.51111291 20.64279737
  20.05147814 19.45903763 19.73671111 19.95229681 19.38061049 19.22120058
  20.0886729  20.4950064  19.74400776 20.16550836 19.8039128  19.90012947
  19.64674231 19.6944709  20.12006803 19.45399518 19.5052114  20.09348899
  19.04877701 20.0668425  18.99671667 19.92751735 19.72841238 20.08680288
  19.67786266 19.18810085 19.49694686 19.98640306 19.66938949 19.50638995
  20.01851934 19.60984002 19.23496637 19.52637835 19.32820359 19.55974797
  20.06046384 20.20367258 19.63273294 19.20240165 19.08260806 19.41126861
  19.29753523 19.46019552 19.61735225 19.03323413 19.1002578  19.90101975
  19.94267337 19.50282977 19.27736799 19.29920328 19.89315764 19.5783983
  19.25994241 20.06843816 19.55694306 19.45105181 19.97689286 19.53599504
  19.73452823 19.52671166 19.96702055 19.81088576]
[19.86436742 20.20510703 19.93044437 20.22386448 19.59659491 20.10252339
  20.34626544 20.4455281  19.70627573 19.76906867 20.64143196 19.91554692
  19.26834268 19.9441628  20.33251503 19.26299254 19.63079697 20.19510282
  19.89184096 20.14783394 20.08960622 20.1201578  19.91282937 19.89277567
  20.0116093  19.91219783 19.98404689 19.52320758 19.73556763 29.72780362
  20.11179778 19.54512415 20.21641268 20.71752105 19.90026766 20.72771291
  20.39055095 19.66631294 19.54873081 19.93762004 19.74544878 19.36150076
  20.04702683 19.91009539 20.33190094 20.06852524 19.81551995 20.02555902
  20.07680809 20.12458322 20.14057363 19.76059109 19.88984381 19.83375993
  19.32523524 20.20004369 19.5079732  19.96292419 19.96007641 19.77784681
  20.13695907 19.90325549 19.89371947 20.32608284 20.0358869  19.85821312
  19.84601904 19.60097379 19.70112547 19.7512868  19.91361578 19.92925936
  20.3309254  20.39460921 19.51585407 19.3598177  19.58660878 19.8388779
  19.51443788 19.45913153 20.28974815 19.50333596 19.26220579 20.31366541
  19.9894513  19.96319411 19.51716994 19.70914449 19.89589494 19.5482069
  19.47072527 19.8656797  19.47663754 19.51261611 20.282925   19.58300991
  19.92988292 19.77388186 20.55608127 19.78479305]
[20.66082489 20.56911317 20.1330022  20.27552113 19.34946819 20.27470953
  20.54655246 20.58334269 20.53647238 20.19976162 20.98397249 20.07599669
  19.92294482 20.59269665 20.30551322 19.95560849 20.45985864 20.15423293
  20.06106091 20.82835297 20.58253094 20.79408804 20.05842247 20.41905004
  20.14117089 20.2339528  19.9667886  20.00487257 19.91167328 20.11179778
  30.56881054 20.12222779 19.99042626 21.14111213 20.33664364 21.07206192
  20.73105481 19.86370417 19.9894891  20.47486694 19.89480739 19.45422064
  20.91663104 20.35916199 20.39425089 20.03954369 20.39634425 20.32481194
  20.4100985  20.68778692 20.31857051 19.82541614 20.6341632  20.34063417
  19.94438806 20.19825522 19.76461029 20.03055415 20.14447385 20.43671347
  20.37321586 20.07272982 20.42515466 20.62554873 20.27812113 20.29914129
  20.14639484 20.09893418 20.20194214 20.50921667 19.99301144 20.80961813
  20.22721675 20.50302288 20.19167001 19.65499197 19.72100924 20.13626213
  20.2663728  19.53026087 20.50363567 20.13969986 19.69079893 20.82697943
  20.58388133 20.32668788 20.30672646 19.9951183  20.46000311 19.75235072
  19.84655868 20.91750699 19.98298131 20.28323706 20.7499098  20.19408456
  20.35108955 19.92381001 20.61056176 19.88739402]
[19.74643007 20.01123967 20.2607927  20.28041487 19.12423378 19.56758502
  20.34744313 19.73626563 19.60279424 20.20923846 20.10256243 20.18650757
  19.72424011 19.88367147 19.83912505 19.20655514 19.79102977 19.92107004
  19.65395764 20.32143305 20.13697482 20.12703252 19.92265059 19.9451006
  19.53721814 20.11773692 19.6502703  19.76628553 19.60133974 19.54512415
  20.12222779 29.60959008 19.92637075 20.70627051 19.7723626  20.39798224
  20.38035268 20.2326491  20.11742001 19.76331217 19.30030524 19.18332742
  20.18408142 20.09707693 19.76491068 19.90216791 19.76930862 19.74252156
