3809
100
10
28.97008009807621

[0.02496353 0.03277971 0.02538931 0.04879588 0.08525807 0.03782515
 0.09087638 0.04163217 0.07251494 0.04051918 0.045599   0.06939831
 0.02897697 0.09947058 0.07435377 0.03802417 0.02856942 0.02927203
 0.02591407 0.03873336 0.03539338 0.03089021 0.05243394 0.0933304
 0.07762102 0.05433859 0.03021574 0.04906734 0.05057563 0.07896856
 0.06105723 0.06343118 0.06899981 0.06814261 0.02498222 0.07288528
 0.0643724  0.0792799  0.04590317 0.05457874 0.09637077 0.09498037
 0.03179944 0.06697518 0.05711449 0.03234156 0.08953809 0.07400874
 0.07471439 0.09762203 0.08528513 0.0916553  0.04884842 0.0422001
 0.02392689 0.05126606 0.0809921  0.07904596 0.05942035 0.04187894
 0.04779418 0.08945208 0.08163672 0.0647572  0.06524068 0.07755837
 0.09403735 0.08545302 0.02002587 0.09051462 0.05358311 0.08970214
 0.09062299 0.09835115 0.0376943  0.0270016  0.0782737  0.09905479
 0.0413221  0.07664998 0.07726742 0.02385517 0.0745675  0.03558321
 0.0386615  0.02929753 0.05133108 0.0647393  0.03588752 0.04773449
 0.02621888 0.08900157 0.03490459 0.08205792 0.05260363 0.02833332
 0.03248678 0.0517186  0.07102774 0.07966707]

[[29.82313231 19.99037168 19.62506807 19.48640913 20.0558781  19.82168195
  19.845678   20.38906934 19.87990833 19.90662203 20.11107785 20.41750683
  20.26807002 20.23844189 19.9173285  20.31126267 19.38956029 20.1239035
  19.49531454 20.13287162 19.69689594 19.33483929 20.44831894 19.82995947
  20.42186472 19.97800244 20.3057265  19.83950695 19.99201726 20.12779518
  20.1260036  19.81372299 20.57692075 20.3342108  20.49972075 20.31851652
  20.02995834 19.87273916 20.78047323 20.14925972 19.80496839 19.79977035
  20.477755   20.03197097 19.72701647 20.22215145 20.1845497  20.30489806
  19.94527195 20.18913715 20.17801369 19.99855413 20.35438756 19.82229876
  19.75899719 19.96368393 19.56389528 20.32340538 19.49130676 20.03948933
  19.81202245 19.96177758 19.10755758 20.40773911 19.88988015 20.38667696
  20.49606943 20.22423709 20.04103231 19.95690502 19.53098957 19.61012197
  20.14242425 20.22091706 20.33691293 20.58585377 20.26922496 20.36054943
  19.73973657 20.03921279 20.10675819 19.9099126  20.56898795 19.99259911
  19.90798436 20.76019434 20.24112929 20.19154764 19.794554   20.37270659
  19.16811881 19.57519856 19.99477175 20.34086649 19.93412131 19.66084797
  20.29607353 20.47264467 19.7826185  19.52033578]
[19.99037168 30.13497601 19.77916661 19.32020982 19.96741875 20.19594732
  19.37677572 20.25569    20.04135072 19.96194755 20.3687641  19.92548334
  20.28594957 20.34024386 20.41803309 20.51474319 19.73776397 20.43236258
  19.48887004 20.06369113 20.1889905  19.93612775 20.36189853 19.55091417
  19.83723288 20.53009943 20.18935853 20.18225925 19.85135655 20.15282069
  20.33999304 19.73922487 20.77456013 20.14892575 20.29578901 19.96299306
  20.17653581 19.98124368 20.23602566 20.26479482 20.00545637 19.88020927
  20.59055401 20.32288508 19.75191009 20.03529134 19.98258931 20.80051016
  20.5348841  20.97306031 20.20350254 20.25518063 20.58680521 19.99134172
  19.93427215 20.23242905 19.86703228 20.39152602 19.87561167 20.30935382
  19.59985511 20.14293506 19.68694688 20.52410318 19.74955476 20.47510989
  20.53952131 20.09525737 19.7219498  20.11291562 19.89316524 19.47628347
  20.14961139 20.41181848 20.3226298  20.42033528 20.1308632  19.99453734
  19.75118948 20.11230473 19.95737057 20.16239777 20.36707552 20.2154788
  20.13809462 20.43489687 20.78907998 20.54966459 19.85088399 20.14402617
  19.30813198 19.90616512 19.56569791 20.27682543 19.69788007 19.87671946
  19.99007213 20.22754909 20.03211435 19.52267525]
[19.62506807 19.77916661 30.0002033  19.17534634 20.0362873  20.03463595
  19.82470049 20.18107616 20.65381236 19.76172716 20.1723871  19.9841463
  19.48764544 20.30600433 20.26686236 20.37474731 19.46368211 19.96151658
  19.56561046 19.92198631 20.21942174 19.41049956 20.29233702 19.46231622
  20.05814329 20.30215899 19.86448806 19.59737365 20.17806886 19.98807188
  19.75619868 19.9489361  20.70413627 19.98983084 20.17094339 20.10862178
  19.70803833 19.81618195 20.75001712 19.91701983 19.59907424 19.95445949
  20.17301308 20.07402628 19.67108696 19.97581904 20.03497735 20.54785664
  20.20930517 20.3955446  19.83073139 19.86879708 20.96387043 19.67057754
  19.57893967 19.90216919 19.5865467  19.98966141 19.64929107 20.21332332
  19.66632797 20.15033107 19.66985011 20.38452503 20.32347683 20.48836689
  20.05371695 19.80067775 19.32988364 20.44537328 19.83817126 19.20984966
  19.91198141 20.44272774 20.56541075 20.21058424 20.05043811 19.75308616
  19.93339801 20.2033394  19.583446   20.19915955 20.26997989 19.67961575
  19.77710589 20.61279936 20.4039455  20.30316926 20.08498141 20.09216921
  19.30723105 19.92897265 19.52067074 20.40724496 19.4147371  19.60732851
  20.09707427 20.04383569 19.79754583 19.62786683]
[19.48640913 19.32020982 19.17534634 28.23573583 19.13898217 19.4697363
  18.96850352 19.58798154 19.30036605 19.08349656 19.4924722  19.43164476
  19.55126524 19.79277959 19.35174539 19.60842002 19.25999278 18.93490765
  18.94793027 19.53136285 19.39063128 18.9576608  19.35220238 19.23263409
  19.14504695 19.35092497 19.20332689 18.9753378  19.23050781 19.21408987
  19.11703789 19.23014397 19.59968319 19.41241414 19.41995998 19.90449305
  19.19046222 19.36332788 19.85068627 19.89123591 18.64612073 19.25286981
  19.51438747 19.64937046 19.25795471 19.23737294 19.65555929 19.64418851
  19.1517065  19.80451424 19.28132248 19.15573705 19.81075242 19.16345121
  19.09187084 19.00460892 19.18572907 19.45982978 18.96006231 19.09662751
  19.25611962 19.28740222 18.92743069 19.80186598 19.32403258 19.91323245
  20.09348506 18.74175951 18.95945499 19.35442936 19.23368519 19.16670056
  19.22052815 19.47655599 19.38955369 19.83008549 19.07544564 19.45024414
  19.41515132 19.75876761 19.24422877 19.49155545 19.69844855 19.3093121
  19.12877528 19.46596448 19.39540059 19.45434498 19.07414749 19.39387199
  18.52853602 18.71420538 18.6183043  19.58916963 19.23618449 18.96157272
  19.49573862 19.70222278 19.1238592  18.73724738]
[20.0558781  19.96741875 20.0362873  19.13898217 30.19655922 19.92369653
  19.61706525 20.58088792 19.76242117 19.99604006 19.70871531 20.08737761
  19.89918428 20.71471384 20.13398604 20.49654346 19.44475351 20.10047358
  19.39544601 20.4473225  19.84072893 19.38868232 20.48116991 19.40177657
  19.84189479 19.92854172 19.72552332 19.64323348 20.15767862 19.91453651
  19.88757043 19.56457325 20.13434052 19.71430534 20.23505608 19.84954047
  20.08919899 19.94148734 20.70455208 20.14225422 19.83535268 20.23925359
  20.40931453 20.44255499 19.87679345 19.8922749  20.24877031 20.41834247
  20.06104467 20.61176345 20.02888646 20.01578897 20.56541339 19.57017129
  19.85143007 20.2160993  19.71951388 20.44929521 19.27933363 19.86083352
  19.53544064 20.4160841  19.10922777 20.18750976 20.12628534 20.09493848
  20.25594778 19.80812147 19.75078842 20.02537068 19.59101092 19.8627548
  20.02460131 20.23161297 20.46691242 20.25830227 19.83363148 20.26741946
  20.02278619 20.38239138 20.13007764 19.90923213 19.99687328 20.07608329
  19.84879945 20.19059778 19.95748669 20.04328745 19.58334143 20.03352723
  19.3182109  19.42614964 19.65871987 20.43673741 19.70126887 19.30991058
  19.9402502  20.15857921 19.8366464  19.71619261]
[19.82168195 20.19594732 20.03463595 19.4697363  19.92369653 29.51815232
  19.78063802 20.64264374 20.12850158 19.75155499 20.27800124 19.8221066
  19.87873779 20.36101785 19.95214485 20.37900018 19.73520948 19.98592737
  19.70784583 20.04815631 20.00122183 19.66833559 20.21098425 19.88083365
  19.87104155 20.3445825  20.20803652 19.76621122 20.20985177 20.30727396
  19.9554894  19.62985092 20.40319174 20.11121946 20.08459938 19.99428524
  20.05902094 19.71045626 20.45911705 20.5603735  19.78392856 20.07536574
  20.40984683 20.42232679 19.83048605 19.68330678 19.91571432 20.74512648
  19.8394971  20.24557596 19.83967618 20.18259615 20.25449958 19.82242512
  19.81590198 20.32268398 19.34910052 20.27101108 20.08228012 19.7985424
  19.8489796  20.10198268 19.40560004 20.46513222 20.07755282 20.14496854
  20.09577081 19.82279461 19.62185378 20.26589419 19.97565178 19.58674997
  20.41834557 20.18848627 20.30729499 20.295066   19.55360343 19.94875852
  20.18285473 19.89356411 20.35840913 19.78655332 20.33990096 20.02445293
  19.84821456 20.68860613 19.86252579 20.19343277 19.90740599 20.31222743
  19.61960505 19.83460571 19.45850927 20.03359232 19.84261677 19.78895185
  20.28044715 20.26133381 19.79061685 19.28829797]
[19.845678   19.37677572 19.82470049 18.96850352 19.61706525 19.78063802
  28.97563873 20.39714167 19.89717801 19.63103555 19.51369751 19.758316
  19.75412418 20.11804314 19.97770387 20.36559262 19.24014318 20.17863543
  19.44575925 19.97488608 19.93186668 19.6809033  20.33826703 19.52130607
  19.87893405 20.26784301 19.45549629 19.44122161 19.91919418 19.77296357
  19.9571974  19.81644308 20.28096365 19.73854355 19.63290701 20.01656453
  19.5560178  19.4429973  20.4966294  20.11101159 19.44100947 19.87726495
  20.00165674 19.95107344 19.66377937 19.77160255 20.52396938 19.97404458
  19.78589428 20.19616593 20.3437804  19.93364546 20.38593613 19.89392778
  19.3979985  20.21606534 19.30030422 19.89628191 19.87570361 19.73357434
  19.49114097 19.98615601 19.54253347 20.02342432 19.93681639 20.27146688
  19.99010456 19.6057737  19.52167032 19.80717849 19.54400052 19.26763334
  19.74685589 20.31446987 20.14741326 20.11016    19.75315768 20.00813149
  19.48743829 20.2216587  19.82310856 20.03061585 19.6155147  19.85427979
  19.66469933 20.31031832 20.11964503 19.96829621 19.57887723 19.63381368
  19.28951317 19.50268402 19.72516874 19.99897922 19.2098607  19.47733287
  19.69658028 20.12049    19.53160641 19.15383016]
[20.38906934 20.25569    20.18107616 19.58798154 20.58088792 20.64264374
  20.39714167 30.71198531 20.96211298 20.18321611 20.52240518 20.44754751
  20.80162406 20.71773891 20.45168324 21.13028509 20.51138606 20.31552634
  20.32895779 20.62132306 20.47616415 20.20769902 20.71649723 20.47945908
  20.27773378 20.88050214 20.25966834 20.38608343 20.12352308 20.40062628
  20.29552118 20.20945152 20.45002578 20.48805992 20.91855024 20.23145377
  20.31255632 20.3148965  20.85694782 20.84287223 20.0103185  20.66118811
  21.22142439 20.57829109 20.06536494 20.57141964 21.21966653 20.60629895
  20.43131487 21.38786486 20.685537   20.43695446 20.96892237 20.10674531
  20.11065422 20.8003616  19.78322731 20.80588445 20.05411215 20.7029701
  20.0388658  20.81986827 20.2655505  20.74125346 20.42001903 20.95259797
  20.90924212 20.1501909  19.75297908 20.46185647 19.99621694 20.05666945
  20.48031968 20.76615695 20.57586469 20.59888217 20.40758493 20.77214012
  20.4482889  20.86112387 20.39212409 20.6515241  20.64747322 20.52912288
  20.12316385 20.41431238 21.13568857 20.4723457  20.2370805  20.5377666
  19.65003001 20.3610823  19.85830023 20.18981243 20.02404894 20.09516946
  20.4172329  20.7826796  20.08320471 19.97666542]
[19.87990833 20.04135072 20.65381236 19.30036605 19.76242117 20.12850158
  19.89717801 20.96211298 30.16983596 19.51182008 20.03487037 20.3841515
  20.11015275 20.63395952 20.55738492 20.24407248 19.74853073 20.18793499
  19.79290076 20.46776545 20.15255788 19.86404841 20.26275921 20.00643673
  19.93939057 20.43770895 20.18960376 20.17249558 20.26863919 19.90014705
  20.21446196 19.87234447 20.59499891 20.14653828 20.59015528 19.95450385
  19.950829   20.02979166 20.76469442 20.45334649 19.81663758 20.09265911
  20.49245364 20.72416441 19.70980458 19.93766717 20.67464997 20.76588799
  19.94437803 21.05593252 20.06665135 20.12582394 20.42842272 19.89018277
  19.96000142 20.74042128 19.57469748 20.30793025 19.94276446 20.02321139
  19.77839053 20.06208021 20.04362465 20.91014514 20.4779105  20.44025703
  20.65681827 19.8657067  19.61756312 20.43586994 20.1890273  19.68527711
  20.23599461 20.90383214 20.71309825 20.64500443 20.18169498 20.21868339
  19.98738147 20.59407305 20.40642317 20.56554818 20.39090045 20.14045486
  20.37978339 20.30577412 20.34173137 20.95941707 19.93867151 20.2561439
  19.486934   20.05568848 20.00861873 20.43400971 19.66600155 20.00948494
  20.30249595 20.56339889 20.10503734 19.76618509]
[19.90662203 19.96194755 19.76172716 19.08349656 19.99604006 19.75155499
  19.63103555 20.18321611 19.51182008 29.72767353 19.73229052 19.95056579
  19.85446844 20.48713419 19.89818935 20.26037168 19.45645411 19.99837827
  19.65021042 19.85570927 19.93707301 19.13969016 19.86338989 19.86966142
  19.91953534 20.5631449  19.69282387 19.53194953 20.19143899 20.06687698
  19.90923134 19.44306321 20.48364479 20.02033396 19.89837526 19.69734412
  20.01667512 19.73317412 20.46273385 20.01265072 19.67984205 19.85136784
  20.30659406 20.12808354 19.54806422 19.59770025 20.22700573 20.21313737
  19.8839567  20.30526225 19.97852871 19.85254764 20.52464727 19.62158448
  19.80039512 20.31515334 19.68099437 20.20121006 19.60384151 19.85723949
  19.93904552 20.48597434 19.35191495 20.317197   20.04046569 20.40767224
  20.35171501 20.003597   19.6404028  19.61000492 19.68519022 19.7507604
  19.6641931  20.52845351 20.16898426 20.54147611 19.46512452 20.19374451
  19.93890126 20.1010062  19.99616258 19.98689084 20.27310159 20.28061607
  19.77389738 20.18928311 19.92151865 20.24735807 19.58495227 20.49383686
  19.11138145 19.59444191 19.68233677 19.72345034 19.36530249 19.38157728
  20.18181633 19.86482372 19.44262678 19.10931586]
[20.11107785 20.3687641  20.1723871  19.4924722  19.70871531 20.27800124
  19.51369751 20.52240518 20.03487037 19.73229052 29.89543157 19.72869415
  19.82944867 20.53559729 20.36708288 20.25369456 19.59521151 20.30895807
  19.75391101 20.25496442 19.99965571 19.41588125 20.51203026 19.68190059
  19.81072354 20.42622597 19.88828939 19.87099481 20.1018027  20.05644637
  19.95290732 19.91017775 20.45383925 20.25509417 20.26828929 20.34463973
  19.55260936 19.8999784  20.55999497 20.28610018 20.03493376 19.58763838
  20.4720067  20.43730031 19.4679438  20.19284412 20.01309915 20.5078327
  19.44013189 20.36502832 20.06800569 20.26683946 20.22921474 19.57643506
  19.4543812  20.04833313 19.57617764 20.29641407 19.67573848 19.76712124
  19.67595129 20.25233053 19.37961707 20.17537761 20.09013828 20.05755659
  20.47015233 19.78403003 19.59152314 20.27066631 20.05572117 19.90488659
  19.95278724 20.06701288 20.00462589 20.35406625 20.05252505 20.12085023
  20.1315445  20.1037724  19.63997101 20.02995439 20.13498598 20.32153212
  19.6478785  20.41359418 20.67926838 20.3354649  19.62851663 19.88852346
  19.56477334 19.811344   19.84753124 20.22705805 19.86039139 19.66781951
  20.335577   20.4772625  19.67170345 19.64359806]
[20.41750683 19.92548334 19.9841463  19.43164476 20.08737761 19.8221066
  19.758316   20.44754751 20.3841515  19.95056579 19.72869415 30.48510876
  20.0504655  20.59045362 20.2203127  20.18915958 19.51269397 20.30397638
  19.854741   20.37023402 20.43122612 19.88514854 20.44042411 19.19543061
  20.03117571 20.18245031 19.96047085 19.61994184 20.09263972 20.04101949
  20.42486066 19.63111333 19.7948285  20.1079488  19.9444229  20.31242693
  19.92769426 19.89774231 20.49075657 20.52918108 19.8883226  19.79635041
  20.25853598 20.56689971 19.7899077  20.01391364 20.4131758  20.6894538
  19.75896483 20.49804875 19.88702987 19.92442522 20.55802395 19.90136974
  19.95565811 20.14631799 19.54610671 20.01719859 19.35778258 20.11275004
  19.80844384 20.42409294 19.71472639 20.26443565 20.19514141 20.68391127
  20.30758166 20.05374095 19.61553603 20.44492961 19.92412839 19.9642282
  19.68522324 20.45380283 20.51281511 20.45137365 19.70256691 20.0879542
  19.78238469 20.71089988 19.78091595 19.82511543 20.28813462 20.28618365
  19.78696228 20.66065574 20.17783065 20.23678666 19.80306923 20.33021219
  19.39060378 20.02148511 19.7510334  20.19949779 19.82423302 19.43134292
  20.41724809 20.66742116 19.64844629 19.47462936]
[20.26807002 20.28594957 19.48764544 19.55126524 19.89918428 19.87873779
  19.75412418 20.80162406 20.11015275 19.85446844 19.82944867 20.0504655
  29.4346354  20.32313481 20.26839838 20.70116524 19.66865137 20.18385384
  19.77558845 20.1757261  20.23721807 19.3849083  20.20304715 19.87846364
  20.14578263 20.28711285 20.13985356 19.81766035 19.60496371 19.91645513
  19.85176696 19.68786805 20.03879499 20.00235251 20.32891215 19.94340732
  19.83880001 20.26310435 20.45507241 20.29185293 19.87895623 19.74350705
  20.14016734 20.26325475 19.71663116 20.06290696 20.18529559 20.39268506
  19.65637455 20.67863056 20.11523454 19.99109793 20.54423943 19.88179897
  20.00595761 19.80349748 19.48213201 20.46841463 19.47468861 20.19528599
  19.62407493 20.35027366 19.97542276 20.06732709 20.23058771 20.31658307
  20.1392519  19.63940354 19.65543198 19.8491066  19.42384815 19.4804819
  19.83472926 20.19553669 20.11812181 20.31350894 19.85410303 20.4513604
  19.6081233  20.54144396 20.05154222 20.13754253 20.04564148 19.82149259
  19.94804863 20.70247393 20.21976429 20.12958885 19.79423525 20.00012477
  19.52133902 19.8319161  19.79472293 19.70824556 19.74704892 19.9351566
  20.14911987 20.08184307 19.78382721 19.39738807]
[20.23844189 20.34024386 20.30600433 19.79277959 20.71471384 20.36101785
  20.11804314 20.71773891 20.63395952 20.48713419 20.53559729 20.59045362
  20.32313481 30.47746268 20.77349408 21.07066381 20.0216406  20.52395037
  20.29236713 20.31123765 20.59790705 19.61551602 20.96049633 20.52468699
  20.2420932  20.71943517 19.99809664 19.9565348  20.29026205 20.68368821
  20.14290384 20.12976232 20.94339013 20.62410264 20.75548026 20.40169666
  19.98945924 20.22759165 21.1150895  21.00007339 20.15742419 20.37632434
  20.51089933 20.63354876 20.22919143 20.39937939 20.6459906  21.01633925
  20.27646648 21.1556955  20.56819685 20.44829496 21.0528696  19.87063026
  20.22273753 20.84829238 19.57420407 20.80676378 20.26018699 20.45133736
  19.98387325 20.52670696 20.09167583 20.7216448  20.27589665 20.87687831
  21.12739591 20.19669946 20.17444731 20.75090867 20.12168904 20.10258389
  20.40871369 20.88702676 20.95062977 20.70184215 20.74712868 20.76800307
  20.40827498 20.74441144 20.48115023 20.47463335 20.48718867 20.59947959
  20.27186646 21.01550471 20.50303397 20.49101659 20.11211009 20.70483615
  19.95243553 20.09946602 20.22422802 20.51813798 20.14148896 20.2523502
  20.86812273 20.80551022 20.67738249 19.79934105]
[19.9173285  20.41803309 20.26686236 19.35174539 20.13398604 19.95214485
  19.97770387 20.45168324 20.55738492 19.89818935 20.36708288 20.2203127
  20.26839838 20.77349408 30.35139393 21.11554945 19.86676681 20.3774324
  19.62371924 20.16580658 20.46858201 20.10717325 20.5594151  19.77788101
  20.51416653 20.23500244 20.11378381 19.91914843 19.91565271 20.30206193
  20.62810677 20.06680229 20.62982164 20.23636788 20.25082279 20.41293288
  20.05424909 19.79031247 20.9061311  20.64751493 20.35479474 19.81555904
  20.89305428 20.32654331 20.0345855  20.29626623 20.63368972 20.77918164
  20.31395886 20.98195666 20.44582786 20.06287378 20.87041767 20.05481028
  20.49205766 20.22123711 19.50771711 20.39014454 19.85935889 20.43000559
  20.1488393  20.98065411 19.90758398 20.52450157 20.23998084 20.85578983
  20.29388663 20.2017955  19.87608512 20.46230313 20.1118816  19.8829767
  20.03708045 20.58926102 20.72615784 20.82534125 20.22565882 20.79525201
  20.22008476 20.62707853 20.51817388 20.416237   20.18584499 20.387608
  20.30844261 20.60590236 20.69794433 20.64290598 20.09562046 20.46766043
  19.47383206 19.95369448 20.21564864 20.37242294 20.34198303 20.45488012
  20.25070173 20.44351733 20.19491427 19.4632402 ]
[20.31126267 20.51474319 20.37474731 19.60842002 20.49654346 20.37900018
  20.36559262 21.13028509 20.24407248 20.26037168 20.25369456 20.18915958
  20.70116524 21.07066381 21.11554945 30.65753068 19.71462547 20.69519615
  19.91796866 20.07831684 20.45513789 19.9606845  20.65708297 20.26188749
  20.2878936  20.64080645 20.17672903 19.9783501  20.46487908 20.67801766
  20.19975422 20.21259741 20.60020632 20.62129049 20.49145983 20.56734474
  20.34934244 20.22268636 20.9964707  20.97472166 20.45761502 20.1396115
  20.58378051 20.73794813 20.20728456 20.36223587 20.77793018 20.81431241
  20.50719163 20.68449186 20.45480271 20.11052544 20.93962753 20.37403041
  20.39978223 20.46392125 20.35275118 20.42314387 19.97517446 20.39277299
  19.95718853 20.22317712 20.28141692 20.12671202 20.46095941 20.74484027
  20.6346914  20.13570819 19.44426073 20.4803231  20.04667646 20.35717329
  20.15308404 20.93672408 20.94923611 20.52163786 20.26228395 20.45784253
  20.56025003 20.85953033 19.98491868 20.45399999 20.30230493 20.67473461
  20.34429885 20.81749653 20.65895925 20.49315788 20.16604024 20.1932785
  19.5631315  20.32496345 19.87167624 20.36804666 20.16212586 20.35993555
  20.88701361 20.93231926 20.3065382  19.94559043]
[19.38956029 19.73776397 19.46368211 19.25999278 19.44475351 19.73520948
  19.24014318 20.51138606 19.74853073 19.45645411 19.59521151 19.51269397
  19.66865137 20.0216406  19.86676681 19.71462547 28.73794226 19.70275826
  19.56690411 19.37054696 19.59906992 19.04742536 19.96455059 19.41725005
  19.59456091 20.05539609 19.35767233 19.42086417 19.282747   19.74547604
  19.57356291 19.09517643 19.80533308 19.63781972 19.55967992 19.40548709
  19.15180159 19.16792037 20.07481069 19.84494604 19.03788481 19.39647682
  19.34524817 19.68804972 19.0963125  19.48774371 19.86397674 20.02591281
  19.57387198 19.94152665 19.55625821 19.17754342 20.14934655 19.6946164
  19.30173769 19.91556748 18.89499463 19.81797601 19.40985373 19.78174528
  19.02793872 19.56716849 19.53300375 19.87810228 19.95527127 19.89464116
  20.03066869 19.38997466 18.84012416 19.4856509  19.60499774 19.10544638
  19.50930404 19.84610755 20.03154858 19.5917239  19.41915558 19.67169421
  19.40688505 19.75384389 19.43384543 19.57675201 19.73778912 19.6014406
  19.61566537 20.04128919 19.67596134 19.89913865 19.55030939 20.00440832
  18.85272755 18.92554951 18.88547674 19.2919954  19.24870708 19.2677211
  19.45456275 19.76307211 19.17212508 19.22709437]
[20.1239035  20.43236258 19.96151658 18.93490765 20.10047358 19.98592737
  20.17863543 20.31552634 20.18793499 19.99837827 20.30895807 20.30397638
  20.18385384 20.52395037 20.3774324  20.69519615 19.70275826 29.94780974
  19.61858624 19.95730105 20.21216333 19.85240306 20.59264596 20.07821262
  20.1597489  20.68766885 19.98261252 19.69150855 20.31921742 19.9171754
  20.06524513 19.9284498  20.6815596  20.13298662 20.20099159 20.0768636
  20.3492621  20.34842118 20.50570892 20.75694058 20.30104628 19.89580632
  20.08166706 20.33747217 20.18960818 20.21339634 20.19079647 20.59772087
  19.79400755 20.55184271 20.04615984 19.94900421 20.74758281 19.9998634
  19.75455326 20.35386449 19.46160235 20.15424652 19.74061796 20.15717342
  19.71290838 19.97749736 19.67102901 20.27303738 20.34952959 20.41364311
  20.67403599 20.32381891 19.52547823 20.2137728  19.72983034 19.88223581
  19.82003627 19.98383614 20.51965604 20.61892921 20.00361984 19.96106115
  19.69880064 20.24526773 20.2362048  20.31287008 20.35514668 20.33227426
  20.30627464 19.99482196 20.46493501 20.59790518 19.79486733 20.24198206
  19.50873681 19.71176696 19.54007113 19.88403727 20.03410509 19.60502028
  20.42097794 20.59474453 19.57833014 19.28021982]
[19.49531454 19.48887004 19.56561046 18.94793027 19.39544601 19.70784583
  19.44575925 20.32895779 19.79290076 19.65021042 19.75391101 19.854741
  19.77558845 20.29236713 19.62371924 19.91796866 19.56690411 19.61858624
  29.32183095 19.77755804 19.53020229 19.06332372 20.25357004 19.58209999
  19.72534549 19.9652053  19.2526461  19.84293203 19.78094768 19.92670801
  19.83176335 19.35202401 19.60372901 19.67929658 20.02991669 19.92580363
  19.4937732  19.8566629  20.74210431 20.08214672 19.40019513 19.58978079
  19.97979641 20.23905837 19.64203873 19.69914302 19.89009015 20.06025676
  19.36547136 20.3891803  19.92456186 19.7262538  20.1696488  19.63361341
  19.43327613 20.02154162 18.79317337 20.37080433 19.72337666 19.78381524
  18.8523523  19.80444382 19.19700953 19.92949394 19.82530197 20.15655405
  19.68653861 19.5336464  18.97939955 19.77081549 19.47901087 19.53076234
  19.84482906 19.91519601 19.85743154 20.19920659 19.71971717 19.74702386
  19.44773762 19.68186613 19.62516567 19.64288384 19.78724106 19.85291565
  19.29006002 20.11489272 19.85998086 20.14196163 19.61957795 19.72944429
  18.76112982 19.60613442 19.59513191 20.03789225 19.50740216 19.53315439
  19.63220617 20.05184773 19.4487018  19.08192964]
[20.13287162 20.06369113 19.92198631 19.53136285 20.4473225  20.04815631
  19.97488608 20.62132306 20.46776545 19.85570927 20.25496442 20.37023402
  20.1757261  20.31123765 20.16580658 20.07831684 19.37054696 19.95730105
  19.77755804 30.2722965  20.10196896 19.6426009  20.69488089 19.45371649
  19.93311512 20.20527481 19.9324519  19.89077555 20.26642128 19.87696053
  20.0653223  19.82691689 20.53721416 20.18154437 20.32128495 20.13162881
  20.33877882 20.33279827 20.47003378 20.35143447 19.82317466 19.72118801
  20.53289615 20.53540059 19.8808182  20.07379576 20.25927547 20.41600178
  20.1751636  20.55399504 20.11739251 20.3738596  20.92973986 19.72175153
  19.63294405 20.18260848 19.88026044 19.79968808 19.66412677 20.2976123
  19.66271023 20.5554188  19.29490254 20.56909808 20.46150763 20.33270433
  20.39482752 20.08412542 19.69357459 20.30381611 19.59918018 19.82449529
  20.13111973 20.75702032 20.6159774  20.55142737 20.20902262 20.2507098
  19.99001587 20.05930151 20.30811593 19.89605132 20.23164761 20.14152465
  19.89015492 20.95140692 20.15857106 20.16848465 19.86539323 20.39845662
  19.45660628 19.75975031 19.79301091 20.03128844 19.88425375 19.70345618
  20.13974151 20.7244165  19.75743738 19.20689399]
[19.69689594 20.1889905  20.21942174 19.39063128 19.84072893 20.00122183
  19.93186668 20.47616415 20.15255788 19.93707301 19.99965571 20.43122612
  20.23721807 20.59790705 20.46858201 20.45513789 19.59906992 20.21216333
  19.53020229 20.10196896 30.52288385 19.37518837 20.17132297 20.00155962
  19.90285594 20.63280172 19.84656827 19.82407318 20.00661134 20.09408494
  20.22941124 19.95423872 20.58199681 20.17402803 20.01853936 20.01471732
  19.88191595 20.21963991 20.73333844 20.2671177  19.87486888 19.81457105
  19.98123527 20.38569677 19.89224858 20.14729288 20.24797766 20.27883383
  20.00535487 20.53830436 20.42802142 19.9915821  20.68501811 19.40565084
  20.06019611 20.36426609 19.54499437 20.51412901 19.36593004 20.15116111
  19.23736788 20.39240451 19.86383747 20.36966055 20.22615523 20.22712523
  20.29566933 19.86313282 19.11687047 20.05305183 19.85585004 19.63220517
  20.0984153  20.32846281 20.46285763 20.62571755 20.07015112 20.16030107
  20.09335084 20.41627704 20.01331252 20.29839069 19.9520987  20.54636588
  20.04689785 20.28566985 20.35449563 20.16854241 19.77068231 19.93511457
  19.47444208 19.73306627 19.77613991 20.08020461 19.6411261  19.69448743
  20.76455949 20.34151056 20.17168866 19.37250823]
[19.33483929 19.93612775 19.41049956 18.9576608  19.38868232 19.66833559
  19.6809033  20.20769902 19.86404841 19.13969016 19.41588125 19.88514854
  19.3849083  19.61551602 20.10717325 19.9606845  19.04742536 19.85240306
  19.06332372 19.6426009  19.37518837 29.00841686 19.87564976 19.17514686
  19.50850997 19.83237022 19.59151412 19.28284815 19.59402599 19.68120647
  19.62166688 19.26314084 19.78976878 19.44376064 19.75518697 19.34775445
  19.45723728 19.47108201 20.01720936 20.05410431 19.6022194  19.51913671
  19.6339385  19.94178445 19.37005174 19.63848028 19.88679787 20.09955981
  19.22177342 19.92059396 19.69809285 19.84075174 19.73715625 19.66421814
  19.45096367 19.34423844 19.39025537 19.68367591 19.18401632 19.65568922
  19.11284869 19.51406468 19.04630032 20.10271515 19.77719271 19.91398674
  20.13950831 19.75237797 18.93797873 19.73764007 19.34091604 19.4161256
  19.54965029 19.93447982 20.00163209 19.93599308 19.63255868 19.67031026
  19.25202215 19.40405049 19.32558816 19.76966888 19.51388328 19.51212846
  19.38275535 19.96014992 19.83791682 19.80336734 19.46639348 19.80374336
  18.69316901 19.48961123 19.20248413 19.25429285 19.29802281 19.19836949
  19.60059713 20.05426228 19.43828208 19.0265473 ]
[20.44831894 20.36189853 20.29233702 19.35220238 20.48116991 20.21098425
  20.33826703 20.71649723 20.26275921 19.86338989 20.51203026 20.44042411
  20.20304715 20.96049633 20.5594151  20.65708297 19.96455059 20.59264596
  20.25357004 20.69488089 20.17132297 19.87564976 30.05580752 20.11793719
  20.49802571 20.7523418  20.2453058  20.40220096 19.95606414 20.16736683
  20.35035465 20.0503002  20.68303469 20.58901725 20.44510646 20.32025918
  20.08746535 20.28753857 20.88023321 20.59673546 19.85655351 19.89450793
  20.69987764 20.4590145  19.93715413 20.19529383 20.67128281 21.02443081
  20.27102226 20.63941068 20.55410697 19.86146828 20.7946132  20.19224435
  19.860588   20.76647603 19.65559485 20.18107949 19.79559349 20.34380247
  19.86135088 20.677185   19.77331279 20.50314884 20.40934347 20.75750525
  20.53893528 20.0706591  19.77971333 20.39742548 20.36122065 20.29538231
  20.22389267 20.63829636 20.73465602 20.53488968 20.20463782 20.88866086
  20.26613914 20.48188835 20.05698644 20.20855887 20.30610902 20.50744179
  20.47366426 20.29216436 20.54140295 20.46151749 20.05136758 20.58399668
  19.4620988  20.10480168 19.96865472 20.50519832 20.24973771 19.86852389
  20.32624449 20.82230695 20.34800208 20.12441554]
[19.82995947 19.55091417 19.46231622 19.23263409 19.40177657 19.88083365
  19.52130607 20.47945908 20.00643673 19.86966142 19.68190059 19.19543061
  19.87846364 20.52468699 19.77788101 20.26188749 19.41725005 20.07821262
  19.58209999 19.45371649 20.00155962 19.17514686 20.11793719 29.22967079
  19.70951764 20.25185857 19.63375061 19.46594297 19.48158696 19.95669967
  19.93695391 19.7710858  19.92653202 19.76325667 19.97165572 19.60117366
  19.72010777 19.64822564 20.17484581 19.87612296 19.44818906 19.65987997
  20.16863391 20.04244642 19.2409978  19.49614161 20.1532218  20.08072529
  19.36479441 20.07053655 20.0070834  19.2963719  20.14181302 19.16757816
  19.69397444 19.95096694 19.48826231 19.78368847 19.59830426 19.70858884
  19.2141965  19.57005102 19.25347237 19.72866927 19.50756465 20.10459952
  19.80217759 19.69243528 19.09407622 19.62228074 19.68371497 19.78006947
  19.71125363 20.31208277 20.03604743 19.90153163 20.25084338 19.72502617
  19.64354206 19.71619981 19.70071461 19.74962574 19.82825567 19.92132178
  19.62631984 19.84966149 19.95794965 20.19984702 19.34746124 19.722942
  19.3548789  19.28509462 19.46545718 20.0239743  19.59791042 19.52238465
  20.11874601 20.10518114 19.59979032 18.73874225]
[20.42186472 19.83723288 20.05814329 19.14504695 19.84189479 19.87104155
  19.87893405 20.27773378 19.93939057 19.91953534 19.81072354 20.03117571
  20.14578263 20.2420932  20.51416653 20.2878936  19.59456091 20.1597489
  19.72534549 19.93311512 19.90285594 19.50850997 20.49802571 19.70951764
  30.15410779 20.63860175 20.10799246 19.6024144  19.97640124 20.24291797
  19.94038239 19.82549225 20.34919216 19.89247157 20.61584283 20.08707029
  19.81982626 19.73106864 20.68979182 20.06447686 19.98444895 19.74846017
  20.35108943 20.12434597 19.78063938 20.0584504  20.27269889 20.02431725
  19.95350755 20.025923   19.9395634  19.80892626 20.12519154 19.87667378
  19.8235483  20.03589559 19.43475147 20.71984634 19.72234893 19.95564166
  19.78927527 19.93189985 19.34267748 20.56828612 20.34811355 20.55792117
  20.19789354 19.71897159 20.2862478  20.06905507 19.60103458 19.67422918
  20.06273935 20.08132897 20.47820413 20.12727554 19.9486235  20.30927999
  20.01450465 20.31931188 19.8156982  19.77064179 20.25573849 19.90296963
  19.73386044 20.56098648 20.1222525  20.12390922 20.21395932 20.10833823
  19.48380933 19.85487399 19.57197431 20.23275302 20.16067651 19.54384985
  20.30196046 20.52584663 19.9794608  19.66442014]
[19.97800244 20.53009943 20.30215899 19.35092497 19.92854172 20.3445825
  20.26784301 20.88050214 20.43770895 20.5631449  20.42622597 20.18245031
  20.28711285 20.71943517 20.23500244 20.64080645 20.05539609 20.68766885
  19.9652053  20.20527481 20.63280172 19.83237022 20.7523418  20.25185857
  20.63860175 30.6516447  20.30411822 20.05433212 20.40517047 20.31548942
  20.39891136 20.06633912 20.30460981 20.3606203  20.66208947 19.84238927
  20.38292354 20.09301098 21.02670381 20.8911726  19.93817913 20.19476481
  20.79759008 20.382965   19.8717968  19.92469554 20.48365642 20.93160056
  20.22163266 20.4319551  20.36983512 20.4055907  20.93715711 20.1469411
  20.03976678 20.50200008 20.0103175  20.4967337  20.29889194 20.41779342
  20.21107028 20.34358746 19.99039625 20.64763937 20.62307709 20.62176175
  20.75750355 19.94401038 19.66891963 20.49577036 20.23566573 20.15313883
  20.60546446 20.68601861 20.76237496 20.74019741 20.72278322 20.75932952
  20.15870747 20.64322399 20.44118256 20.58337185 20.15483073 20.13288217
  20.30371223 20.77411913 20.92011944 20.73895332 19.7459651  20.28621262
  19.85335714 20.5834502  20.01753563 20.39514207 20.08839943 20.36386036
  20.67188458 20.50742526 20.18048107 19.5615821 ]
[20.3057265  20.18935853 19.86448806 19.20332689 19.72552332 20.20803652
  19.45549629 20.25966834 20.18960376 19.69282387 19.88828939 19.96047085
  20.13985356 19.99809664 20.11378381 20.17672903 19.35767233 19.98261252
  19.2526461  19.9324519  19.84656827 19.59151412 20.2453058  19.63375061
  20.10799246 20.30411822 29.51246662 19.45359572 20.05810371 20.00106619
  20.0931459  19.21261901 19.93471393 19.59613366 20.1534937  19.96451503
  19.76153322 19.8312137  20.71385904 20.10053343 19.67092302 19.64696663
  20.58072261 20.06313254 19.61362024 19.65795632 19.67688791 20.61209095
  19.81394326 19.86032815 19.91449613 19.87449725 20.09234605 19.99300686
  19.05590282 20.37896008 19.45317816 19.77095666 19.45997154 19.68151628
  19.32299159 19.71935416 19.41839415 20.20536004 19.62846482 20.43758201
  20.34095489 19.61037245 19.37462916 19.86417558 19.68764952 19.51623809
  19.49518767 19.9482198  20.15906164 20.37604355 19.83935614 19.67692586
  19.56600374 20.13465356 19.78947021 19.92660438 19.91983836 19.91009807
  19.55794193 20.35697822 20.11775884 20.07883386 19.96057368 20.09994964
  19.18784869 19.71277908 19.37134374 20.22039265 20.15872718 19.62883806
  19.71473574 20.11824762 19.85194714 19.28463735]
[19.83950695 20.18225925 19.59737365 18.9753378  19.64323348 19.76621122
  19.44122161 20.38608343 20.17249558 19.53194953 19.87099481 19.61994184
  19.81766035 19.9565348  19.91914843 19.9783501  19.42086417 19.69150855
  19.84293203 19.89077555 19.82407318 19.28284815 20.40220096 19.46594297
  19.6024144  20.05433212 19.45359572 29.1704703  19.56383853 19.52607493
  19.88571462 19.42654011 20.22778047 20.00522969 20.13378306 19.45899644
  19.31197949 19.61803367 20.16332073 20.03927618 19.60112233 19.48564032
  20.10821701 20.07239162 19.57930882 20.05644252 19.95605797 20.54840412
  19.69237833 20.3154875  20.1954093  19.77099085 20.05657973 19.73989346
  19.24913425 19.72966576 19.61843606 19.69569356 19.32368703 19.971209
  19.59348956 19.86845483 19.27655632 20.00072069 19.84101907 20.41466576
  20.27569905 19.62113796 19.55809247 19.83720272 19.45221862 19.28332698
  19.63010444 20.06661349 19.94615664 20.14818105 19.65103291 19.966838
  19.80999942 20.08615649 19.6874824  20.07773738 20.12301944 19.87284083
  19.78757707 20.3652993  19.88859738 20.08398995 19.79694848 20.58406769
  19.16621795 19.47967969 19.50484804 19.87864892 19.54325838 19.08903636
  19.83771785 20.22626495 19.63421656 19.37224474]
[19.99201726 19.85135655 20.17806886 19.23050781 20.15767862 20.20985177
  19.91919418 20.12352308 20.26863919 20.19143899 20.1018027  20.09263972
  19.60496371 20.29026205 19.91565271 20.46487908 19.282747   20.31921742
  19.78094768 20.26642128 20.00661134 19.59402599 19.95606414 19.48158696
  19.97640124 20.40517047 20.05810371 19.56383853 30.10896342 19.94752062
  20.53420803 19.47300129 20.34774069 19.84423269 20.10932926 20.0462101
  19.88872766 20.15680549 20.10864579 20.64007249 19.70187123 19.70338684
  20.42112614 20.3181429  20.11288657 19.71050654 19.7911005  20.07730647
  19.73349198 20.67351744 20.0257956  19.82306174 20.4410125  19.91383201
  19.99885568 20.69186739 19.52094696 20.29594379 19.66608894 19.5009661
  19.66359183 20.30286214 19.40144745 20.52743598 19.94606121 20.75668949
  20.40500753 19.90783659 19.83169908 20.21836925 19.52212721 19.65947167
  20.18270021 20.38008201 19.97389626 20.26495392 19.96777386 20.2091637
  19.82928882 20.2532179  20.11956916 20.21074654 20.0454547  19.85924053
  19.89978174 20.30972037 20.1458248  20.31309233 19.65283473 19.97410019
  19.36842972 19.77209744 19.91173421 20.11263928 19.92121745 19.66002867
  19.92039093 20.24467151 19.81220954 19.3794421 ]
[20.12779518 20.15282069 19.98807188 19.21408987 19.91453651 20.30727396
  19.77296357 20.40062628 19.90014705 20.06687698 20.05644637 20.04101949
  19.91645513 20.68368821 20.30206193 20.67801766 19.74547604 19.9171754
  19.92670801 19.87696053 20.09408494 19.68120647 20.16736683 19.95669967
  20.24291797 20.31548942 20.00106619 19.52607493 19.94752062 29.61046636
  20.19875801 19.61520679 20.41477048 19.64741552 20.32087292 20.31308788
  20.29114086 19.87860669 20.5932037  20.55141345 20.04180711 19.74943874
  20.55135299 20.44643652 19.96112846 19.96884219 19.95259414 20.46330694
  19.57691792 20.60942477 20.1034732  19.85990295 20.41653589 19.6249489
  19.70948211 20.27707977 19.39188857 20.29524984 19.30197105 19.90910515
  19.54117266 20.27298462 19.5880879  20.37733074 20.26492311 20.39442391
  20.21591407 19.99269044 19.30924381 20.37641745 19.77095334 19.91646015
  19.94538709 20.17319598 20.27460283 20.12888189 20.08377331 20.38540017
  19.96015614 19.96389392 19.91965572 19.7206432  19.85029857 20.51128377
  19.86327017 20.49213289 20.31209622 20.49657714 20.00796449 20.45550884
  19.15875572 19.93147873 20.09973992 20.33278984 19.6759725  19.58151602
  20.10143273 20.24786151 19.80255907 19.50544574]
[20.1260036  20.33999304 19.75619868 19.11703789 19.88757043 19.9554894
  19.9571974  20.29552118 20.21446196 19.90923134 19.95290732 20.42486066
  19.85176696 20.14290384 20.62810677 20.19975422 19.57356291 20.06524513
  19.83176335 20.0653223  20.22941124 19.62166688 20.35035465 19.93695391
  19.94038239 20.39891136 20.0931459  19.88571462 20.53420803 20.19875801
  29.72049367 19.73068666 20.55589068 20.14254254 20.27264184 20.11521154
  20.06708839 20.43001443 20.53490465 20.47815143 19.78739041 19.85296078
  20.66371093 20.47334621 20.28836024 19.87901259 20.52102826 20.3147302
  19.98407126 20.10240256 20.62114941 19.89809455 20.47008616 20.06403117
  20.08596024 20.0121379  19.73629039 20.0967826  19.63339861 19.74419284
  19.67612488 20.23378928 19.74210659 20.93701497 20.08675446 20.19695593
  20.43237367 19.9982325  19.92232764 20.16697375 19.76178176 20.14550891
  20.0842493  20.30949798 20.46701    20.55561478 19.85511733 19.79621628
  19.66542519 20.16275634 20.30323792 20.30966009 20.37280565 20.5440366
  20.21460449 20.53053207 19.86737223 20.4370873  20.00686393 20.50607824
  19.23899535 19.92206053 19.70558589 20.37661718 19.45815095 19.85673624
  20.22473715 20.40232236 20.12137993 19.66183622]
[19.81372299 19.73922487 19.9489361  19.23014397 19.56457325 19.62985092
  19.81644308 20.20945152 19.87234447 19.44306321 19.91017775 19.63111333
  19.68786805 20.12976232 20.06680229 20.21259741 19.09517643 19.9284498
  19.35202401 19.82691689 19.95423872 19.26314084 20.0503002  19.7710858
  19.82549225 20.06633912 19.21261901 19.42654011 19.47300129 19.61520679
  19.73068666 29.36041802 19.9897243  19.96309029 20.3380966  19.69339024
  19.25483688 19.67483438 20.25160937 19.87042196 19.31345541 19.65556956
  19.69955227 20.11244975 19.61379798 19.39246278 19.79476659 19.84825417
