8759
100
10
26.17774616069226

[0.08813181 0.04991764 0.06212269 0.06541235 0.04965157 0.05973216
 0.07243042 0.06189336 0.08347744 0.02579694 0.0391729  0.04136657
 0.06771012 0.05808232 0.08671318 0.0315305  0.08595179 0.04818423
 0.06412658 0.09064239 0.0352049  0.0344131  0.02026754 0.09213117
 0.08255158 0.05980632 0.03659383 0.06132839 0.08457275 0.07575706
 0.04006291 0.07916214 0.03705965 0.03375897 0.02070893 0.02208944
 0.08411583 0.07971738 0.02487147 0.06398586 0.06454978 0.04366016
 0.08471948 0.07801862 0.07900992 0.02092679 0.04392625 0.06735731
 0.02129425 0.03919958 0.02283224 0.07520754 0.05949456 0.02054155
 0.02651904 0.05366585 0.05831741 0.09855276 0.09962689 0.08790416
 0.0866668  0.07885648 0.09018355 0.02679556 0.03870802 0.09457664
 0.03385295 0.07290209 0.09483774 0.02008894 0.06642931 0.04360447
 0.03124428 0.02566089 0.07014492 0.05077021 0.03641982 0.06586618
 0.05382819 0.02562207 0.0636109  0.03835373 0.07645366 0.0654081
 0.04380249 0.03443357 0.05567635 0.06775007 0.06738099 0.07720499
 0.03135287 0.03330494 0.06293809 0.06630264 0.07117871 0.07186472
 0.03303514 0.08630994 0.09871478 0.07744173]

[[30.16904171 19.95109811 20.47769168 19.67129306 20.82441947 20.29036221
  20.00077574 19.57390194 20.14365445 20.09971442 20.51554932 20.29638294
  19.55181726 19.95653593 20.30298934 20.32129907 19.49406037 20.55702358
  19.99593435 19.79446393 19.95362907 20.8517811  20.34163136 19.67475619
  19.64437379 20.02406254 19.98996205 20.19372085 20.02846662 19.84078114
  19.78890804 20.06295463 20.65288534 20.3626639  20.6729165  19.99577337
  20.1446608  19.93858576 20.17814264 19.98210192 19.82586565 19.7411044
  19.75333528 19.84094169 20.28141253 19.64554366 19.78103474 19.7966021
  19.60902799 20.01914847 19.70176571 20.20814499 19.64721876 20.54403357
  19.69051038 20.31884697 20.51440344 19.63677137 20.24221821 20.27321795
  19.74693396 20.1812754  20.24441873 19.74341418 20.19512719 19.56423047
  20.54818337 20.18262686 19.89346863 20.20352482 19.86667616 19.58722771
  20.35608623 20.27116556 19.93645333 20.71731308 19.64728933 19.87525876
  20.15487612 19.80492505 19.85639789 20.20186142 19.60499456 19.67604534
  20.01578358 19.90422521 19.54328641 20.27892188 19.78075723 19.4454274
  20.21354707 20.07444761 19.86192694 20.00255825 20.08355718 20.03928158
  19.76923577 19.85454444 19.49593358 19.75946652]
[19.95109811 29.25208321 19.98866105 19.49639366 20.69000535 20.21316054
  20.0726831  19.29575317 19.6698073  19.9795792  20.34433364 19.81221383
  19.67727868 19.94798609 19.8624147  19.60988534 19.71248077 19.72287476
  19.55861286 20.00997804 19.8576626  20.24930164 20.20187194 19.7330522
  19.55936433 19.73462995 19.85928578 20.03069132 20.14280366 19.11842267
  20.04304015 19.86268767 20.53726757 20.03163152 20.00270053 19.70193446
  19.49911408 19.93098501 19.44021587 20.12002068 19.69501842 19.73685829
  19.56230911 19.79841731 19.86661426 19.34171177 19.8517455  19.58265813
  19.13883724 19.59371676 19.64549554 19.85873479 18.99058623 20.30851077
  19.59343942 19.87760963 20.5455572  19.77463299 20.0083607  20.1944779
  19.82978975 19.61940815 20.37190232 19.35417299 20.31141075 19.66868751
  20.40716133 19.74732608 19.99970693 20.48435879 19.4498128  19.42680953
  20.25613112 19.84549427 19.54144682 20.6331359  19.59899834 19.48065456
  19.93279732 19.90623614 19.77367206 20.28902664 19.44933913 19.92393662
  19.67898205 20.11332167 19.40575192 19.92574849 19.2805562  19.34870995
  19.95223448 19.79005808 19.43949545 19.73941328 19.21706982 19.87769208
  19.76209992 20.02488262 19.5239023  19.75476677]
[20.47769168 19.98866105 30.32042814 20.00656167 21.23475037 20.59204542
  20.47357305 19.44779143 20.38795422 20.07721221 20.11591625 19.8397308
  19.88204744 19.92907823 20.41520056 20.07360961 19.76391734 20.07392444
  20.03506651 19.78618325 19.62065695 20.71502152 20.30494925 20.00716279
  19.63404296 20.13624006 20.1494255  19.98939406 20.26545809 19.46315293
  20.06369773 20.23886713 21.00244493 20.32954788 20.30778665 20.70219823
  20.26174917 19.58708497 20.03016725 20.45132955 19.53281659 19.95617005
  19.71126511 20.31766193 19.16789986 19.47049018 20.06190911 19.81045767
  19.68127002 19.80827887 19.51962437 20.20234934 19.50271165 20.17154874
  19.92686268 20.15409056 20.49291283 19.76467695 20.26352962 20.39128073
  19.87156644 20.09224577 20.45956125 20.03559181 19.75338097 19.89661729
  20.63133975 19.95755611 20.04882439 19.89390841 19.70993881 19.68965109
  20.153424   20.460161   20.05079138 20.4225662  19.87703273 19.88102366
  20.43533437 20.08912443 20.21381613 20.02027471 19.63535072 20.0149541
  20.25340615 20.05980969 19.67943527 20.05730666 19.91697056 19.53631685
  20.11419988 19.90230804 20.18475437 20.137033   19.50909579 20.13457394
  19.6399299  20.04822451 19.76239222 19.94786994]
[19.67129306 19.49639366 20.00656167 29.01570332 20.99176943 19.66615832
  19.96755142 19.41343229 19.6239114  19.77845507 19.53259752 19.57987419
  19.63419524 19.68315948 19.97395895 19.80050951 19.28149834 19.47491278
  19.73279536 19.20509742 19.55827654 20.18731653 19.99379318 19.5341577
  19.76977435 19.61638438 19.98713683 19.97059116 19.40067549 19.0790412
  19.591894   19.94224203 20.65002156 20.01206734 20.07009603 19.59339806
  19.93130087 19.60652311 19.68381407 19.9143376  18.90286561 19.54575328
  19.29930504 19.9782844  19.54408783 19.59587612 19.56278075 19.4401675
  19.10475026 19.57971673 19.55771298 19.55035751 19.27794006 19.89557312
  19.66036115 19.7041147  20.23929045 19.41263712 19.53585194 19.93457426
  19.55623602 19.71617289 20.01281353 19.5245425  19.76550327 19.42837533
  19.95312019 19.44894287 19.87527388 19.8124807  19.33610465 19.35738568
  19.81710726 20.02247554 19.48415658 20.12572321 19.48058402 19.65436428
  19.53783799 19.76277962 19.78366843 19.96645207 19.1131068  19.91972293
  19.7495864  19.6957379  19.0822089  19.74828069 19.43684837 19.342154
  19.80694366 19.58822599 19.51030764 19.26962612 19.63056692 19.52709788
  19.67424993 19.81867694 19.31482186 19.27218248]
[20.82441947 20.69000535 21.23475037 20.99176943 30.89374815 21.15834659
  20.7489345  20.21633421 20.97156124 20.68112527 20.70306651 21.22335426
  20.67744657 20.43729139 21.18780172 21.19258444 20.22667343 20.72934735
  20.99206111 20.47757372 20.55984953 21.39946094 21.00926529 20.64325264
  20.42037208 20.68451794 21.14161618 20.64809824 20.58587527 20.50624039
  21.07566979 20.80416888 21.80682546 20.89432124 21.04436532 21.26381539
  20.37914903 20.28505998 20.71036812 20.8645184  19.98321916 20.69107067
  20.91734653 20.64187178 20.97340102 19.92759275 20.77911392 20.24535308
  20.43195612 20.77158767 20.6429107  21.01346081 20.0854672  21.21426819
  20.50474525 20.78054074 21.42467312 20.55447412 20.98193043 21.35753702
  20.52482857 20.80221583 21.34314098 20.38998595 20.9534207  20.07002926
  21.34654013 20.62992271 21.11751912 21.04540871 20.6180059  20.21583671
  21.03239459 20.79718739 20.78958618 21.29319397 20.41843883 20.50471308
  20.76164877 20.75270677 20.76847663 21.06611537 20.19725725 20.70363685
  20.77982117 20.73389715 19.99003276 20.6236331  20.35080035 19.90891788
  20.62884757 20.51854527 20.5943121  20.76781551 20.6951613  21.11927392
  20.36463353 20.3280388  20.42674987 20.21644098]
[20.29036221 20.21316054 20.59204542 19.66615832 21.15834659 30.49507805
  20.40820433 19.75511327 20.19946135 20.34288639 20.4821148  20.49151514
  20.09806737 20.15977705 20.51489311 20.5538329  20.16826216 20.38491337
  19.99565359 19.94834908 20.23617529 21.22962178 20.7419621  19.9511933
  20.25568997 20.06248041 20.54833229 20.17462337 20.38549227 20.07286568
  20.43080418 20.22227542 21.28552817 20.36981286 20.75967308 20.79850798
  20.04908873 20.07298458 20.06572204 20.61319914 19.84573627 19.65397831
  20.30651212 20.36229911 20.40843749 19.87495259 20.45403538 20.27607839
  19.71931395 20.24688868 20.17022857 20.32116608 19.53779616 20.72224156
  20.63305522 20.29532241 20.94937941 20.33256798 20.83257475 20.28703505
  20.37740201 20.21036605 20.9489578  19.93037558 20.35213605 19.92735784
  20.84038854 19.85101914 20.38757852 20.53123698 20.06234814 20.22486728
  20.22848813 20.25694955 20.63049612 21.02987005 20.35474962 20.32609617
  20.34633195 20.29587837 20.23048818 20.11388613 19.78950253 20.34334791
  20.51575151 20.66043832 19.78403205 20.53307367 20.50656175 19.64895873
  20.25314535 20.32493949 19.85775633 20.51595268 20.30584846 20.49002672
  20.13345845 20.12209764 20.10425469 19.96552152]
[20.00077574 20.0726831  20.47357305 19.96755142 20.7489345  20.40820433
  29.55711361 19.7463829  19.91683505 20.15340067 20.16337174 20.05542129
  19.75855752 20.15973919 19.96129225 20.37989418 19.62130077 19.77629967
  20.15059813 19.73283671 19.75769129 20.46794378 20.46407853 20.12174323
  19.63706431 20.22858739 20.39735085 20.42548589 19.99682679 19.46515359
  19.95572629 20.24759877 20.67823068 20.2289186  20.29371894 20.13801683
  19.72269918 19.53402314 19.9834409  19.88749962 19.65432364 20.01217536
  19.96856987 20.17421729 19.81806621 19.69707784 20.11543087 19.68034487
  19.46307953 19.51401623 19.97243448 20.11031612 19.62190338 20.5808089
  20.21146703 19.9143031  20.18864951 19.77224583 20.55327525 20.42831167
  20.22075504 19.95084941 20.45646879 19.87155206 20.54053937 19.92224558
  20.72740936 19.55419216 20.14182358 19.93125377 19.92469663 19.89803347
  20.3629789  20.86764923 19.72406897 20.14717188 19.47561964 19.66091826
  20.24732928 19.84595902 19.77950541 20.32829455 19.9463692  20.30053249
  19.97983942 20.28060054 19.49095929 20.15974362 19.83477106 19.49830637
  20.45903742 20.13198964 19.89531283 20.05212523 20.08774065 20.25662649
  19.85736818 20.04808372 19.87040056 20.42677109]
[19.57390194 19.29575317 19.44779143 19.41343229 20.21633421 19.75511327
  19.7463829  28.72898627 19.52541765 19.29898864 20.05365505 19.73009788
  19.48147467 19.3569961  19.6840939  19.95442963 19.2820998  19.56848705
  19.64926842 19.23018252 19.35480902 20.22714445 19.87214712 19.49760356
  18.87364072 19.38253982 19.5322534  19.4730511  19.45622843 19.21880098
  19.20959029 19.54301198 20.20600742 19.71866864 20.09891598 19.74703316
  19.45938211 19.30384689 19.32972562 19.79495285 19.0550133  19.16261966
  19.56321496 19.28613681 19.25265821 19.20253973 19.92975385 19.45771012
  19.08689001 19.31581718 19.43649614 19.8938768  18.63672898 20.07526539
  19.16395023 19.72505879 20.06458547 18.96128366 19.7871797  19.39270209
  19.58000101 19.50031167 19.75661482 19.58791989 19.68411883 19.30232696
  19.94432414 18.97078993 19.75590291 20.01337888 19.13465484 19.03691018
  19.63781534 19.81069276 19.40520587 19.8056693  19.21777609 19.03515902
  19.5454005  19.51288963 19.38815037 19.48393812 19.04241139 19.61526041
  19.42937284 19.36243949 19.15798396 19.72145758 19.37916998 19.03819895
  19.82341137 19.39428668 18.97772785 19.33507804 19.0810991  19.53928337
  19.51557044 19.52871377 19.18243709 19.47199262]
[20.14365445 19.6698073  20.38795422 19.6239114  20.97156124 20.19946135
  19.91683505 19.52541765 29.83650646 20.37155509 20.24385508 20.23292244
  19.63250625 20.02933638 20.00726762 19.91751856 19.95913665 19.61122849
  20.27208329 19.45707809 19.5948812  20.44253556 20.49967648 20.04594398
  19.29381018 19.63198247 20.22293451 19.95270975 19.86479409 19.47612024
  19.87285766 20.14845905 20.63047533 19.92512547 20.58882097 20.52385389
  20.20673808 19.73468306 20.17530292 19.9337969  19.61039924 19.63193321
  20.05913154 20.02952468 20.10099046 19.4354982  20.1097852  19.62939697
  19.88023703 20.04477939 19.699934   19.98048507 19.22208289 20.33668341
  20.0191484  20.34211039 20.54541488 19.82469068 20.41579011 20.28007419
  20.33169417 20.26008468 19.85242916 19.57617473 20.02838117 19.90495079
  20.74686357 19.4732712  20.07043089 20.15952836 19.96656778 19.62419419
  20.19682465 20.32915506 20.19973014 20.5439371  20.09290603 19.67888115
  20.20347785 19.8192864  20.09778787 20.30465295 19.43080002 19.83411973
  20.04741784 19.72258761 19.69746882 19.66021244 19.91824053 19.45780236
  19.80743572 19.71024412 19.59988447 20.22646479 19.95221452 20.06872944
  19.92647711 19.92319089 19.45346316 20.02936548]
[20.09971442 19.9795792  20.07721221 19.77845507 20.68112527 20.34288639
  20.15340067 19.29898864 20.37155509 29.62380107 20.28720008 20.18429444
  19.88903026 19.82782649 20.09616143 20.15043955 19.6548804  20.00702642
  19.90575273 19.76317063 20.17077755 20.80435818 20.34180711 20.01313479
  19.90123953 19.76635106 20.10386397 19.95873907 20.35021035 19.99941311
  20.20614431 19.55498716 21.06999422 20.08824031 20.54131611 20.11225012
  20.02406612 19.70635681 19.62689105 19.7410724  19.50120131 19.80776826
  20.03198876 20.47965847 19.50335436 20.02545053 20.01231495 19.71433497
  19.60333739 19.86176244 19.46043367 20.28518953 19.35168545 20.40554399
  20.27043085 20.26010071 20.70165674 19.80469601 20.23753213 20.4855495
  20.13350483 19.67912774 20.06773019 19.88909783 20.16149514 19.65680403
  20.29109868 19.72249217 19.98216128 20.504253   19.80648478 19.95485501
  20.56971723 20.28862773 19.9640029  20.25795243 19.78760454 19.86000094
  20.25964832 19.8354682  20.33126864 19.82380373 20.0091943  20.24272168
  20.11702503 19.92803469 19.58972975 20.16152498 19.86728209 19.31992995
  20.04170355 19.93182004 19.68486203 19.96352087 19.89114617 20.24479571
  19.94283545 20.20488413 19.964807   19.7107749 ]
[20.51554932 20.34433364 20.11591625 19.53259752 20.70306651 20.4821148
  20.16337174 20.05365505 20.24385508 20.28720008 30.64078071 20.49840951
  20.11183793 19.7251928  20.40238311 20.17372646 19.88324206 19.93030655
  20.39389797 20.04944345 20.16055298 20.67387176 20.6074592  20.25760682
  19.66191456 20.05296794 20.42773052 20.17760994 20.04224085 19.57634974
  20.59634368 20.11906786 21.00952715 20.15629683 20.63860858 20.80578171
  20.07125299 19.83600592 20.32454625 20.45225939 19.98830497 19.92567271
  20.24628635 20.29621328 20.37938752 19.77158731 20.48042785 20.16875331
  19.61603997 19.87806437 19.79206169 20.39570154 19.550126   20.67397158
  20.25237845 20.54929506 20.74748664 19.83850218 20.40549571 20.25376774
  19.9595237  20.0343871  20.7155614  20.17186296 20.50925887 20.16476702
  20.91372917 19.89154534 20.1467667  20.57324147 20.28322585 19.62962542
  20.35518408 20.63022476 20.51372077 20.92270749 19.92659405 19.88583806
  20.29493053 20.20887185 20.22474932 20.1510253  19.73821883 20.15393882
  20.35313787 20.54711599 19.53624517 20.49632336 20.19079876 19.54031445
  20.75845765 20.28263018 20.06792001 20.5078682  20.02086482 20.15406879
  20.41773263 20.06896743 19.61688749 20.30417793]
[20.29638294 19.81221383 19.8397308  19.57987419 21.22335426 20.49151514
  20.05542129 19.73009788 20.23292244 20.18429444 20.49840951 29.63612879
  19.81260037 20.18721241 20.59876744 19.93724895 19.50526303 20.22142956
  20.12831292 19.70087285 20.17644755 20.45663983 20.19931921 20.35376983
  19.63208249 19.81810643 20.08216269 20.77944478 20.1286271  19.82206927
  20.31267722 19.84545005 20.9118887  20.27690546 20.40764442 20.47030097
  20.21826715 19.69613692 19.86453429 20.56352544 19.761853   19.74769515
  20.09863177 20.36098793 19.90224529 19.50761236 20.07182676 19.81946566
  19.92294819 19.73273078 19.79902632 20.03598684 19.30134745 20.6515565
  19.79127646 20.04106497 20.59706936 19.81397823 20.36158435 20.47811531
  20.07967195 20.14119109 20.83475753 20.05373991 20.35519986 20.30293596
  20.52238981 20.05862756 20.39499448 20.1231536  19.69540835 19.84101255
  20.33658008 20.15821567 20.20325078 20.67774358 19.94494634 20.0299673
  20.31779392 19.71185824 20.26138921 20.20606419 19.73712414 20.02440909
  20.04507697 20.39946764 19.77292798 20.18550074 19.75469377 19.64324028
  20.5867876  19.75146499 19.85294528 19.88797899 19.78732775 20.39168339
  20.27572146 20.07197431 19.66302708 19.66642703]
[19.55181726 19.67727868 19.88204744 19.63419524 20.67744657 20.09806737
  19.75855752 19.48147467 19.63250625 19.88903026 20.11183793 19.81260037
  29.46917777 19.38700604 19.96649296 19.72585041 19.32552731 19.45144037
  19.44094491 19.23349757 19.43267554 20.53874542 19.87553787 19.39066722
  19.19443111 19.59004722 20.07741994 19.76759801 19.51699401 19.2614028
  19.89937903 20.00791691 20.81987195 19.75427289 20.31016505 19.96658988
  19.39573628 19.99071696 19.56618778 20.10877251 19.41286806 19.69317417
  19.71995635 19.85248091 19.40856495 19.33771732 19.93946352 19.57190733
  19.57912344 19.17698447 19.68649736 19.51624122 18.96413412 20.07101148
  19.47909032 19.69896128 20.07141674 19.6154644  19.78823292 19.89931242
  19.56335435 19.63128354 20.21427864 19.35130065 19.90332032 19.62035542
  20.25287665 19.61502444 19.82986376 19.89956711 19.19739062 19.07129987
  19.81058361 19.96425605 19.73702026 19.95146975 19.26949717 19.46016268
  19.96733074 19.48074497 19.50630734 19.89684989 19.27048704 19.66876656
  19.77081219 19.79750839 19.548712   19.62542626 19.48707749 19.17697447
  20.2064114  20.38904599 19.56929916 19.69752422 19.79144006 19.65390945
  19.72222393 20.03861974 19.55863528 19.23328012]
[19.95653593 19.94798609 19.92907823 19.68315948 20.43729139 20.15977705
  20.15973919 19.3569961  20.02933638 19.82782649 19.7251928  20.18721241
  19.38700604 29.49320926 20.05635139 20.40158689 19.49213709 19.39551514
  19.8572242  19.30895175 19.54991069 20.546746   19.88587949 19.49072174
  19.54581569 19.33922269 19.86239845 20.14192012 19.61539993 19.23323355
  19.80957728 20.0552621  20.57209177 20.39317735 20.40144921 20.41194259
  19.92777903 19.59263632 19.37959374 20.09394584 19.54654828 19.51589741
  19.56487605 20.27017244 19.74249895 19.42903895 19.89213472 19.24161816
  19.34448686 19.54920447 19.89134317 19.57503558 19.16854545 19.94642217
  19.84658837 19.90719836 20.20709556 19.89041696 20.48365435 20.38306704
  19.91077899 19.6010848  20.50596836 19.72493685 20.01452681 19.43030495
  20.33657144 19.44294385 19.71546788 19.9107773  19.47192574 19.24642083
  19.9037479  20.49520446 19.88798821 20.34921606 19.62946178 19.73529451
  20.13059883 19.8620602  19.42173856 19.612522   19.38707657 20.33785892
  19.84734537 19.83565992 19.20606721 20.24734789 20.1433449  19.7226027
  19.79993838 20.03567176 19.88257709 19.7992542  19.62852646 19.62042219
  19.59029703 19.6324514  19.38931923 19.78346516]
[20.30298934 19.8624147  20.41520056 19.97395895 21.18780172 20.51489311
  19.96129225 19.6840939  20.00726762 20.09616143 20.40238311 20.59876744
  19.96649296 20.05635139 29.46699239 20.05638955 19.86014004 20.30047434
  20.22371736 20.05254606 19.86163513 20.8829725  20.3188617  19.9688204
  19.78688172 20.03278202 20.33837122 20.59288887 20.16062934 19.69632744
  20.21042079 20.03037519 21.11402855 20.14821883 20.41414623 20.60827655
  20.21690934 20.35472226 20.00748686 20.38981119 19.77470035 19.64967061
  19.9309293  20.10911865 20.35372185 19.88439388 20.15400286 20.1710067
  20.05631632 19.83262121 20.46139391 20.15605985 19.75843708 20.50329919
  19.86785559 20.51315102 20.80543056 19.73242569 20.68751845 20.4054832
  20.03717118 20.01825592 20.59354905 19.73105897 20.78567805 19.63985648
  20.57994715 20.03195197 20.42468764 20.07401945 20.03680647 19.99982759
  20.3662788  20.49196995 20.18380793 20.65385436 19.85612152 19.9261865
  20.69750421 20.24906762 20.09868698 20.30834819 19.87703998 20.39697632
  20.57003524 20.28338697 19.57007818 20.07386884 20.42571184 19.63083027
  20.26008134 20.45403971 20.13806876 20.41644375 19.99810753 20.28295666
  20.35080707 20.11799705 19.7793343  19.89277554]
[20.32129907 19.60988534 20.07360961 19.80050951 21.19258444 20.5538329
  20.37989418 19.95442963 19.91751856 20.15043955 20.17372646 19.93724895
  19.72585041 20.40158689 20.05638955 29.96990517 19.90882021 19.61737366
  19.97307559 19.51280921 19.67164019 20.14899587 20.34763551 20.11202962
  19.32223093 19.69472895 19.90194082 20.12246357 19.51582955 19.47766804
  20.08505998 19.57807674 20.8034891  20.0912574  20.25179905 20.00513156
  19.85211247 19.75553279 20.07078745 20.19204818 19.81795107 20.07674971
  19.89571694 20.14385993 20.18451077 19.95930936 20.14764088 20.02247821
  19.84777415 19.61737717 20.01070496 19.56748496 19.22513869 20.34108782
  19.43926048 19.51616633 20.32880829 19.6831606  20.09087807 20.41146773
  20.19900286 20.04099752 20.53127946 19.89310763 19.79850744 19.31869459
  20.4510066  19.67997509 20.19695055 20.15969693 19.48731448 19.46114878
  19.99104052 20.44820395 20.23993507 20.5080334  19.47947571 19.64899718
  20.05285227 19.87492193 19.96182275 20.2901506  19.56655771 20.17343594
  19.72368972 20.02956572 19.3414834  20.16567758 19.59325595 19.4690203
  20.20490652 19.8357612  19.81925393 19.93500364 19.91927873 19.97474716
  19.95232134 20.49685258 19.7654524  19.55405217]
[19.49406037 19.71248077 19.76391734 19.28149834 20.22667343 20.16826216
  19.62130077 19.2820998  19.95913665 19.6548804  19.88324206 19.50526303
  19.32552731 19.49213709 19.86014004 19.90882021 29.24928642 19.56993677
  19.60695142 19.3405641  19.80224193 20.55870075 20.15690791 19.35456154
  19.05832697 19.70035372 20.19092903 20.00857533 19.64241586 19.46097042
  19.89777375 19.46043665 20.60396495 19.92551805 19.86956548 20.14887558
  19.52716667 19.28413359 19.5256066  20.00226899 19.11761326 19.55981391
  19.71279659 19.67745155 19.7861385  19.31037172 19.96347194 19.48422655
  19.40145491 19.33717854 19.44967375 19.55693999 19.18725217 20.01507648
  19.65262189 20.00377526 20.60514472 19.11777165 20.06851551 19.35978974
  20.06559835 20.10807881 20.11378481 19.55594708 20.0351223  19.28823615
  20.0602921  19.37031149 19.86685855 20.01604135 19.45657384 19.1708646
  19.74010707 19.91483624 19.64182678 20.06226961 19.60081807 19.4218434
  19.87336446 19.59311289 19.5339619  19.69095892 19.2729338  19.61466678
  19.35718419 19.77408872 19.35770123 19.95081165 19.46468655 19.19856754
  19.74126548 19.52220972 19.81746121 19.52481407 19.27241747 20.01110955
  19.51813834 19.95603596 19.23441737 19.5478396 ]
[20.55702358 19.72287476 20.07392444 19.47491278 20.72934735 20.38491337
  19.77629967 19.56848705 19.61122849 20.00702642 19.93030655 20.22142956
  19.45144037 19.39551514 20.30047434 19.61737366 19.56993677 29.25812637
  19.80450392 19.68148275 19.49267111 20.28404376 20.28367028 19.85870655
  19.74743946 19.9009982  19.82191747 20.0308498  19.9182646  19.2787185
  20.18251001 19.59264596 20.69820564 20.12677931 20.12801044 19.84838189
  19.92603677 19.61184189 19.66338636 19.99178125 19.5127067  19.72796574
  19.59911212 19.54387687 20.25595836 19.47107002 19.62542707 19.39650545
  19.58207661 19.48186827 19.60049594 19.89619356 19.33699804 20.3756042
  19.48192803 20.0638977  20.11881714 19.60734626 20.13867637 19.79190477
  19.58764643 19.68997597 20.62277375 19.49032964 20.36608898 19.53979906
  20.1840454  19.99671881 19.67733385 19.71127328 19.62174664 19.32799687
  20.02053338 20.05349073 20.17317627 20.07342735 19.56868772 19.43293972
  20.34916795 19.17325904 19.68585574 19.48065647 19.42627966 19.71881465
  19.95994476 19.82449717 19.44376243 19.90427734 19.76456482 19.23371553
  19.75565375 19.73554449 19.2543545  19.78029198 19.61329161 19.89058414
  19.75904567 19.68636577 19.58887188 19.31279382]
[19.99593435 19.55861286 20.03506651 19.73279536 20.99206111 19.99565359
  20.15059813 19.64926842 20.27208329 19.90575273 20.39389797 20.12831292
  19.44094491 19.8572242  20.22371736 19.97307559 19.60695142 19.80450392
  29.9906755  20.01276518 20.09042305 20.61843676 20.31528967 20.36018725
  19.83521571 19.77827838 19.87394407 20.21737203 19.77444295 19.21076568
  19.89741049 19.77824521 20.83223445 20.09673492 20.42482127 20.11408189
  19.86088262 19.65280453 19.75678755 20.12208633 19.62442627 19.81804072
  20.27468307 20.34987375 20.09235965 19.51362    20.07351038 20.20261721
  19.43262712 19.8528489  19.72659944 19.88215593 19.12477788 20.31110338
  20.10682013 20.25703366 20.44361148 19.51811878 20.07652296 20.47220992
  20.00876263 20.10082029 20.25772271 19.84953034 20.33887805 19.69776892
  20.89023459 19.83529055 20.16065099 19.98862926 19.54109921 19.41016986
  19.96327772 20.56163499 19.91780854 20.38794024 19.61224611 19.56880174
  19.92860285 19.60827822 19.81270635 19.8792972  19.63203062 20.15313384
  19.90647831 20.22167939 19.50638581 19.85206453 19.65506133 19.54511036
  20.11969483 20.12134396 20.10115496 19.92456272 19.75323725 19.82728152
  19.59012966 20.14115337 19.7231693  19.81714519]
[19.79446393 20.00997804 19.78618325 19.20509742 20.47757372 19.94834908
  19.73283671 19.23018252 19.45707809 19.76317063 20.04944345 19.70087285
  19.23349757 19.30895175 20.05254606 19.51280921 19.3405641  19.68148275
  20.01276518 29.08237459 19.99647758 20.0538969  20.06127163 19.59517823
  18.96373583 19.51520784 19.93032351 19.89466366 19.25050667 18.77354894
  20.25732502 19.5356699  20.56260962 19.66746811 20.21829327 20.26942258
  19.82701516 19.5947608  19.44248315 19.98831454 19.36083828 19.41031618
  19.64938003 19.47418114 19.53373787 19.52836426 19.78639992 19.36006029
  19.31765397 19.72681889 19.40310706 20.09828413 19.19160849 20.02276938
  19.89905766 20.04520438 19.88945926 19.59150315 19.84305664 20.0347012
  19.561322   19.66914577 20.01621617 19.35867185 20.14681142 19.36355882
  20.37350874 19.49691094 19.58762584 19.88667794 19.26833645 18.71804265
  19.29672424 19.44951344 19.47068886 20.10435348 19.8470508  19.23985332
  19.74746424 19.65739993 19.54825485 19.67431057 19.22836975 20.09392565
  19.66782345 20.170365   19.23130619 19.6878223  19.25395734 19.52305213
  19.66541843 19.59335887 19.28473235 19.61560218 19.5195547  19.81495387
  19.55374609 19.67256502 19.2260051  19.60938524]
[19.95362907 19.8576626  19.62065695 19.55827654 20.55984953 20.23617529
  19.75769129 19.35480902 19.5948812  20.17077755 20.16055298 20.17644755
  19.43267554 19.54991069 19.86163513 19.67164019 19.80224193 19.49267111
  20.09042305 19.99647758 29.70917556 20.32246955 20.27904494 19.75105768
  19.40297851 19.11378303 20.11697534 19.65820442 19.49586827 19.20018185
  19.91733522 19.68057538 20.85748861 19.88918498 20.3796812  20.01544341
  19.79885858 19.62162376 19.65937838 19.72314491 19.15401962 19.93151948
  19.77239914 19.96387227 19.90953128 19.66019927 19.85430439 19.54939062
  19.57042792 19.84029478 19.37877307 19.88580788 19.21874533 20.17294442
  19.65250403 20.11942142 20.05195393 19.35711092 20.22159656 19.95598413
  19.64080936 20.20979279 20.25556775 19.81226775 20.25747504 19.45475352
  20.3473142  19.4960019  19.9591988  19.79656798 19.53773159 19.58991743
  20.07631427 20.36950637 19.67242419 20.45349714 19.18003037 19.76131549
  20.44581764 19.96805441 19.61574706 19.8601409  19.33966609 19.90610408
  20.11263156 19.95552885 19.44283891 19.70345533 19.62310282 19.31524051
  20.08826553 19.63518645 20.01769608 19.52954537 19.46863201 19.58098846
  19.4479258  19.83430729 19.60330756 20.03317606]
[20.8517811  20.24930164 20.71502152 20.18731653 21.39946094 21.22962178
  20.46794378 20.22714445 20.44253556 20.80435818 20.67387176 20.45663983
  20.53874542 20.546746   20.8829725  20.14899587 20.55870075 20.28404376
  20.61843676 20.0538969  20.32246955 30.71979169 20.97822028 20.38030548
  20.35315358 20.38790429 20.77739469 20.58992479 20.38841985 19.98651044
  20.6338196  20.55962341 21.26804131 20.41129949 20.52597377 20.83881029
  20.33801097 20.35125422 20.50671528 20.50502836 20.33089879 20.51074824
  20.23093437 20.7112773  20.21320911 20.05190383 20.81223123 20.48706133
  20.48920776 20.52030871 20.40093605 20.42811379 19.9868355  20.63692536
  20.82067151 21.00212876 20.93779311 20.27897721 21.0461695  20.54752362
  20.53627653 20.80858752 21.18011021 20.45441924 20.64984503 20.16640869
  20.73578141 20.43953661 20.69143329 20.69078242 20.39369574 20.19214307
  20.71406027 20.92521917 20.33779442 20.75862514 20.02163544 20.63218005
  21.16999206 20.24807631 20.39228809 20.67566912 20.15383263 20.5700624
  20.64289522 20.57289322 19.96303859 20.6030265  20.48932932 20.37943739
  20.84022736 20.53691386 20.40088391 20.50561074 20.50445867 20.86057759
  20.51201286 20.0121157  20.00867361 20.1994227 ]
[20.34163136 20.20187194 20.30494925 19.99379318 21.00926529 20.7419621
  20.46407853 19.87214712 20.49967648 20.34180711 20.6074592  20.19931921
  19.87553787 19.88587949 20.3188617  20.34763551 20.15690791 20.28367028
  20.31528967 20.06127163 20.27904494 20.97822028 30.02809762 20.28048555
  20.12092041 20.35489606 19.95057569 20.25297809 20.32757554 19.86456477
  20.53823948 20.47614644 21.05369324 20.61543273 20.68622421 20.71685324
  20.04724044 20.07557305 20.2630499  20.29828198 19.25497741 20.09863105
  20.41370744 20.67047551 20.24299449 20.19974616 20.30361656 20.26565652
  20.12562806 20.12915378 19.97294776 20.41415202 19.5982882  20.34749124
  20.44297846 20.3059122  21.1297023  20.03703642 20.81636117 20.11256198
  20.29598793 20.23121975 20.64732352 20.21264731 20.53831722 19.9488289
  20.93762492 19.93527067 20.15348786 19.93474685 20.49982681 19.89973575
  20.32620519 20.35935223 20.25975637 20.72857218 19.98541245 19.9734816
  20.49018875 20.29548154 20.22351739 20.27563765 20.03764992 20.61698534
  19.92586069 20.13502964 19.83734709 20.02420741 20.20577116 19.93892478
  20.44376877 20.14946147 20.19493567 20.55763718 20.01831338 20.57304102
  20.08884412 20.22600216 19.62985967 20.22415713]
[19.67475619 19.7330522  20.00716279 19.5341577  20.64325264 19.9511933
  20.12174323 19.49760356 20.04594398 20.01313479 20.25760682 20.35376983
  19.39066722 19.49072174 19.9688204  20.11202962 19.35456154 19.85870655
  20.36018725 19.59517823 19.75105768 20.38030548 20.28048555 29.37285223
  19.53159492 19.38170074 19.63538902 20.08520548 19.74218419 19.92030454
  19.95107952 19.72984061 21.12813584 20.10157497 20.16956477 20.16886642
  19.67679314 19.41352445 19.93238091 19.99149825 19.34321315 19.71862754
  19.89849784 19.80521301 20.08399932 19.60017744 20.02254966 19.39740926
  19.73769637 19.92965711 19.90366217 20.06652612 19.09357739 20.00907471
  19.75876775 19.85968622 20.32666777 19.56109375 20.18439666 19.98146507
  19.85884972 19.89477043 20.48681412 19.26799934 19.62406215 19.61394021
  20.27315016 19.6186677  20.11062603 20.12539044 19.78954491 19.64671775
  20.13139466 20.24977819 19.79915608 20.38632527 19.92855991 19.37891769
  19.96001151 19.82400608 19.3782292  19.62965147 19.33888685 19.82340778
  19.58602616 19.793836   19.48640542 20.00638855 19.54691775 19.47428978
  20.18809796 19.93702647 19.68999906 19.80430855 19.73471007 19.8426995
  20.10188585 19.61394312 19.25180753 19.39524387]
[19.64437379 19.55936433 19.63404296 19.76977435 20.42037208 20.25568997
  19.63706431 18.87364072 19.29381018 19.90123953 19.66191456 19.63208249
  19.19443111 19.54581569 19.78688172 19.32223093 19.05832697 19.74743946
  19.83521571 18.96373583 19.40297851 20.35315358 20.12092041 19.53159492
  28.81195839 19.1302252  20.17988027 19.89589741 19.54790923 19.30902872
  19.75151152 19.69383305 20.43126897 19.83487211 20.08048542 19.88478626
  19.47630552 19.56469829 19.29025901 19.48193138 19.20008146 19.51359056
  19.75616167 19.77693674 20.1012137  19.128238   19.52313818 19.09437979
  19.40291276 19.36947044 19.27873446 19.80001077 18.76711661 19.57428805
  19.67494699 20.01306517 19.84419941 19.42859428 19.82948633 19.74465426
  19.47888189 19.85083357 19.83501623 19.07200384 19.63465548 19.40881201
  20.0728571  19.48824718 20.004984   19.42620018 19.34416033 19.18469138
  20.08448165 19.58800356 19.60363498 20.18239013 19.40879106 19.03588127
  19.79110522 19.32426733 19.4519192  19.16860083 19.24225913 19.31222929
  19.79492761 19.73019469 19.02461491 19.43834494 19.41082087 18.71999247
  19.50037722 19.40974023 19.47251781 19.50798926 19.65225065 19.58803304
  19.34291698 19.80686082 18.93763947 19.36145928]
[20.02406254 19.73462995 20.13624006 19.61638438 20.68451794 20.06248041
  20.22858739 19.38253982 19.63198247 19.76635106 20.05296794 19.81810643
  19.59004722 19.33922269 20.03278202 19.69472895 19.70035372 19.9009982
  19.77827838 19.51520784 19.11378303 20.38790429 20.35489606 19.38170074
  19.1302252  28.95520244 20.16592486 20.01475544 19.84339837 19.28942168
  19.78941068 19.93820599 20.55524531 19.82771556 20.18832789 19.90394563
  19.63422846 19.82155802 19.55426647 19.78957026 19.43949721 19.27966573
  19.93955562 19.88519655 19.73300396 19.54021302 19.87438163 19.46290266
  19.46587921 19.87702583 19.85558019 20.13409645 19.08312335 19.680261
  19.59763019 19.80502407 20.11342446 19.22008375 19.99698663 20.24369591
  19.51875725 19.85271136 20.19789153 19.40395658 20.16398158 19.66626127
  20.43265562 19.98187766 19.96377978 19.90676522 19.76033849 19.43439919
  20.44479211 19.83878535 19.71613018 19.89532058 19.61007174 19.81578776
  20.07407984 19.45461482 20.07101641 19.79002446 19.48650541 19.89920371
  19.39822008 19.79104452 19.75975259 19.78472199 19.59379005 19.33613327
  20.28924789 19.81615297 19.26107335 19.43714224 19.72730532 19.79972715
  19.35795509 19.59352843 19.06334889 19.62940883]
[19.98996205 19.85928578 20.1494255  19.98713683 21.14161618 20.54833229
  20.39735085 19.5322534  20.22293451 20.10386397 20.42773052 20.08216269
  20.07741994 19.86239845 20.33837122 19.90194082 20.19092903 19.82191747
  19.87394407 19.93032351 20.11697534 20.77739469 19.95057569 19.63538902
  20.17988027 20.16592486 29.95296526 20.12455861 20.4374584  19.22143955
  20.39984217 20.26795793 20.94305402 20.08774393 20.7404409  20.32967097
  19.87680298 19.82059443 19.9549907  20.2523962  19.72541895 19.67921414
  20.02954811 20.37312808 20.12245255 19.86408988 20.17399897 19.55908402
  19.57836821 19.73031266 19.83589524 20.01952573 19.1603356  20.260123
  19.82408284 20.29568605 20.68828656 19.73650061 20.18551946 20.57239366
  20.46782307 20.29574316 20.22739648 19.76598544 20.18224156 19.81151498
  20.70854039 19.6850909  20.01927938 19.88288334 19.8960844  19.66534858
  19.9970978  19.99659397 20.01274816 20.43083494 19.84309568 20.21494407
  20.47855481 20.41647554 20.01085952 20.55932738 19.83099787 20.05125529
  20.03080547 20.11168782 19.4134443  20.02659487 20.10215401 19.12400616
  19.99075238 20.02772683 20.10504088 20.47763082 19.96814609 20.39188726
  19.84697339 20.08775534 19.71208242 19.80665044]
[20.19372085 20.03069132 19.98939406 19.97059116 20.64809824 20.17462337
  20.42548589 19.4730511  19.95270975 19.95873907 20.17760994 20.77944478
  19.76759801 20.14192012 20.59288887 20.12246357 20.00857533 20.0308498
  20.21737203 19.89466366 19.65820442 20.58992479 20.25297809 20.08520548
  19.89589741 20.01475544 20.12455861 30.06631127 20.00109244 19.94904392
  20.35897486 20.47725932 21.23955718 20.79469129 20.45039337 20.49421257
  19.87339219 19.91968531 19.97262068 20.38885213 19.71364514 20.08530221
  19.8925562  20.1521709  20.07361569 20.08201332 20.12836926 19.73215172
  19.85583103 19.80011516 19.8147958  19.97651467 19.76528365 20.49327861
  20.10713192 20.281764   20.34832211 19.93679271 20.46721573 20.45406583
  19.84107414 20.15555394 20.51132186 19.97074657 20.3327259  19.97831441
  20.55476883 19.79980552 20.10617853 19.73663518 19.96449037 19.72867076
  20.11138589 20.50526821 19.96639188 20.46191124 19.9388371  19.64481815
  20.61755171 19.9728154  20.14094957 19.87538968 19.18699339 19.97819399
  19.96679566 20.24832382 19.23152493 20.14006887 19.8806779  19.83749336
  20.50677572 20.19896928 20.06704071 19.99140454 19.95676759 20.64403907
  20.07545244 19.96055774 19.67131424 19.98536388]
[20.02846662 20.14280366 20.26545809 19.40067549 20.58587527 20.38549227
  19.99682679 19.45622843 19.86479409 20.35021035 20.04224085 20.1286271
  19.51699401 19.61539993 20.16062934 19.51582955 19.64241586 19.9182646
  19.77444295 19.25050667 19.49586827 20.38841985 20.32757554 19.74218419
  19.54790923 19.84339837 20.4374584  20.00109244 29.77941471 19.4166273
  20.33121551 19.72515583 20.24765911 20.41547922 19.95054459 20.27719725
  19.52334532 19.61282263 19.81443766 19.81985644 19.19063136 19.48883054
  19.49301489 20.10575893 19.4649173  19.29099929 20.05181181 19.6678277
  19.72829003 19.82257482 19.75757996 20.00127677 19.37269729 20.06177779
  19.80397707 20.03867906 20.58067678 19.57064385 20.17805353 20.11910077
  19.73995789 19.51296941 20.12861851 19.52444779 20.25310545 19.54833463
  20.18817748 19.94685048 19.87009703 19.84468516 19.98015423 19.47301489
  20.10087568 19.95520937 19.52510953 20.64285132 19.66538819 19.76847177
  20.09830804 19.57875304 19.9456617  19.73700402 19.43375487 20.17880464
  19.97498483 20.197757   19.45027943 20.06553715 19.28018639 19.20632771
  20.0077797  19.67837246 19.89670634 19.74017134 19.56404685 19.87882716
  19.86724552 19.92994262 19.45306699 19.95363633]
[19.84078114 19.11842267 19.46315293 19.0790412  20.50624039 20.07286568
  19.46515359 19.21880098 19.47612024 19.99941311 19.57634974 19.82206927
  19.2614028  19.23323355 19.69632744 19.47766804 19.46097042 19.2787185
  19.21076568 18.77354894 19.20018185 19.98651044 19.86456477 19.92030454
  19.30902872 19.28942168 19.22143955 19.94904392 19.4166273  28.69620136
  19.73033138 19.52780307 20.34805057 19.9580582  19.72162068 19.90247823
  19.34928729 19.46458113 19.86953787 19.70246892 19.10018657 19.56354633
  19.60756666 19.43709336 19.54615177 19.11790803 19.6859518  19.09797846
  19.3511506  19.48072253 19.50563966 19.34507483 18.8747498  19.67447526
  19.46709315 19.66132412 19.36977224 19.39130507 19.50039216 19.39450524
  19.49243798 19.33116546 19.73526235 19.59444536 19.52120912 19.44463714
  19.78418163 19.01703022 19.48181464 19.67967216 19.34526827 19.40955938
  19.79017861 20.00592148 19.50938243 19.75955231 19.31191323 19.21715735
  19.86773908 19.30308807 19.76348104 19.33009039 18.87414938 19.44067522
  19.41708473 19.60907248 19.31227714 19.57138636 19.12073835 19.09229787
  19.48263276 19.52604536 19.18982511 19.15345357 19.36232404 19.0207345
  19.23769704 19.55686899 19.43594354 19.28113377]
[19.78890804 20.04304015 20.06369773 19.591894   21.07566979 20.43080418
  19.95572629 19.20959029 19.87285766 20.20614431 20.59634368 20.31267722
  19.89937903 19.80957728 20.21042079 20.08505998 19.89777375 20.18251001
  19.89741049 20.25732502 19.91733522 20.6338196  20.53823948 19.95107952
  19.75151152 19.78941068 20.39984217 20.35897486 20.33121551 19.73033138
  29.84160839 19.70619548 20.95846672 20.27381167 20.33083813 20.56863454
  20.1186538  19.9374059  19.75282076 20.08289857 19.94451692 20.19951805
  19.86195438 20.65649337 20.00752888 19.71814131 20.09128126 20.03650379
  19.77608908 19.76386343 20.04012633 20.06919666 19.67654909 20.19874579
  19.95971621 20.14304109 20.65452633 19.58277248 20.63126115 20.22240583
  20.04601527 20.01370028 20.64644423 20.0198744  20.35437448 19.90414289
  20.81108645 19.65958282 20.21305818 20.02560766 19.77607188 19.75121837
  20.16389571 20.13502748 20.15484481 20.41025491 20.00296715 20.11056148
  20.36699405 19.53469604 20.0338697  20.14798153 19.65162481 19.75807947
  19.92939777 20.25165248 19.65233382 20.00167812 19.95159337 19.76173864
  20.31051172 19.54800432 20.07585895 20.09140275 20.13661682 20.39491193
  20.05992246 20.11236308 19.81521173 19.85907383]
[20.06295463 19.86268767 20.23886713 19.94224203 20.80416888 20.22227542
  20.24759877 19.54301198 20.14845905 19.55498716 20.11906786 19.84545005
  20.00791691 20.0552621  20.03037519 19.57807674 19.46043665 19.59264596
  19.77824521 19.5356699  19.68057538 20.55962341 20.47614644 19.72984061
  19.69383305 19.93820599 20.26795793 20.47725932 19.72515583 19.52780307
  19.70619548 29.89834299 20.82771087 20.27156813 20.33240683 20.03199493
  19.65264449 19.74525694 20.23936971 20.05066795 19.46544327 19.81608087
  19.75036647 19.85842279 20.05601796 19.37904236 20.03980849 19.50707984
