2099
50
10
24.430525291336863

[0.04305546 0.06620497 0.07193738 0.06625919 0.06208354 0.03388839
 0.06834611 0.08315692 0.09145977 0.05638301 0.09769077 0.03961959
 0.03394659 0.07869464 0.08658472 0.05482467 0.08017721 0.0826306
 0.05529251 0.05394981 0.07253509 0.0476207  0.08331039 0.0746242
 0.0775813  0.05276504 0.02087105 0.04698754 0.07609447 0.02275432
 0.05784582 0.02587964 0.04958293 0.04287378 0.07394964 0.06586733
 0.05192002 0.07755851 0.03580188 0.07835767 0.09886611 0.09849825
 0.0843546  0.04091718 0.08926513 0.03288826 0.05854728 0.02555777
 0.03601356 0.09123392]

[[30.1546598  19.87703856 19.89154729 20.43172625 20.14681562 20.10822887
  20.12200783 20.23133524 19.7217362  20.19431406 20.14537277 20.14103738
  20.55066293 20.10756271 20.38155831 20.29251253 20.229186   20.45194179
  20.99240569 20.07998798 20.18868988 20.26967356 20.11157116 19.95106677
  19.8653664  20.22489788 20.24029891 19.90622523 20.614323   19.96472237
  20.18046307 20.41584782 19.98015087 20.20879933 20.05858418 19.6629762
  19.9966223  20.7259884  20.35256658 20.17291237 20.43770616 20.50947051
  20.78549964 20.64065901 20.89277026 20.72452875 19.94147174 20.58844349
  20.39770888 20.38069567]
[19.87703856 28.87863017 19.56894717 20.00174988 19.53743002 19.68941751
  19.66091357 20.02272075 19.48442761 19.5839309  19.91703111 19.90925097
  19.15765426 19.55557764 19.71089614 19.22078478 19.31879072 19.77242546
  20.37480604 19.42777855 19.6476998  19.72723535 19.66357574 19.78777559
  19.48747582 19.99185899 19.67727171 19.76151849 19.71601511 19.7526219
  19.42950949 19.65474305 19.38093942 19.84316517 19.26819944 19.19812527
  19.51639992 19.90842829 19.61248321 19.88205877 20.05126492 19.732062
  19.90833579 19.59201988 20.07316959 19.7663913  19.32079712 19.99137862
  19.91183936 19.70468094]
[19.89154729 19.56894717 29.43097327 19.7275802  19.44406772 19.64243604
  19.55824827 19.76976439 19.90569283 19.66003014 19.68208811 19.94020972
  19.36577477 19.50396967 19.59740696 19.79189737 19.41458041 19.30704469
  19.86178908 19.44528215 19.53506042 19.54408105 19.74690815 19.54461754
  19.54059292 19.80151064 19.1348799  19.3913562  20.07268691 19.27273006
  19.99798289 19.40502036 19.7346125  19.72982388 19.4296843  19.90852523
  19.62478899 20.14543109 19.97523035 19.72620038 19.86343037 19.5942222
  20.14156936 19.61986514 20.56488508 20.07954858 19.44730987 20.17757488
  20.15334972 19.95567935]
[20.43172625 20.00174988 19.7275802  30.1223116  19.96795392 19.93693367
  20.22884662 20.3835628  20.04041054 20.06638335 20.24040247 20.21199292
  19.81661418 20.3580641  19.77801394 19.87171008 20.12796632 19.84087271
  20.79817362 19.86837861 20.22698439 19.96076888 20.14109777 19.92022152
  20.21611526 20.40978642 20.14897602 19.77454716 20.25298462 19.96072393
  19.89443365 20.41151117 20.04580841 20.30004315 20.07286324 19.97623951
  20.28512923 20.28141624 20.25868952 20.5092182  20.5181055  20.50417945
  20.41232023 20.2007116  20.79842831 20.83771203 19.73752928 20.37200039
  20.59681383 20.17653683]
[20.14681562 19.53743002 19.44406772 19.96795392 29.83851684 19.465825
  19.60647447 19.71869916 19.69133586 19.46534366 19.96841729 19.87086207
  19.82805983 20.03197495 19.98704133 19.51121915 19.46391324 19.31829584
  20.18043985 19.06213583 19.53598606 19.45350875 19.7063302  19.7613446
  19.96669015 20.11198215 19.7114836  19.33898767 19.63910678 19.29550653
  20.02047319 19.95630293 19.68502145 19.81103784 19.47032158 19.31134085
  19.75863086 20.20376116 19.40284625 20.16589575 19.95776212 20.38343669
  19.77015707 20.04526901 20.60884047 20.21598366 19.59563774 19.79062625
  20.1198954  20.36342452]
[20.10822887 19.68941751 19.64243604 19.93693367 19.465825   29.39339629
  19.52449179 19.91454169 19.61534251 19.53556987 19.77905824 19.85811895
  19.82350062 19.75525451 19.53462964 19.62632036 19.5372977  19.48658386
  20.14059945 19.45382194 19.80187515 19.73464259 19.58919322 19.23980262
  19.70756852 20.21751364 20.147401   19.61545728 20.06851775 19.78838409
  19.47104761 19.55534031 19.64670821 19.42549909 19.30928677 19.65659381
  19.79111613 19.99652344 19.51095468 20.02612599 20.01567496 19.92931883
  19.8357662  20.04051705 20.39613771 20.26742237 19.48507483 19.85705857
  19.85277371 19.76142306]
[20.12200783 19.66091357 19.55824827 20.22884662 19.60647447 19.52449179
  29.25048005 19.56473705 19.69777825 19.67253098 19.72590455 19.79454182
  19.6105779  19.88539237 19.87203335 19.51329313 19.39031144 19.92581888
  20.06056391 19.16403676 19.97654236 19.50270523 19.45493562 19.50766697
  19.17109282 19.853321   19.60023475 19.7534104  20.36961093 20.02858912
  19.75586118 19.44610669 19.44415871 19.79990777 19.36064279 19.22701427
  19.54702792 19.97855624 19.78698255 20.17788714 20.04917311 20.04093166
  19.78789033 19.76269914 19.99582921 20.24197661 19.42123026 19.97148929
  20.09867429 19.77439508]
[20.23133524 20.02272075 19.76976439 20.3835628  19.71869916 19.91454169
  19.56473705 30.05109156 19.97624943 20.10599361 20.14351576 19.96941481
  19.78888359 19.95919928 20.14962867 19.72925527 19.85717384 20.08568046
  20.41117765 19.61509953 19.77023991 19.93409013 20.0942661  19.66271586
  20.05785625 20.61441492 19.85207969 19.71586895 19.92310565 19.5701689
  20.06190646 19.97465982 19.83060999 19.90890931 19.69519513 20.03175848
  19.980045   20.17846826 20.21330039 20.44537954 20.414411   20.17239344
  20.23947195 19.84417046 20.56434913 20.41517256 19.52509103 20.15158961
  20.23917443 20.1829932 ]
[19.7217362  19.48442761 19.90569283 20.04041054 19.69133586 19.61534251
  19.69777825 19.97624943 29.14885347 19.85941768 19.64715499 19.77672512
  19.5437094  19.87129757 19.6349393  19.1631929  19.6724876  19.63036128
  20.54355627 19.67260855 19.10778298 19.80394871 19.90256907 19.67911067
  19.43576876 20.03543323 19.87588375 19.62175178 20.14192065 19.60770223
  19.96063939 19.424135   19.63631074 19.86880369 19.88107181 19.27101359
  19.58973654 20.07219301 19.97433855 20.15698207 20.11560297 20.03182194
  20.00141879 19.84877801 20.50511375 20.22382744 19.31461328 20.17375842
  20.20075755 19.96769588]
[20.19431406 19.5839309  19.66003014 20.06638335 19.46534366 19.53556987
  19.67253098 20.10599361 19.85941768 28.92951706 20.00972515 19.8542814
  19.70006729 19.92443883 19.84796245 19.4629833  19.60327568 20.15629548
  20.04074035 19.52725196 19.20330509 19.52399448 19.83865196 19.97802057
  19.81889139 19.9110963  19.78537001 19.62796914 20.11999165 19.57191819
  20.0187569  19.44072409 19.74128391 19.84967154 19.23082676 19.27853458
  19.86269852 20.4943886  19.89749    19.90970285 19.84244008 20.05609616
  20.31874902 20.02823225 20.16011841 20.40067616 19.46126012 20.04001112
  20.23534818 19.68311898]
[20.14537277 19.91703111 19.68208811 20.24040247 19.96841729 19.77905824
  19.72590455 20.14351576 19.64715499 20.00972515 29.85487796 19.88570501
  19.76611043 19.76463573 20.0095611  19.62863678 20.1788394  19.80481814
  20.0790346  19.29328675 19.82405807 19.83873525 19.76364373 19.83211267
  20.13505207 20.43574459 19.73425333 19.85468854 20.35661744 19.72996062
  20.09857987 19.62293666 20.12660887 20.17375984 19.88748038 19.49645821
  20.06689879 20.35607107 20.16872284 20.29958139 20.19045008 20.26176653
  20.52343635 20.25490418 20.46112752 20.66917534 19.55881335 20.11549714
  19.98869887 19.99081468]
[20.14103738 19.90925097 19.94020972 20.21199292 19.87086207 19.85811895
  19.79454182 19.96941481 19.77672512 19.8542814  19.88570501 29.76858212
  19.7913216  19.8914767  19.88578935 19.95386213 19.58677559 19.90062704
  20.77755672 20.07363673 19.59167371 20.1231332  20.15080059 19.72834654
  19.78728459 20.15168545 19.92764233 19.88667699 19.93977498 19.75579432
  19.93116352 20.07653071 20.00453774 19.91473086 19.34111554 19.4073787
  19.96968539 20.33927257 20.05279014 20.35071619 20.21360985 20.39633418
  20.17442515 19.94007012 20.66146063 20.59548378 19.73093141 20.0073589
  19.91092463 20.33715729]
[20.55066293 19.15765426 19.36577477 19.81661418 19.82805983 19.82350062
  19.6105779  19.78888359 19.5437094  19.70006729 19.76611043 19.7913216
  29.61664193 19.76426315 19.49539804 19.37968558 19.76071949 19.86298419
  20.37315048 19.51724582 19.63235925 20.23015153 19.85050939 19.83247011
  19.61547577 20.06222618 19.81218987 19.68115022 20.07361822 19.67586022
  19.72008267 19.40844036 19.71199156 19.7514168  19.64792454 19.62421134
  20.0987928  20.16041721 20.42482676 20.08805784 19.94068344 20.3479468
  20.39562498 19.96891568 20.16446507 20.3540817  19.25704296 19.93565061
  20.07691822 19.49291558]
[20.10756271 19.55557764 19.50396967 20.3580641  20.03197495 19.75525451
  19.88539237 19.95919928 19.87129757 19.92443883 19.76463573 19.8914767
  19.76426315 29.08059954 19.75545741 19.6412321  19.52225337 19.88942313
  20.08635171 19.94693072 19.67362315 19.36931716 20.00792081 19.83225616
  20.00484641 19.97690892 19.68942139 19.73566991 20.06823365 19.8618191
  19.67751479 19.99321669 20.02770885 19.8543825  19.95848682 19.36757945
  20.0341964  20.13551514 19.91093476 20.21481927 19.59884834 20.07875495
  20.23880784 19.83732589 20.38833723 20.35353427 19.65864971 19.88090159
  20.35737981 19.7857656 ]
[20.38155831 19.71089614 19.59740696 19.77801394 19.98704133 19.53462964
  19.87203335 20.14962867 19.6349393  19.84796245 20.0095611  19.88578935
  19.49539804 19.75545741 29.42719    19.85529157 19.57678714 19.54326656
  20.1154338  19.26845289 19.84221188 19.84780209 20.07963498 19.79027721
  19.62627058 19.88350193 19.62900037 19.61693645 20.17207446 19.71731294
  19.74582102 19.59299713 19.83438063 19.78224096 19.97385515 19.77677047
  19.81930614 20.06681089 19.47667007 19.97139761 19.74761183 20.08044174
  19.90163664 19.67197715 20.18084959 20.21014944 19.75834912 19.90327297
  19.84976688 19.73167267]
[20.29251253 19.22078478 19.79189737 19.87171008 19.51121915 19.62632036
  19.51329313 19.72925527 19.1631929  19.4629833  19.62863678 19.95386213
  19.37968558 19.6412321  19.85529157 29.23318706 19.45595944 19.53653829
  20.03512405 19.46193748 19.66096897 19.67220295 20.04005489 19.3517881
  19.88823152 20.11185203 19.75402966 19.42776793 20.07841942 19.24559876
  19.53086607 19.26501966 19.43442172 19.71957175 19.209121   19.32087986
  19.65937411 20.089168   19.77254671 19.72002154 19.58804891 20.07639354
  20.04525764 19.75255186 19.93752762 20.38289821 18.88193945 19.77141262
  19.66634792 19.88145193]
[20.229186   19.31879072 19.41458041 20.12796632 19.46391324 19.5372977
  19.39031144 19.85717384 19.6724876  19.60327568 20.1788394  19.58677559
  19.76071949 19.52225337 19.57678714 19.45595944 28.82338314 19.60623444
  20.49762473 19.58467145 19.58089615 19.55675996 20.02250869 19.44146223
  19.81819799 19.95060054 19.93621147 19.49103172 20.13216329 19.52597309
  20.04337603 19.64367163 19.48710758 20.11583859 19.33098871 19.26582451
  19.54718515 20.12360277 19.98422402 20.32264978 20.03252076 20.24295965
  20.16184961 19.87284172 20.24309627 20.16716335 19.53934174 19.90171818
  19.71440351 19.7134022 ]
[20.45194179 19.77242546 19.30704469 19.84087271 19.31829584 19.48658386
  19.92581888 20.08568046 19.63036128 20.15629548 19.80481814 19.90062704
  19.86298419 19.88942313 19.54326656 19.53653829 19.60623444 29.33504666
  20.39694795 19.3761096  19.67630714 19.59777158 19.75988177 19.18738837
  19.38757327 20.02928962 19.79641748 19.76831101 19.97902375 19.62803215
  19.96320196 19.82298743 19.78874198 20.10966838 19.22328188 19.18609738
  19.65560185 20.20804729 19.84183627 20.04580616 20.19075072 19.61460086
  19.90634044 19.9088292  20.30112178 20.09647998 19.39175803 19.70944655
  19.81694999 19.65907887]
[20.99240569 20.37480604 19.86178908 20.79817362 20.18043985 20.14059945
  20.06056391 20.41117765 20.54355627 20.04074035 20.0790346  20.77755672
  20.37315048 20.08635171 20.1154338  20.03512405 20.49762473 20.39694795
  30.50163253 20.04678109 19.6633905  20.37501022 20.01647294 20.30315291
  20.04327645 20.68623875 20.45559194 19.74611078 20.58090223 20.11612905
  20.78364635 20.37106378 20.18591477 20.22726556 20.1748344  20.06973695
  20.49639237 20.38943597 20.05385038 20.61595245 20.025443   20.64894507
  20.27943471 20.3570574  20.9332782  21.0431784  20.14087    20.36383286
  20.38975295 20.46250544]
[20.07998798 19.42777855 19.44528215 19.86837861 19.06213583 19.45382194
  19.16403676 19.61509953 19.67260855 19.52725196 19.29328675 20.07363673
  19.51724582 19.94693072 19.26845289 19.46193748 19.58467145 19.3761096
  20.04678109 29.36665952 19.32358996 19.77089315 19.36550974 19.32594148
  19.64152202 19.65316638 19.38534338 19.37541876 19.78831718 19.40758661
  19.65417706 19.40601349 19.55554301 19.58771032 19.56233253 19.46451623
  19.4623859  20.09892428 19.62391363 20.28134239 20.10963066 19.98839846
  20.05670769 19.87798143 20.32029392 20.15885676 19.21312885 20.01165277
  20.05698853 19.74974783]
[20.18868988 19.6476998  19.53506042 20.22698439 19.53598606 19.80187515
  19.97654236 19.77023991 19.10778298 19.20330509 19.82405807 19.59167371
  19.63235925 19.67362315 19.84221188 19.66096897 19.58089615 19.67630714
  19.6633905  19.32358996 29.20546717 19.55905834 19.69225022 19.8029692
  19.76725016 19.59923827 19.73926397 19.44095842 19.9741313  19.5411924
  19.48955373 19.53716199 19.61892643 19.72037453 19.67237908 19.34876545
  19.56685457 19.81496579 19.68542415 20.04914046 19.76891506 20.2107888
  19.91054233 20.01002056 20.11828979 20.22047298 19.601251   19.64162862
  19.47831028 20.03351895]
[20.26967356 19.72723535 19.54408105 19.96076888 19.45350875 19.73464259
  19.50270523 19.93409013 19.80394871 19.52399448 19.83873525 20.1231332
  20.23015153 19.36931716 19.84780209 19.67220295 19.55675996 19.59777158
  20.37501022 19.77089315 19.55905834 29.75951544 19.78383391 19.64026893
  19.79625556 20.28325181 19.68980175 19.79449455 19.96688925 19.57139526
  20.04469916 19.86240873 19.78320642 20.18667138 19.78473983 19.81149728
  20.10548805 20.35357973 20.08704742 19.95275411 19.99495051 20.05915247
  20.22862381 19.9243398  20.38407894 20.39959377 19.50098688 20.16270514
  20.10786721 20.07862186]
[20.11157116 19.66357574 19.74690815 20.14109777 19.7063302  19.58919322
  19.45493562 20.0942661  19.90256907 19.83865196 19.76364373 20.15080059
  19.85050939 20.00792081 20.07963498 20.04005489 20.02250869 19.75988177
  20.01647294 19.36550974 19.69225022 19.78383391 29.52112217 19.55396135
  19.57560693 20.23645163 20.05511534 19.75036181 19.86949292 19.85031319
  19.54911983 19.51516182 19.72526741 19.63298579 19.6377489  19.41383635
  20.0249941  20.4080578  19.92487025 20.18205502 20.16186272 19.90979873
  20.47295422 19.86511464 20.17233531 20.36905051 19.51833386 20.09917912
  20.20778473 19.76546611]
[19.95106677 19.78777559 19.54461754 19.92022152 19.7613446  19.23980262
  19.50766697 19.66271586 19.67911067 19.97802057 19.83211267 19.72834654
  19.83247011 19.83225616 19.79027721 19.3517881  19.44146223 19.18738837
  20.30315291 19.32594148 19.8029692  19.64026893 19.55396135 29.39649826
  19.77925582 19.71088601 19.67456957 19.17224324 20.08929035 19.53047613
  19.87698904 19.06044865 19.35842575 19.67770729 19.66937625 19.3194292
  20.02727668 19.90886337 19.68951053 20.2368565  20.23411884 19.77049347
  19.57911448 19.94332606 20.13382243 20.16599233 19.37937541 20.12889101
  20.01120511 19.79657677]
[19.8653664  19.48747582 19.54059292 20.21611526 19.96669015 19.70756852
  19.17109282 20.05785625 19.43576876 19.81889139 20.13505207 19.78728459
  19.61547577 20.00484641 19.62627058 19.88823152 19.81819799 19.38757327
  20.04327645 19.64152202 19.76725016 19.79625556 19.57560693 19.77925582
  29.90105349 19.87032277 19.65399875 19.53744029 19.99731047 19.68420955
  19.67108254 19.75414154 19.51932274 19.96765773 19.96632328 19.54522935
  19.801437   20.3168793  19.82073707 20.27125738 19.63211667 20.12951116
  19.69942577 19.90933676 20.41086178 20.45456793 19.59433072 20.09574769
  19.7788601  20.10116354]
[20.22489788 19.99185899 19.80151064 20.40978642 20.11198215 20.21751364
  19.853321   20.61441492 20.03543323 19.9110963  20.43574459 20.15168545
  20.06222618 19.97690892 19.88350193 20.11185203 19.95060054 20.02928962
  20.68623875 19.65316638 19.59923827 20.28325181 20.23645163 19.71088601
  19.87032277 30.3693163  20.38710487 20.00365927 20.64836937 20.2052749
  19.92916053 20.0883751  19.98014508 20.38787765 19.55279643 19.89972176
  20.26316529 20.56217067 20.54553393 20.50951843 20.10943261 20.95781725
  20.43974155 20.240788   20.48718484 20.40346749 20.10602468 20.13762352
  20.61695333 19.93657232]
[20.24029891 19.67727171 19.1348799  20.14897602 19.7114836  20.147401
  19.60023475 19.85207969 19.87588375 19.78537001 19.73425333 19.92764233
  19.81218987 19.68942139 19.62900037 19.75402966 19.93621147 19.79641748
  20.45559194 19.38534338 19.73926397 19.68980175 20.05511534 19.67456957
  19.65399875 20.38710487 29.62424524 19.76999146 20.21950995 20.05029032
  19.76890737 19.64540752 19.52641766 19.78921567 19.72659629 19.45689887
  19.67365571 20.85008441 19.90584055 20.30190536 19.95523817 20.10548521
  19.97794891 20.21057412 20.80550847 20.383191   19.88909447 20.20552867
  19.73116219 20.12453905]
[19.90622523 19.76151849 19.3913562  19.77454716 19.33898767 19.61545728
  19.7534104  19.71586895 19.62175178 19.62796914 19.85468854 19.88667699
  19.68115022 19.73566991 19.61693645 19.42776793 19.49103172 19.76831101
  19.74611078 19.37541876 19.44095842 19.79449455 19.75036181 19.17224324
  19.53744029 20.00365927 19.76999146 29.44715469 19.98697362 19.7383433
  19.78304516 19.50494474 19.40080272 19.90571658 19.69152234 19.37380854
  19.85316092 20.06005462 19.81360164 19.88684126 20.14147156 19.86529766
  20.05387627 19.49548454 19.90581624 19.98860071 19.28272812 19.90617781
  19.80614182 19.92910554]
[20.614323   19.71601511 20.07268691 20.25298462 19.63910678 20.06851775
  20.36961093 19.92310565 20.14192065 20.11999165 20.35661744 19.93977498
  20.07361822 20.06823365 20.17207446 20.07841942 20.13216329 19.97902375
  20.58090223 19.78831718 19.9741313  19.96688925 19.86949292 20.08929035
  19.99731047 20.64836937 20.21950995 19.98697362 30.27855443 19.81790377
  20.22636453 19.64251196 19.89009156 20.19625856 20.13994975 19.83910336
  20.48833447 20.45793342 19.95184636 20.31254968 20.27350104 20.63182949
  20.37216296 20.40868241 20.41059132 20.34622265 19.90875418 20.0907919
  20.45303047 20.12871958]
[19.96472237 19.7526219  19.27273006 19.96072393 19.29550653 19.78838409
  20.02858912 19.5701689  19.60770223 19.57191819 19.72996062 19.75579432
  19.67586022 19.8618191  19.71731294 19.24559876 19.52597309 19.62803215
  20.11612905 19.40758661 19.5411924  19.57139526 19.85031319 19.53047613
  19.68420955 20.2052749  20.05029032 19.7383433  19.81790377 28.86252678
  19.47474299 19.70100723 19.92412363 19.51169752 19.12521877 19.08326239
  19.66740455 19.98823689 19.545327   20.12472499 19.50858383 19.6786691
  20.15819491 19.95841888 20.25920283 20.34729872 19.40619622 19.79826601
  19.90707993 19.99052706]
[20.18046307 19.42950949 19.99798289 19.89443365 20.02047319 19.47104761
  19.75586118 20.06190646 19.96063939 20.0187569  20.09857987 19.93116352
  19.72008267 19.67751479 19.74582102 19.53086607 20.04337603 19.96320196
  20.78364635 19.65417706 19.48955373 20.04469916 19.54911983 19.87698904
  19.67108254 19.92916053 19.76890737 19.78304516 20.22636453 19.47474299
  29.50303665 19.7625596  19.58572799 20.09746291 19.7809314  19.63978342
  20.06035338 20.03555298 19.90802619 20.07207244 19.85389017 19.98909767
  20.11128894 20.11720895 20.36403599 20.38257404 19.09928261 19.88036004
  20.1414146  20.03590294]
[20.41584782 19.65474305 19.40502036 20.41151117 19.95630293 19.55534031
  19.44610669 19.97465982 19.424135   19.44072409 19.62293666 20.07653071
  19.40844036 19.99321669 19.59299713 19.26501966 19.64367163 19.82298743
  20.37106378 19.40601349 19.53716199 19.86240873 19.51516182 19.06044865
  19.75414154 20.0883751  19.64540752 19.50494474 19.64251196 19.70100723
  19.7625596  29.87927214 19.46453739 19.82224244 19.63805791 19.56902664
  19.83217925 19.95365757 20.07193229 20.24826964 19.96813304 20.02224971
  19.49799173 19.65837691 20.50238968 20.54325649 19.52050934 20.02093885
  20.20425492 19.73521201]
[19.98015087 19.38093942 19.7346125  20.04580841 19.68502145 19.64670821
  19.44415871 19.83060999 19.63631074 19.74128391 20.12660887 20.00453774
  19.71199156 20.02770885 19.83438063 19.43442172 19.48710758 19.78874198
  20.18591477 19.55554301 19.61892643 19.78320642 19.72526741 19.35842575
  19.51932274 19.98014508 19.52641766 19.40080272 19.89009156 19.92412363
  19.58572799 19.46453739 29.08932107 19.87000735 19.66450275 19.40927059
  19.86928641 19.84648417 19.54892736 20.03531905 19.59344236 20.21872993
  19.85822302 19.84136079 20.18961276 20.0294887  19.61037515 19.81867517
  19.65792037 19.80839831]
[20.20879933 19.84316517 19.72982388 20.30004315 19.81103784 19.42549909
  19.79990777 19.90890931 19.86880369 19.84967154 20.17375984 19.91473086
  19.7514168  19.8543825  19.78224096 19.71957175 20.11583859 20.10966838
  20.22726556 19.58771032 19.72037453 20.18667138 19.63298579 19.67770729
  19.96765773 20.38787765 19.78921567 19.90571658 20.19625856 19.51169752
  20.09746291 19.82224244 19.87000735 29.94844271 20.01882034 19.48173237
  20.01073615 20.47023512 19.9658515  20.38541217 20.20265619 20.2672511
  20.02825156 19.95635995 20.29571343 20.52223356 19.83948047 20.09884218
  20.0997609  19.98879282]
[20.05858418 19.26819944 19.4296843  20.07286324 19.47032158 19.30928677
  19.36064279 19.69519513 19.88107181 19.23082676 19.88748038 19.34111554
  19.64792454 19.95848682 19.97385515 19.209121   19.33098871 19.22328188
  20.1748344  19.56233253 19.67237908 19.78473983 19.6377489  19.66937625
  19.96632328 19.55279643 19.72659629 19.69152234 20.13994975 19.12521877
  19.7809314  19.63805791 19.66450275 20.01882034 28.97412826 19.2513878
  19.93998477 20.31885315 19.7393668  20.22288778 19.63498563 20.04732371
  19.7863122  19.65444747 20.35644511 20.31994724 19.44429242 19.42867008
  19.88099555 19.95622483]
[19.6629762  19.19812527 19.90852523 19.97623951 19.31134085 19.65659381
  19.22701427 20.03175848 19.27101359 19.27853458 19.49645821 19.4073787
  19.62421134 19.36757945 19.77677047 19.32087986 19.26582451 19.18609738
  20.06973695 19.46451623 19.34876545 19.81149728 19.41383635 19.3194292
  19.54522935 19.89972176 19.45689887 19.37380854 19.83910336 19.08326239
  19.63978342 19.56902664 19.40927059 19.48173237 19.2513878  29.05955273
  19.57673963 19.56837573 19.7494913  19.81858576 19.37704029 19.73259171
  20.20957392 19.48792928 20.10454695 19.89355713 19.10454246 19.75751455
  19.69942876 19.6878701 ]
[19.9966223  19.51639992 19.62478899 20.28512923 19.75863086 19.79111613
  19.54702792 19.980045   19.58973654 19.86269852 20.06689879 19.96968539
  20.0987928  20.0341964  19.81930614 19.65937411 19.54718515 19.65560185
  20.49639237 19.4623859  19.56685457 20.10548805 20.0249941  20.02727668
  19.801437   20.26316529 19.67365571 19.85316092 20.48833447 19.66740455
  20.06035338 19.83217925 19.86928641 20.01073615 19.93998477 19.57673963
  29.05331331 20.43752336 19.85862545 19.81507579 20.08690275 19.95505682
  20.21327165 20.27359459 20.6949993  20.2187863  19.77674952 20.3738823
  19.84427967 19.91558996]
[20.7259884  19.90842829 20.14543109 20.28141624 20.20376116 19.99652344
  19.97855624 20.17846826 20.07219301 20.4943886  20.35607107 20.33927257
  20.16041721 20.13551514 20.06681089 20.089168   20.12360277 20.20804729
  20.38943597 20.09892428 19.81496579 20.35357973 20.4080578  19.90886337
  20.3168793  20.56217067 20.85008441 20.06005462 20.45793342 19.98823689
  20.03555298 19.95365757 19.84648417 20.47023512 20.31885315 19.56837573
  20.43752336 30.13463374 20.35343904 20.61441048 20.58912073 20.33493775
  20.59846824 20.28401277 20.34126331 20.78705832 20.16452302 20.30352126
  20.41329581 20.14194031]
[20.35256658 19.61248321 19.97523035 20.25868952 19.40284625 19.51095468
  19.78698255 20.21330039 19.97433855 19.89749    20.16872284 20.05279014
  20.42482676 19.91093476 19.47667007 19.77254671 19.98422402 19.84183627
  20.05385038 19.62391363 19.68542415 20.08704742 19.92487025 19.68951053
  19.82073707 20.54553393 19.90584055 19.81360164 19.95184636 19.545327
  19.90802619 20.07193229 19.54892736 19.9658515  19.7393668  19.7494913
  19.85862545 20.35343904 30.23336351 20.02665255 20.44484174 20.2305635
  20.28958206 20.30923705 20.72368442 20.97952821 20.08731852 20.30630945
  20.38364144 20.04839864]
[20.17291237 19.88205877 19.72620038 20.5092182  20.16589575 20.02612599
  20.17788714 20.44537954 20.15698207 19.90970285 20.29958139 20.35071619
  20.08805784 20.21481927 19.97139761 19.72002154 20.32264978 20.04580616
  20.61595245 20.28134239 20.04914046 19.95275411 20.18205502 20.2368565
  20.27125738 20.50951843 20.30190536 19.88684126 20.31254968 20.12472499
  20.07207244 20.24826964 20.03531905 20.38541217 20.22288778 19.81858576
  19.81507579 20.61441048 20.02665255 29.86817749 20.25842211 20.35023539
  20.60752426 20.42149741 20.68651783 20.80239944 20.23465736 20.31611938
  20.48841977 20.50047893]
[20.43770616 20.05126492 19.86343037 20.5181055  19.95776212 20.01567496
  20.04917311 20.414411   20.11560297 19.84244008 20.19045008 20.21360985
  19.94068344 19.59884834 19.74761183 19.58804891 20.03252076 20.19075072
  20.025443   20.10963066 19.76891506 19.99495051 20.16186272 20.23411884
  19.63211667 20.10943261 19.95523817 20.14147156 20.27350104 19.50858383
  19.85389017 19.96813304 19.59344236 20.20265619 19.63498563 19.37704029
  20.08690275 20.58912073 20.44484174 20.25842211 29.88045558 20.20361494
  20.21784544 20.06753308 20.4790312  20.28509231 19.66705075 20.38606726
  20.29471705 19.84407239]
[20.50947051 19.732062   19.5942222  20.50417945 20.38343669 19.92931883
  20.04093166 20.17239344 20.03182194 20.05609616 20.26176653 20.39633418
  20.3479468  20.07875495 20.08044174 20.07639354 20.24295965 19.61460086
  20.64894507 19.98839846 20.2107888  20.05915247 19.90979873 19.77049347
  20.12951116 20.95781725 20.10548521 19.86529766 20.63182949 19.6786691
  19.98909767 20.02224971 20.21872993 20.2672511  20.04732371 19.73259171
  19.95505682 20.33493775 20.2305635  20.35023539 20.20361494 30.42674974
  20.57921113 20.20430876 20.81266429 20.49527323 19.66041859 20.25673833
  20.41516818 20.07997633]
[20.78549964 19.90833579 20.14156936 20.41232023 19.77015707 19.8357662
  19.78789033 20.23947195 20.00141879 20.31874902 20.52343635 20.17442515
  20.39562498 20.23880784 19.90163664 20.04525764 20.16184961 19.90634044
  20.27943471 20.05670769 19.91054233 20.22862381 20.47295422 19.57911448
  19.69942577 20.43974155 19.97794891 20.05387627 20.37216296 20.15819491
  20.11128894 19.49799173 19.85822302 20.02825156 19.7863122  20.20957392
  20.21327165 20.59846824 20.28958206 20.60752426 20.21784544 20.57921113
  30.28372563 20.13601002 20.90923098 20.25612216 19.60460474 20.30213681
  20.22418468 19.92642608]
[20.64065901 19.59201988 19.61986514 20.2007116  20.04526901 20.04051705
  19.76269914 19.84417046 19.84877801 20.02823225 20.25490418 19.94007012
  19.96891568 19.83732589 19.67197715 19.75255186 19.87284172 19.9088292
  20.3570574  19.87798143 20.01002056 19.9243398  19.86511464 19.94332606
  19.90933676 20.240788   20.21057412 19.49548454 20.40868241 19.95841888
  20.11720895 19.65837691 19.84136079 19.95635995 19.65444747 19.48792928
  20.27359459 20.28401277 20.30923705 20.42149741 20.06753308 20.20430876
  20.13601002 30.01707514 20.22612138 20.59108111 19.92927413 20.2150606
  19.98142735 20.12876249]
[20.89277026 20.07316959 20.56488508 20.79842831 20.60884047 20.39613771
  19.99582921 20.56434913 20.50511375 20.16011841 20.46112752 20.66146063
  20.16446507 20.38833723 20.18084959 19.93752762 20.24309627 20.30112178
  20.9332782  20.32029392 20.11828979 20.38407894 20.17233531 20.13382243
  20.41086178 20.48718484 20.80550847 19.90581624 20.41059132 20.25920283
  20.36403599 20.50238968 20.18961276 20.29571343 20.35644511 20.10454695
  20.6949993  20.34126331 20.72368442 20.68651783 20.4790312  20.81266429
  20.90923098 20.22612138 30.42267379 21.07046453 20.1294052  20.59597885
  20.46472625 20.20055953]
[20.72452875 19.7663913  20.07954858 20.83771203 20.21598366 20.26742237
  20.24197661 20.41517256 20.22382744 20.40067616 20.66917534 20.59548378
  20.3540817  20.35353427 20.21014944 20.38289821 20.16716335 20.09647998
  21.0431784  20.15885676 20.22047298 20.39959377 20.36905051 20.16599233
  20.45456793 20.40346749 20.383191   19.98860071 20.34622265 20.34729872
  20.38257404 20.54325649 20.0294887  20.52223356 20.31994724 19.89355713
  20.2187863  20.78705832 20.97952821 20.80239944 20.28509231 20.49527323
  20.25612216 20.59108111 21.07046453 30.66903176 19.88373002 20.17228972
  20.43359286 20.25033103]
[19.94147174 19.32079712 19.44730987 19.73752928 19.59563774 19.48507483
  19.42123026 19.52509103 19.31461328 19.46126012 19.55881335 19.73093141
  19.25704296 19.65864971 19.75834912 18.88193945 19.53934174 19.39175803
  20.14087    19.21312885 19.601251   19.50098688 19.51833386 19.37937541
  19.59433072 20.10602468 19.88909447 19.28272812 19.90875418 19.40619622
  19.09928261 19.52050934 19.61037515 19.83948047 19.44429242 19.10454246
  19.77674952 20.16452302 20.08731852 20.23465736 19.66705075 19.66041859
  19.60460474 19.92927413 20.1294052  19.88373002 28.90723442 19.87425229
  19.54126637 19.79133922]
[20.58844349 19.99137862 20.17757488 20.37200039 19.79062625 19.85705857
  19.97148929 20.15158961 20.17375842 20.04001112 20.11549714 20.0073589
  19.93565061 19.88090159 19.90327297 19.77141262 19.90171818 19.70944655
  20.36383286 20.01165277 19.64162862 20.16270514 20.09917912 20.12889101
  20.09574769 20.13762352 20.20552867 19.90617781 20.0907919  19.79826601
  19.88036004 20.02093885 19.81867517 20.09884218 19.42867008 19.75751455
  20.3738823  20.30352126 20.30630945 20.31611938 20.38606726 20.25673833
  20.30213681 20.2150606  20.59597885 20.17228972 19.87425229 29.92150939
  20.48900086 20.08862356]
[20.39770888 19.91183936 20.15334972 20.59681383 20.1198954  19.85277371
  20.09867429 20.23917443 20.20075755 20.23534818 19.98869887 19.91092463
  20.07691822 20.35737981 19.84976688 19.66634792 19.71440351 19.81694999
  20.38975295 20.05698853 19.47831028 20.10786721 20.20778473 20.01120511
  19.7788601  20.61695333 19.73116219 19.80614182 20.45303047 19.90707993
  20.1414146  20.20425492 19.65792037 20.0997609  19.88099555 19.69942876
  19.84427967 20.41329581 20.38364144 20.48841977 20.29471705 20.41516818
  20.22418468 19.98142735 20.46472625 20.43359286 19.54126637 20.48900086
  30.17804997 20.1489275 ]
[20.38069567 19.70468094 19.95567935 20.17653683 20.36342452 19.76142306
  19.77439508 20.1829932  19.96769588 19.68311898 19.99081468 20.33715729
  19.49291558 19.7857656  19.73167267 19.88145193 19.7134022  19.65907887
  20.46250544 19.74974783 20.03351895 20.07862186 19.76546611 19.79657677
  20.10116354 19.93657232 20.12453905 19.92910554 20.12871958 19.99052706
  20.03590294 19.73521201 19.80839831 19.98879282 19.95622483 19.6878701
  19.91558996 20.14194031 20.04839864 20.50047893 19.84407239 20.07997633
  19.92642608 20.12876249 20.20055953 20.25033103 19.79133922 20.08862356
  20.1489275  30.03024924]
]