6524
100
10
24.18719037307012

[0.06425154 0.08612239 0.05951215 0.06087026 0.08272143 0.04571281
 0.03353196 0.0853155  0.0915534  0.02577201 0.03867671 0.02723504
 0.07699109 0.03814382 0.09000402 0.09298022 0.04755495 0.02594512
 0.0552711  0.05899335 0.05461231 0.05252928 0.0870776  0.07763724
 0.03455886 0.08875581 0.09394132 0.02334391 0.06673685 0.03257805
 0.06837316 0.06388767 0.03496115 0.0934799  0.07922859 0.03397202
 0.0493901  0.0819893  0.06094342 0.02284377 0.0774819  0.04188733
 0.04077368 0.04085022 0.06988736 0.06717309 0.08090105 0.07957059
 0.08593519 0.09164331 0.04536788 0.08203797 0.09795723 0.08275823
 0.07640033 0.07122386 0.06914347 0.09138084 0.08163462 0.09383919
 0.05577666 0.04016773 0.02233112 0.04052189 0.05976614 0.03099029
 0.09759596 0.08396907 0.05830912 0.09031784 0.03477977 0.0643338
 0.05923373 0.09495625 0.06842961 0.02592039 0.07010348 0.07266521
 0.0792223  0.08374082 0.05516469 0.07051932 0.08484366 0.05744591
 0.0522168  0.07307765 0.02947957 0.07911394 0.05753656 0.04095521
 0.02285664 0.06344396 0.07736201 0.04208892 0.08946362 0.03163223
 0.08146209 0.06812011 0.09162471 0.02165132]

[[29.15897522 19.47811047 20.45268841 20.4153898  19.67230836 19.50975054
  20.09836551 20.26796405 19.70284077 19.99573286 20.38233785 20.50507774
  19.74872338 20.11513046 19.63045097 20.50028389 19.94812208 20.29838059
  19.85525595 19.93217187 19.87367892 19.9157561  18.99295337 19.3494259
  19.61437435 20.15140125 19.80472499 20.08714654 19.68782175 19.82776207
  19.73554521 20.02657914 20.6500356  20.1034475  19.82481119 19.49836194
  19.80999311 20.22292656 19.723337   19.16781166 19.95075546 19.9478742
  19.9194571  19.85732935 19.42489989 20.03549542 19.57630495 20.07905903
  20.01677031 19.94187072 19.88312421 19.95650008 19.80896453 19.74977495
  19.57721081 19.57697095 20.1276046  19.49345873 19.9598591  20.36424554
  19.74745259 20.08126767 19.81508607 20.15902154 19.98689067 19.78415865
  19.24608984 19.19787013 20.51917311 20.33207478 19.94358874 20.11972139
  19.1629872  19.2603511  19.29588143 19.41189803 19.92517852 19.32021002
  19.78308416 20.12194037 19.04429213 20.01305114 20.18729503 19.62426428
  19.3191881  19.57887861 20.16260069 19.64294351 19.90037558 20.03492594
  20.28644527 18.95590841 19.91057597 20.14655003 19.34447476 19.62175341
  19.31311607 19.2396115  19.83178638 19.50736059]
[19.47811047 29.48792076 20.22630301 20.09435008 19.77727416 19.52772715
  19.67302332 19.90623686 20.01831562 19.6422878  19.95662177 20.39803232
  19.42087549 19.87576499 19.62362468 20.53259302 19.78667373 19.82433897
  19.97909594 19.71400582 19.95825495 19.76440392 19.7569091  19.61810625
  19.87133732 19.70659922 19.53908797 20.19606063 19.46213865 19.85329186
  19.23480691 19.42421041 20.63221529 19.99765075 20.02625221 19.64931461
  19.57412718 19.68692067 19.52297901 19.15171879 19.60723018 19.95171696
  19.71714143 19.39632486 19.32131895 20.40461463 19.51290324 20.18987489
  19.60556971 19.68439638 20.04570677 19.95964001 19.41806851 19.5029166
  19.68756524 19.75989734 19.45220528 19.71002817 19.75821703 19.80797517
  19.92281921 19.82529243 19.61303946 19.93545152 19.96351231 19.65281987
  19.13275787 19.55524202 19.99025332 19.58590199 20.04054993 20.04601458
  19.52733921 19.38975595 19.49504169 19.08125646 19.72156957 19.57841251
  19.53371013 19.9029019  19.35244729 20.09958987 19.98920817 19.43320045
  19.92427815 19.71658558 19.96922239 19.26556233 19.02402896 20.11828863
  20.39238393 19.02596957 19.55270312 19.98596891 19.56875056 19.4671864
  19.39636212 19.54434042 19.62102146 19.68854929]
[20.45268841 20.22630301 30.16357557 20.60363622 20.47923207 20.27486109
  20.50012786 20.59120954 20.41752427 20.56456825 20.98066264 21.02414525
  20.52655798 20.96588696 20.14915651 20.98598142 21.06392954 20.685425
  20.87650054 20.62169801 20.43931712 20.533816   20.29566908 20.43195474
  20.38622655 20.77175165 20.315495   20.93757475 20.53629925 20.44918934
  20.23205869 20.3129656  20.9918069  20.66670414 20.51533116 20.32347134
  20.62457992 20.34393558 20.10211847 19.875719   20.34191789 20.53859703
  20.42981671 20.49657225 20.17520119 20.93755818 20.01637164 21.14747519
  20.24843435 20.76228979 20.49314566 20.55999799 20.29185433 20.37028069
  20.50395963 20.45090189 20.71696843 20.00829797 20.34946276 20.91051023
  20.12981717 20.01305142 20.41903473 20.21802742 20.35944082 20.60681756
  19.90109452 20.02939363 20.69785334 20.52873194 20.79722092 20.71344618
  19.99033161 20.21275369 20.16007806 20.50522471 20.50339141 20.2006283
  20.03173044 20.60506719 19.70519549 20.85926934 20.62789342 20.10477125
  20.20993474 20.58154423 20.85493092 19.79443427 20.02784494 20.34492542
  21.06450773 19.71595104 20.2632667  20.49477538 20.1453998  20.21613845
  20.18437224 19.67459806 20.406966   19.98690182]
[20.4153898  20.09435008 20.60363622 30.33326119 20.2355552  20.05188156
  20.25592635 20.45336838 20.21389365 20.37974346 20.29984525 21.10256869
  20.07787259 20.67534503 19.72391873 20.86851834 20.56132195 20.23886943
  19.92953563 20.2669471  20.01555705 20.32595446 19.84009556 20.51657307
  20.39634503 20.33360056 19.95540861 20.80487281 19.88143169 20.5220854
  20.06363997 20.22476566 20.5314333  20.4648496  20.33061298 20.06873968
  20.26456509 20.26180158 20.28487083 19.64017867 20.16752742 20.22960787
  20.28945617 19.85229297 19.56215019 20.43042997 19.96999988 20.81530892
  19.96725695 20.65835322 20.52069011 20.61610311 20.27997004 20.33877599
  19.95080363 20.11791109 20.15287209 20.52023659 20.50589555 20.79864803
  20.24655479 20.27372884 20.5835713  20.5143897  20.45418917 20.57746364
  19.41855653 20.06465518 20.22263557 20.35394117 20.95989115 20.63056688
  19.77485905 19.8129436  20.06125124 19.95528146 20.25580069 19.41844143
  20.04211676 20.39674503 19.36804984 20.53628698 20.78564589 19.97973999
  20.36660061 20.58620737 20.74086726 19.89135123 20.02948674 20.61834702
  21.33693804 19.09400322 20.0937166  20.76210124 19.56516771 20.02405203
  19.78587575 19.70887546 20.45248572 19.89859775]
[19.67230836 19.77727416 20.47923207 20.2355552  29.78399002 19.88714565
  20.01546438 20.64721961 20.13721321 20.08214088 20.13811536 21.05263463
  20.31028066 20.26862711 19.57989585 20.82240943 20.81012665 19.88877303
  20.28318832 20.07052751 20.22960611 20.30201007 19.95037168 20.04193686
  20.45627135 20.2957797  20.29466804 20.48779448 20.31817762 20.01881603
  19.91014123 20.17940559 20.89866233 20.47226572 20.52694298 20.05959168
  20.07209472 20.45101657 20.26471997 19.59021821 19.98272303 20.55249292
  20.39575389 20.43564795 19.92502863 20.78713304 19.64664722 20.59462718
  20.36714287 20.48611464 20.23950322 20.28374911 20.24069841 20.53837821
  20.26319115 20.75725058 20.50224848 19.97026826 20.33926609 20.54921351
  20.43641677 20.26414118 19.77120535 20.32259967 20.13118836 20.41106123
  19.51074878 20.17785518 20.18936249 20.34467668 20.95412338 20.47514236
  19.54053097 19.83798727 19.90696171 19.65662168 20.51892272 19.6594245
  20.22714996 20.80597123 19.54966504 20.45186639 20.53320446 20.11713301
  20.25774735 20.38851099 20.50976004 19.73478508 20.22271421 20.36989457
  20.47374009 19.26246868 19.99593878 20.20194408 20.07834042 19.90915718
  19.34933236 19.87615867 19.9822458  19.81342095]
[19.50975054 19.52772715 20.27486109 20.05188156 19.88714565 29.33719075
  19.7334717  19.96372195 19.72141498 19.98545892 19.98541598 20.58235492
  20.042255   20.07590137 19.53376908 20.30505744 19.96658027 19.5123696
  19.85487238 19.82699249 19.68940366 19.92700514 19.48094213 19.67093293
  19.71717856 20.04570997 19.58811526 20.09166818 19.46263159 19.57475697
  19.61512968 19.74770553 20.4072163  19.74061265 19.85598549 19.41488115
  19.75701623 19.81915019 19.58479786 19.180601   19.81718647 19.7203284
  19.68271521 20.0511722  19.31919718 20.28736545 19.18200402 20.07795231
  19.81801128 19.86677759 19.84955092 19.99092429 19.9708773  19.72181089
  19.93309073 20.12962842 19.99370293 19.57503794 20.2257917  20.1167244
  20.04106924 19.74933163 19.63412192 19.80075098 19.59865944 19.91064685
  18.77599708 19.49832866 19.54733806 20.0323706  20.37025388 20.00286593
  19.04484557 19.40729018 19.73319182 19.20385013 19.68570414 19.20839482
  19.51874457 19.92972262 18.54702879 19.92109081 20.06362695 19.13674404
  19.50094284 19.79285227 20.04564716 19.68798166 19.27375689 19.83050363
  20.20829366 19.01858118 19.37478529 19.79622666 19.15403598 19.69697402
  19.52301733 19.14950787 19.39241022 19.10018237]
[20.09836551 19.67302332 20.50012786 20.25592635 20.01546438 19.7334717
  30.60378146 20.39031775 20.01685416 20.5036717  20.18994523 20.59813635
  20.21877481 20.11789057 19.82428896 21.03349779 20.24792276 19.85985298
  19.85334381 20.42767753 20.02384765 20.15726979 19.77803934 20.42788679
  20.46706737 20.41251751 20.10310733 20.6238893  20.24483396 20.03124628
  20.26280291 19.84341879 20.86729995 20.42139704 20.19650177 19.8733798
  20.23638386 20.0310182  20.01191341 19.23141495 20.5463566  20.36725416
  20.36284124 20.32617495 19.56709165 20.31034094 20.20351039 20.26940884
  20.24716936 20.67380004 20.37109698 20.57613643 19.78609149 20.32191964
  19.80694479 20.12450134 20.02436026 19.80994605 20.53219533 20.22386812
  20.2370378  20.27619916 20.08643438 20.19086085 20.66444918 20.22750853
  19.72061042 19.9526977  20.31944238 20.46608605 20.53210824 20.40671053
  19.80427889 19.77324009 19.80549977 19.75377763 20.18583047 20.19354234
  20.05960606 20.35333609 19.70937519 20.41942881 20.45415635 19.75609373
  20.18955603 20.20911297 20.74416792 20.02157408 20.26228118 20.12031054
  20.28868771 19.19284508 19.76779285 20.32162011 19.87615117 19.6374465
  19.55265538 19.72897511 19.73859245 19.43789475]
[20.26796405 19.90623686 20.59120954 20.45336838 20.64721961 19.96372195
  20.39031775 29.86550045 20.40524466 20.16123776 20.90832881 21.15960886
  20.3996155  20.35005871 20.430853   20.89515845 20.46369905 20.33235646
  20.35570264 20.49675739 20.08046628 20.45078704 19.98896163 20.42588868
  20.51336089 20.58341583 20.07091644 20.87007818 20.28687871 20.31167843
  20.28011538 20.14202127 21.22089681 20.58704422 20.55754039 20.43572607
  20.03955425 20.52204658 20.18560527 20.11048533 20.55730892 20.53364297
  20.00746409 20.43900715 19.72077824 20.43187225 19.8978479  20.62959313
  20.0978918  20.94232547 20.49159624 20.53973178 20.16259267 20.3169123
  20.40889616 20.46086806 20.54375947 20.21849581 20.40799026 20.75628384
  20.6018156  20.06733096 20.32547425 20.27056718 20.75424462 20.22061671
  19.56206821 19.62613288 20.65550109 20.19781911 21.04135028 20.73078224
  19.4797521  20.31372858 20.32043761 19.92385676 20.79115082 20.14042913
  20.02935735 20.3436124  20.10377804 20.90275022 20.7390027  20.17033157
  20.08435278 20.61291947 20.70590442 19.86418397 20.29694458 20.31127645
  20.64305957 19.6271219  20.07472969 20.54850386 19.97265383 19.80259739
  19.96855094 19.9302643  20.39561188 20.16578223]
[19.70284077 20.01831562 20.41752427 20.21389365 20.13721321 19.72141498
  20.01685416 20.40524466 29.3693708  19.93066396 20.24094767 20.75273603
  19.66589608 20.21015218 19.49779301 20.93596234 20.04409405 19.93333872
  20.31522766 20.27537879 19.98056827 20.050923   19.95426466 20.05817584
  20.08776907 19.97856992 19.62067033 20.73068671 19.75179206 19.89577868
  19.80443848 19.70434875 20.41441491 20.18108817 20.34234931 19.96151054
  20.16131121 20.10388593 19.75436095 19.21973829 20.02223464 19.95406558
  20.32758979 19.86800979 19.52681757 20.17221854 19.28211859 20.81988605
  19.84076565 20.26299981 20.06868289 20.01177338 20.09903768 20.50413097
  19.7268368  19.94657491 19.89957287 19.44782255 20.11540656 20.29393523
  20.4739482  19.94536568 19.87911632 19.73662353 20.3110203  19.90230763
  19.16532709 19.82204991 19.77637507 19.85189838 20.66411865 20.0912074
  19.62101591 19.43055007 20.14681615 19.80422466 20.37800141 19.57726831
  19.71559749 19.96146911 19.01186811 19.94015145 20.25195263 19.97702683
  20.2356165  20.09548222 20.59890168 19.89364779 20.35638344 20.25566004
  20.24834423 19.15617327 19.94562009 20.15485067 19.78825722 19.61508477
  19.73351055 19.56599413 19.83246126 19.53183339]
[19.99573286 19.6422878  20.56456825 20.37974346 20.08214088 19.98545892
  20.5036717  20.16123776 19.93066396 29.64562362 20.08166238 20.98864574
  19.95180801 20.28678251 19.47743902 20.66793525 20.70569107 19.9479541
  20.18518074 20.13882556 19.88373047 20.0632356  19.8661019  19.7328408
  20.06203435 20.15881915 20.38855246 20.4888146  20.08199745 20.02344002
  19.90241076 20.13572222 20.70082034 20.17457938 20.38049678 19.57781316
  20.21387364 20.1612596  20.21532836 19.27984767 20.04999792 20.05770886
  20.00018564 19.83912158 19.40076537 20.30981233 19.78090705 20.44479613
  20.18778626 20.40619166 20.30829032 20.30249638 20.10782764 20.09991933
  20.09922645 20.09232056 20.03722988 20.01888258 20.2359018  20.39825227
  20.33484435 19.90556793 20.06447127 20.04146397 20.06378901 20.47952679
  19.22130969 19.447275   20.25232663 19.88553786 20.41268448 19.98994171
  19.56961824 19.81722211 19.78737673 19.77837726 20.16783173 19.8081917
  20.13478658 20.49833868 19.10385316 20.2823891  20.2437605  19.73434516
  19.6095308  20.04795948 20.61314137 20.04908768 20.03917346 20.53596487
  20.43936432 19.17786097 19.94267657 20.19216955 19.6006607  19.3814728
  19.43399299 19.72003106 19.87153794 19.4732637 ]
[20.38233785 19.95662177 20.98066264 20.29984525 20.13811536 19.98541598
  20.18994523 20.90832881 20.24094767 20.08166238 30.14616974 21.09318095
  19.89350831 20.43481943 20.03922044 21.02828742 20.4960638  20.18014096
  20.01044169 20.38948721 19.66346426 20.13796473 20.26055362 20.08390344
  20.25532681 19.83075057 20.02957391 20.54201131 19.83870685 20.1885412
  20.1333863  19.59759014 21.47171068 20.24098284 20.49824967 20.09244715
  20.34401546 20.29169545 20.43505529 19.25174815 20.34147712 20.37177624
  20.40981315 19.99294983 20.02163805 20.76794715 19.91065553 20.04344957
  20.1816961  20.31488884 20.37481686 20.40029528 20.06554041 20.36291055
  20.03473846 20.38820876 20.1491131  19.29927273 20.25947201 20.52617805
  20.51822461 20.22204312 20.46109244 20.50834232 19.90504082 20.45830925
  19.35132669 19.70545144 20.49817452 20.4520552  20.24197621 20.34007307
  19.4703832  19.90623551 20.00665114 19.77798813 20.16609832 20.15624763
  20.27296633 20.28976084 19.29704508 20.24326659 20.47842862 20.34130656
  20.02962538 20.364705   20.21932496 19.56637842 20.1925969  20.27530741
  20.41482094 19.2840849  20.40486242 20.78980794 19.81812058 19.79225767
  20.17541111 19.79408881 19.91374883 20.09346587]
[20.50507774 20.39803232 21.02414525 21.10256869 21.05263463 20.58235492
  20.59813635 21.15960886 20.75273603 20.98864574 21.09318095 31.22110406
  20.76865275 20.97837498 20.35827529 21.14497141 21.13673139 20.75168935
  20.52154442 21.11754062 20.47931994 20.7594074  20.37211683 20.57701312
  21.02532992 20.85903266 20.79968621 21.3284371  20.78259189 20.53568559
  20.53091594 20.75895508 21.21608691 20.71138837 20.98371634 20.66943182
  21.00814684 21.02189664 20.79647832 19.99559522 21.05427434 20.74885805
  20.71827238 20.58969694 20.34190642 21.18003544 20.29007778 20.85918976
  20.66184005 20.84112146 21.05358385 20.73115568 20.74487792 20.67851586
  20.58534497 20.74675351 20.78593153 20.35660232 21.05022743 20.55754698
  21.18621752 20.84059594 20.77446471 20.98832819 20.69196823 20.63965223
  20.02574463 20.40573013 20.48978563 20.778794   21.44329233 21.15748697
  20.13045489 20.55148174 20.41193764 20.58677874 20.97533426 20.55447336
  20.72575209 21.1327763  20.30560551 20.87993386 20.88448204 20.5493969
  21.02093995 20.66348361 21.18978549 20.55408224 21.06169019 20.74493228
  20.858753   19.98539098 20.42912984 20.95743118 20.50683526 20.51591064
  19.98878267 20.35044111 20.91248637 20.37079433]
[19.74872338 19.42087549 20.52655798 20.07787259 20.31028066 20.042255
  20.21877481 20.3996155  19.66589608 19.95180801 19.89350831 20.76865275
  29.56707474 20.19381227 19.30721516 20.27914356 20.41661792 19.96999371
  20.11046142 20.05030947 20.3145086  20.03606112 19.99568721 19.82571044
  20.30285171 20.33052861 19.80208284 20.33621487 19.66040136 20.10665019
  19.89946273 20.11406956 21.02004773 20.30207323 20.06497513 19.49032522
  20.0950033  20.16260653 19.91980831 19.49166715 20.15596363 20.06910335
  19.76905915 19.96840687 19.47724389 20.24923974 19.60680569 20.24842615
  19.66944539 20.12838677 20.09112426 20.06030897 19.56823556 20.32478702
  20.3768061  19.78223476 20.01325273 19.94947426 20.17816964 20.46361727
  19.79860987 19.80169534 19.99789754 20.12383924 19.89455205 20.3044957
  19.39297754 19.62063303 19.92520911 20.2670228  20.40312371 20.12333162
  19.58120366 19.91386232 19.83769905 19.75714867 20.17311247 19.93361551
  19.60443334 20.24637902 19.41682784 19.98773116 20.29743672 19.68238107
  19.73089545 20.28846567 20.42758468 19.99549193 19.74713757 19.7054597
  19.92957689 19.32243825 19.97065341 20.61117044 19.38023227 20.12879019
  19.55427049 19.63279531 19.71759816 19.56536647]
[20.11513046 19.87576499 20.96588696 20.67534503 20.26862711 20.07590137
  20.11789057 20.35005871 20.21015218 20.28678251 20.43481943 20.97837498
  20.19381227 30.60643229 20.08927644 21.46246977 20.75530553 20.49314131
  20.6456974  20.22904409 19.86164985 20.34374632 19.67160332 20.40544269
  20.05013117 20.32796856 20.00984386 20.43640136 19.92299472 20.19143575
  20.03736979 20.20965137 21.11087245 20.57603505 20.64331781 19.99600212
  20.57155604 20.05754581 20.19702758 19.70393155 20.07954216 20.1145303
  20.66355068 20.4596578  20.05822673 20.5647537  20.35561383 20.55203603
  20.27960396 20.81188167 20.33566834 20.58148428 20.41029921 20.54087085
  20.32286    20.33008854 20.19386942 19.75480575 20.43514207 20.49714474
  20.94163857 20.50707217 20.55010366 20.20768451 20.67221954 20.59067153
  19.75173644 20.08994442 20.6331123  20.07957758 20.70054156 20.5912255
  19.54463633 19.69877375 20.28892509 20.01702101 20.43045001 19.79475104
  20.4103559  20.39374406 19.59008365 20.79938212 20.69308237 20.09542824
  20.01662753 20.48825687 20.59977371 20.21343264 20.2829857  20.6783097
  20.81528701 19.51824405 19.96720114 20.49632203 20.0128987  19.71387491
  20.08583718 19.66750739 20.14093864 19.92878951]
[19.63045097 19.62362468 20.14915651 19.72391873 19.57989585 19.53376908
  19.82428896 20.430853   19.49779301 19.47743902 20.03922044 20.35827529
  19.30721516 20.08927644 29.25709075 20.61042516 20.21696791 19.90843592
  19.82192908 19.93835293 19.33283474 19.84080595 19.80853919 19.76722151
  19.82840387 19.96676919 19.70709314 19.98734173 19.83082261 19.68970908
  19.69236025 19.75521321 20.29342838 19.96627392 19.92548438 19.78614737
  19.75454249 19.53623384 19.68205572 19.49628767 20.16036104 19.61764995
  19.51348112 19.80318807 19.16786582 20.26014928 19.74145717 20.3815931
  19.29931318 20.02716791 20.19691151 19.93200961 19.71588269 19.7309786
  19.85033411 19.6294728  19.96145559 19.18810981 19.89723703 19.87043778
  19.80223877 19.87418601 19.87850656 19.697157   20.0093188  19.88283677
  18.78459685 19.74419963 19.67335595 19.5789255  20.20400691 19.83091681
  18.66375043 19.33231539 19.17963433 19.21345535 19.94310658 19.46976942
  19.45427761 19.63858149 18.93362885 19.77088141 19.92483498 19.40244374
  19.69707124 19.76456583 20.15405801 19.49978657 19.81677853 19.89811635
  20.24862022 19.07666015 19.34523446 19.7735876  19.58084463 19.69719047
  19.49561085 19.37713917 19.60388593 19.32505977]
[20.50028389 20.53259302 20.98598142 20.86851834 20.82240943 20.30505744
  21.03349779 20.89515845 20.93596234 20.66793525 21.02828742 21.14497141
  20.27914356 21.46246977 20.61042516 31.85843616 21.39388107 21.08799079
  20.76854495 21.34398461 20.97884376 20.91793207 20.70783839 20.79214954
  21.07161813 20.51404016 20.83740321 21.23826078 20.54317015 20.7603765
  20.4833856  20.31099622 21.74625517 20.97924642 20.94995934 20.69579915
  20.61756544 21.02834842 20.3602051  20.27607179 20.72866033 20.79977952
  20.82902955 20.96824952 20.02982915 20.92079988 20.04385548 21.23044831
  20.61333148 21.47609746 20.71528169 20.9877518  20.3426635  20.83277917
  20.92836214 20.91152603 20.65594985 20.35386498 20.82062073 20.88701592
  20.74626057 20.66752997 20.97407262 20.87600363 20.91748706 20.92802616
  20.29781215 20.04032818 21.13794885 20.56264741 21.08499999 20.70268769
  20.29380857 20.42381107 20.26443436 20.03284519 20.77909531 20.60671186
  20.37375574 21.38025092 19.78338213 21.19678728 21.14668039 20.22934962
  20.68481345 20.87325078 21.40095307 20.13260739 20.62080131 20.57551071
  21.06372469 19.5651138  20.72031623 21.01258982 20.27695662 20.62637534
  20.23132241 20.33652044 20.53295359 20.50136183]
[19.94812208 19.78667373 21.06392954 20.56132195 20.81012665 19.96658027
  20.24792276 20.46369905 20.04409405 20.70569107 20.4960638  21.13673139
  20.41661792 20.75530553 20.21696791 21.39388107 30.21506123 20.6319564
  20.32264575 20.39848981 20.61558974 20.60365903 20.65798625 20.62490196
  20.49871984 20.47496086 20.18573499 21.14756236 20.7462099  20.15799655
  20.10400732 20.59210995 20.87419349 20.8602072  20.71365294 20.00654634
  20.34126501 20.45066986 20.27449802 20.05492279 20.64544821 20.94853486
  20.57307421 20.68848351 20.01590878 21.00092493 20.11910047 20.84680751
  20.29908257 20.84685953 20.55303141 20.75784406 20.29937566 20.51215673
  20.60204407 20.93311837 20.32799818 20.13124683 20.88034253 21.10098469
  20.6344508  20.23924049 20.65364018 20.41631278 20.32071509 20.7828497
  19.92073265 19.77034415 20.67332323 20.69548402 20.76687634 20.41343655
  20.04441641 20.55994189 20.42712553 20.13117522 20.76728268 20.20022778
  20.11743374 20.71995884 19.63338518 20.98602818 20.91121224 20.3625086
  20.23067449 20.28717904 20.86774705 19.9119783  20.50541219 20.76542838
  20.88921544 19.57012371 20.13118176 20.66725011 20.16634111 20.25446155
  19.88705528 19.7518262  20.3481008  20.21747393]
[20.29838059 19.82433897 20.685425   20.23886943 19.88877303 19.5123696
  19.85985298 20.33235646 19.93333872 19.9479541  20.18014096 20.75168935
  19.96999371 20.49314131 19.90843592 21.08799079 20.6319564  29.85803484
  20.12168362 20.34284835 19.83755276 19.99181108 20.08578379 20.19512465
  20.13742288 20.04399389 20.23716802 20.09846901 20.25588023 19.84972731
  19.82872484 20.27687588 20.85176609 20.29104437 20.2864289  19.6866555
  20.13841324 19.90354107 20.00541183 19.4442038  20.28691023 20.14842926
  19.83168188 20.21689092 19.66478499 20.55081059 19.6654316  19.87919919
  20.06643944 20.60920546 19.99373784 19.78590967 20.01394136 20.10794106
  19.84778681 20.1373566  20.59188421 19.594339   20.13965307 20.23819733
  20.10683976 20.22947037 20.29228305 20.28981148 20.17414638 20.14303802
  19.40059998 19.72954447 20.08597584 19.96378555 20.5043479  20.21337958
  19.39670093 19.73545383 19.94000289 19.7269128  20.08118898 19.98388843
  19.85438781 20.35107166 18.87980704 20.64122868 19.99589318 19.72529995
  19.86452188 20.23758218 20.50645356 19.53348077 20.4383606  20.41617472
  20.17862603 18.92666142 19.47190668 20.68715126 19.68337555 20.07371587
  19.69267359 19.29033376 20.06383629 19.4043698 ]
[19.85525595 19.97909594 20.87650054 19.92953563 20.28318832 19.85487238
  19.85334381 20.35570264 20.31522766 20.18518074 20.01044169 20.52154442
  20.11046142 20.6456974  19.82192908 20.76854495 20.32264575 20.12168362
  29.78163135 20.28268179 19.90159195 20.12815338 19.86339229 20.28812774
  20.50812376 20.01417976 19.96320027 20.42970533 20.35818749 19.96494341
  19.71423491 20.2560134  20.74244392 20.09487751 20.16871377 19.7108325
  20.43398217 19.85129447 19.871297   19.53607245 19.94411102 20.31083497
  19.85276424 19.7724993  19.86903047 20.38381071 19.89071674 20.28204875
  20.12341992 20.3038286  20.12925922 20.26216159 20.12044648 19.96359874
  20.19436343 19.78753101 20.25836609 19.53779178 19.89149278 20.30470234
  20.36327704 19.99269009 20.14437664 20.35001509 20.35052669 20.42759596
  19.52526708 19.85451616 20.21607174 20.28637943 20.32218883 20.04848462
  19.52197689 19.76431529 19.9359117  19.6110355  19.99322158 19.82192634
  19.97898711 20.10333253 19.23548575 20.28640774 20.31722771 19.55598523
  19.94319195 20.30545137 20.3676711  20.12723023 19.86297115 20.22398183
  20.31828154 19.24680979 20.01836502 20.63383125 20.01731476 19.9092118
  19.55429827 19.26510286 19.71232543 19.84993832]
[19.93217187 19.71400582 20.62169801 20.2669471  20.07052751 19.82699249
  20.42767753 20.49675739 20.27537879 20.13882556 20.38948721 21.11754062
  20.05030947 20.22904409 19.93835293 21.34398461 20.39848981 20.34284835
  20.28268179 29.58165533 20.10363705 19.99387853 20.0647067  20.03583777
  20.0954257  20.46025129 20.11205465 20.67292696 20.29573959 20.0078364
  19.75190852 20.07831815 21.22956901 20.36976966 20.43199933 19.73676229
  19.7740252  20.19205848 20.05626672 19.4600857  20.21341972 20.25539235
  20.40571906 20.17798255 19.76124959 20.61760239 19.99321439 20.65961737
  19.90666756 20.77249008 20.35092284 20.46251838 19.79409293 20.17580692
  20.06192039 20.24534839 20.10282423 20.00937881 20.39446423 20.35005218
  20.70948117 19.87027888 20.09228771 20.56383779 20.44494819 20.38346536
  19.80018794 20.17058331 20.50329209 20.24032614 20.26780913 19.96731531
  19.33840748 19.5842257  19.9325671  19.79349697 20.10728624 20.06180367
  20.08727337 20.34219635 19.43636993 20.54297878 20.50874657 19.6775824
  20.13324383 20.16374856 20.45212532 20.16551677 20.28201157 20.09242061
  20.7463105  19.29171714 19.88402722 20.31787905 19.63376144 19.96359636
  19.49186476 19.71432218 20.44253964 19.75835486]
[19.87367892 19.95825495 20.43931712 20.01555705 20.22960611 19.68940366
  20.02384765 20.08046628 19.98056827 19.88373047 19.66346426 20.47931994
  20.3145086  19.86164985 19.33283474 20.97884376 20.61558974 19.83755276
  19.90159195 20.10363705 29.38177975 19.88071069 19.94089009 19.61936544
  19.89408979 20.10687759 19.93844262 20.13117748 20.01547663 19.74330259
  19.29612154 19.54620248 20.93913178 20.18505336 20.59071246 20.00918277
  19.9841642  19.88437401 19.7658229  19.52655635 20.20637102 20.11339075
  19.73934983 19.72106848 19.75038432 20.23621627 19.45165493 20.48398826
  19.60932976 19.97244283 19.98762879 20.53028168 19.63306336 19.93063816
  19.90382851 20.21404653 19.8622046  20.17164391 20.22676617 20.27516146
  20.24412129 20.02137409 19.88153809 19.86342974 19.94473498 20.48401287
  18.87119882 19.6271513  20.30462117 19.77206934 20.23423354 19.89506529
  19.19926826 19.66236878 19.60702186 19.37828906 19.92280549 19.54648582
  19.6830037  20.14588182 19.00522778 20.16280416 20.03115085 19.34325222
  19.78707386 20.1686669  20.24807894 19.93699055 19.96749392 19.88457267
  20.556246   18.96824912 19.97794679 20.13884641 19.60742069 19.83257475
  19.28938838 19.39352526 20.10835933 19.53365398]
[19.9157561  19.76440392 20.533816   20.32595446 20.30201007 19.92700514
  20.15726979 20.45078704 20.050923   20.0632356  20.13796473 20.7594074
  20.03606112 20.34374632 19.84080595 20.91793207 20.60365903 19.99181108
  20.12815338 19.99387853 19.88071069 29.53726192 19.75194559 19.86950018
  19.68862684 19.99760894 19.88814739 20.55481424 19.48224052 20.01420811
  19.74351123 19.93146446 20.90346514 20.38166379 20.03871821 19.87609453
  19.7556101  19.85936516 19.50966978 19.88670512 20.4379058  20.00773067
  20.15180352 19.87113054 19.99570184 20.38586547 19.76762419 20.24739106
  19.98455236 20.12910267 20.63618537 20.15769759 20.04768365 20.43270438
  20.30145988 20.23035397 20.16533023 19.77041832 20.28925641 20.71768237
  19.80910267 20.11607036 20.24543314 19.92471509 20.10202088 20.17225154
  19.1294815  19.47975322 20.42769843 19.714771   20.0706905  20.23070109
  19.5929018  19.81155401 19.79653838 19.5604389  20.07883992 19.96608504
  19.6921948  20.18795882 19.10283309 20.02487974 20.0801943  19.23753981
  19.66217702 19.73481392 20.60544726 19.66254503 19.75966641 20.44230405
  20.31860335 19.16502357 19.72540136 20.34645733 19.60036995 20.06830595
  19.53474391 19.69036724 20.03416111 19.88150845]
[18.99295337 19.7569091  20.29566908 19.84009556 19.95037168 19.48094213
  19.77803934 19.98896163 19.95426466 19.8661019  20.26055362 20.37211683
  19.99568721 19.67160332 19.80853919 20.70783839 20.65798625 20.08578379
  19.86339229 20.0647067  19.94089009 19.75194559 29.46454186 19.5523916
  19.93140991 19.6356822  19.8309301  20.11426511 19.94374895 19.90495856
  19.72071633 19.94031424 20.3365889  19.99431768 20.00766561 19.32767567
  19.99050843 19.97703524 19.61347288 19.47413255 19.49685126 20.12918042
  19.96185821 19.93867317 19.66125952 20.08079561 19.21374642 20.40699198
  19.65277814 20.26691054 19.98718375 19.87063307 19.30249121 20.10635667
  19.70871448 19.96141743 19.69323994 19.42998828 19.85455723 19.85795958
  19.64006759 19.34614318 19.78132385 20.07051279 19.94760018 19.95490061
  19.02243536 19.56106809 19.70456456 19.85063337 19.76908396 19.7018517
  19.23320614 19.35496133 19.81234677 19.59675837 19.84295931 19.3194496
  19.64443949 20.06704094 18.85977936 20.06805997 19.82149826 19.52550997
  19.63781986 20.00391637 19.93463072 19.82729779 19.738706   20.04746558
  19.89308635 18.80622399 19.67426306 20.16724503 19.64925519 19.49380954
  19.78004283 19.269004   19.6119752  19.48972612]
[19.3494259  19.61810625 20.43195474 20.51657307 20.04193686 19.67093293
  20.42788679 20.42588868 20.05817584 19.7328408  20.08390344 20.57701312
  19.82571044 20.40544269 19.76722151 20.79214954 20.62490196 20.19512465
  20.28812774 20.03583777 19.61936544 19.86950018 19.5523916  29.77720013
  20.22355025 20.05239582 19.86599905 20.38331415 19.79802961 19.76915919
  20.19913635 19.75469162 20.73485343 20.21846854 20.27820967 19.56190773
  19.7588669  19.92755601 19.95400596 19.32870631 19.93280582 19.87710359
  19.99107889 19.8255482  19.61963884 20.39970416 19.52986578 20.06181662
  19.58453612 20.01497462 19.9923316  20.32555547 19.74795697 20.49903099
  19.93048489 19.78847237 20.04792631 19.75950862 20.1606973  20.33628252
  19.9970944  19.9540018  20.02826786 19.86070226 20.29403384 20.27818389
  19.10622114 19.88573695 20.26520206 19.74035599 20.29967509 20.03774777
  19.10050915 19.52148391 20.36494308 19.35923375 20.18723888 19.76589393
  19.64116837 20.10546523 19.16370564 20.43304572 20.47165662 19.35420262
  19.96660492 19.92025838 20.32488104 19.880381   20.06867053 20.21383009
  20.29458393 19.02309109 19.677837   20.38249346 19.51696495 19.8671672
  19.4991076  19.31946455 19.79789556 19.61765548]
[19.61437435 19.87133732 20.38622655 20.39634503 20.45627135 19.71717856
  20.46706737 20.51336089 20.08776907 20.06203435 20.25532681 21.02532992
  20.30285171 20.05013117 19.82840387 21.07161813 20.49871984 20.13742288
  20.50812376 20.0954257  19.89408979 19.68862684 19.93140991 20.22355025
  29.77864576 20.43181099 19.95740108 20.35955031 20.01120541 19.83528601
  20.23502857 20.29773232 20.69138298 20.27550455 20.16316466 20.13941505
  20.28397376 20.17166111 19.91593748 19.15958772 20.41380688 20.45302849
  20.24005676 19.88017301 19.8983373  20.49712877 19.72499659 20.20694941
  19.96269636 20.2786297  20.09303917 20.40619684 20.26966284 20.12369488
  20.27420825 20.27714968 20.0535622  19.91409555 20.54190463 20.40622039
  20.40216184 20.04942328 20.16173863 20.09697403 20.31632944 20.41236036
  19.60923312 19.59904208 20.21125695 20.09784889 20.24004202 20.06543547
  19.42797686 19.80270055 20.10704997 19.72544645 20.1097965  19.73270016
  20.10531032 20.20997438 19.69235165 20.49101177 20.38830722 19.77358011
  19.7322743  20.02429701 20.70400578 19.88038599 20.18641101 20.37304753
  20.53455119 19.06362263 19.9123078  20.5825143  20.18667921 20.10909133
  19.57429459 19.56037688 19.81362364 19.7019519 ]
[20.15140125 19.70659922 20.77175165 20.33360056 20.2957797  20.04570997
  20.41251751 20.58341583 19.97856992 20.15881915 19.83075057 20.85903266
  20.33052861 20.32796856 19.96676919 20.51404016 20.47496086 20.04399389
  20.01417976 20.46025129 20.10687759 19.99760894 19.6356822  20.05239582
  20.43181099 29.58861295 20.26077817 20.39889883 20.14015774 19.97445899
  20.16915224 19.9450905  20.93142027 20.13425448 20.35961399 19.83012198
  20.15887139 20.44192029 20.05835448 19.54377212 20.05156859 20.22312443
  20.37135283 19.94691088 19.62918182 20.65194615 19.93949597 20.21661025
  20.3178481  20.64666086 20.53538419 20.78602582 20.5100127  20.42240697
  20.17709457 20.26413947 20.38880938 20.01835556 20.5537581  20.21922634
  20.30438391 20.1948785  20.30720291 20.02191121 20.55958491 20.51047331
  19.65412739 19.9308328  20.3772532  20.15584947 20.129412   20.49508681
  19.57719376 19.46846242 19.94125187 19.98125329 20.31167178 19.91091161
  19.97409555 20.52375719 19.35575676 20.19316126 20.25430873 19.52361754
  19.61536558 20.13467788 20.4550261  19.2934481  19.97919265 20.0872535
  20.57759603 19.42281733 20.09871228 20.07088327 19.92110619 20.27133131
  19.86223305 19.30825018 19.98939551 20.08324493]
[19.80472499 19.53908797 20.315495   19.95540861 20.29466804 19.58811526
  20.10310733 20.07091644 19.62067033 20.38855246 20.02957391 20.79968621
  19.80208284 20.00984386 19.70709314 20.83740321 20.18573499 20.23716802
  19.96320027 20.11205465 19.93844262 19.88814739 19.8309301  19.86599905
  19.95740108 20.26077817 29.57256478 20.29945073 20.0123823  20.01252069
  19.80918967 19.87864324 20.5693355  20.03197202 20.06277362 19.95379793
  19.93952673 20.14423335 20.05479018 19.1364078  19.99045964 20.2998392
  19.98927122 19.76810791 19.51970062 20.32119517 19.29832761 20.19247069
  19.65723221 20.34429446 20.31522299 20.17755678 19.55862094 19.91533207
  19.89963687 19.66511366 20.03377267 19.54274024 20.17628315 20.14638398
  20.10276929 20.01606351 19.90405695 20.08742137 20.2220467  20.09205379
  19.6648091  19.53844018 19.75803527 20.07189433 20.38232997 19.87349038
  19.28974053 19.48130963 20.12264562 19.55059127 20.37417015 19.52379217
  19.61499222 20.1318504  19.15679478 20.20273362 20.20290093 19.49254912
  19.65198968 19.8459763  20.30190807 19.42061299 19.76005164 19.80635034
  19.98650182 19.16494058 19.69140693 20.3268695  19.4493232  20.02079618
  19.67225678 19.64990321 19.69965743 19.35432645]
[20.08714654 20.19606063 20.93757475 20.80487281 20.48779448 20.09166818
  20.6238893  20.87007818 20.73068671 20.4888146  20.54201131 21.3284371
  20.33621487 20.43640136 19.98734173 21.23826078 21.14756236 20.09846901
  20.42970533 20.67292696 20.13117748 20.55481424 20.11426511 20.38331415
  20.35955031 20.39889883 20.29945073 30.76520914 20.32419963 20.35383371
  19.8467755  20.25975295 21.4320609  20.47921045 20.74094137 20.43115993
  20.56304562 20.35043967 20.09830002 20.08500431 20.65241395 20.79576642
  20.08388702 20.0691756  19.7439813  20.67327201 19.82058507 20.69136602
  20.48714528 21.0494735  20.27709662 20.64922878 20.44058298 20.78716608
  20.15644317 20.95771917 20.66830031 20.2481993  20.4794426  20.65698107
  20.32344762 20.47985633 20.29112716 20.44789134 20.66986847 20.62789031
  19.627913   20.02231328 20.87784734 20.37582843 20.55740127 20.68416584
  19.54089705 19.82844062 20.45761639 20.18521938 20.62327649 19.95472356
  20.5610343  20.55130904 19.40554329 21.03280563 20.67022633 20.43507813
  20.18323292 20.08091945 20.95337194 20.17103595 20.36045165 20.78166962
  21.09974158 19.58060595 20.21993026 20.71126628 20.29844108 20.49435794
  19.88209409 19.75430286 20.26134098 19.89380696]
[19.68782175 19.46213865 20.53629925 19.88143169 20.31817762 19.46263159
  20.24483396 20.28687871 19.75179206 20.08199745 19.83870685 20.78259189
  19.66040136 19.92299472 19.83082261 20.54317015 20.7462099  20.25588023
  20.35818749 20.29573959 20.01547663 19.48224052 19.94374895 19.79802961
  20.01120541 20.14015774 20.0123823  20.32419963 29.54282703 19.59508901
  19.84898668 20.23485712 21.12169491 19.68320086 20.55531701 19.66687021
  20.05868683 20.09958848 19.71924201 19.31637189 20.10394155 20.16535301
  20.00697635 19.830189   19.37797533 20.67985704 19.95586235 20.18501567
  19.89175797 19.99662779 20.27661636 20.44633655 20.08428253 20.03172552
  19.78113549 20.16598423 20.20866853 19.61665149 19.99162188 20.1973079
  20.23864087 20.12254087 19.85430757 20.2596838  20.14316207 20.28030017
  19.41950505 19.71758502 20.20091909 19.93773097 20.27871509 20.24044507
  19.49879129 19.76559007 19.60527725 19.61015071 20.1758885  19.74268899
  19.96013734 20.0488235  19.31611063 19.96972751 20.27591054 19.670606
  20.0529591  20.14068828 20.12671392 19.67348199 20.02377306 20.0512931
  20.16161026 19.11268553 19.72006891 20.23429804 19.995332   19.80176457
  19.67456885 19.24470024 20.33246628 19.7331392 ]
[19.82776207 19.85329186 20.44918934 20.5220854  20.01881603 19.57475697
  20.03124628 20.31167843 19.89577868 20.02344002 20.1885412  20.53568559
  20.10665019 20.19143575 19.68970908 20.7603765  20.15799655 19.84972731
  19.96494341 20.0078364  19.74330259 20.01420811 19.90495856 19.76915919
  19.83528601 19.97445899 20.01252069 20.35383371 19.59508901 29.80227423
  19.78762797 19.7778984  20.71709378 20.23047259 20.33372255 20.17583599
  19.64265167 20.07898458 20.09615676 19.87805238 20.03660624 19.9458446
  20.05150837 19.69497319 19.63958125 20.2651576  19.83511969 20.26337267
  19.5957539  20.58308091 20.17232211 20.42662387 19.88908911 19.94504873
  19.7919359  19.8320398  20.05615899 19.9347044  20.37571245 20.06512177
  20.24461227 20.01833526 19.7875072  20.43990484 19.8659289  20.11439466
  19.5216859  19.41141504 20.08959029 19.85422297 20.45004442 20.12864065
  19.58909164 19.63276131 19.38444202 19.47759919 19.89325639 19.79404301
  19.59562328 20.07564533 19.08346488 20.05453753 20.06844904 20.08466128
  19.47809237 20.00281986 20.35807554 19.63314801 19.57669359 20.55407748
  20.01593556 19.13987948 19.81032197 20.22526509 19.3010801  19.52533784
  19.93701162 19.09775048 19.73172369 20.08125081]
[19.73554521 19.23480691 20.23205869 20.06363997 19.91014123 19.61512968
  20.26280291 20.28011538 19.80443848 19.90241076 20.1333863  20.53091594
  19.89946273 20.03736979 19.69236025 20.4833856  20.10400732 19.82872484
  19.71423491 19.75190852 19.29612154 19.74351123 19.72071633 20.19913635
  20.23502857 20.16915224 19.80918967 19.8467755  19.84898668 19.78762797
  29.42315623 19.78832436 20.49782322 20.11124065 20.27584115 19.92929264
  20.25333077 19.95594699 19.55884987 19.37816505 19.85931188 19.7077138
  19.82383912 19.8525254  19.34566877 20.16316635 19.41295061 20.17013856
  19.75767326 20.14178665 20.10702671 19.82892005 19.66494712 20.0345737
  19.95670681 19.99040436 19.96202052 19.59142538 19.91774796 20.17165376
  20.30259021 19.85807583 19.9594714  20.06477349 20.12631712 19.89001507
  19.15252642 19.62701773 20.01905428 20.10736341 20.3332831  20.38923492
  19.03530537 19.30387318 19.16055151 19.1008367  19.90081714 19.42853433
  19.54718009 19.72324135 18.90434673 20.34774881 20.11280714 19.4534375
  19.52207628 19.54757876 19.95679991 19.42635557 19.68829593 20.2467904
  20.25740747 19.17980846 19.98812809 19.86936979 19.69179737 19.80415156
  19.22593334 19.43156882 19.37031837 19.40522802]
[20.02657914 19.42421041 20.3129656  20.22476566 20.17940559 19.74770553
  19.84341879 20.14202127 19.70434875 20.13572222 19.59759014 20.75895508
  20.11406956 20.20965137 19.75521321 20.31099622 20.59210995 20.27687588
  20.2560134  20.07831815 19.54620248 19.93146446 19.94031424 19.75469162
  20.29773232 19.9450905  19.87864324 20.25975295 20.23485712 19.7778984
  19.78832436 29.71415126 20.89988999 19.82608573 20.11328179 19.64603201
  20.01628386 20.11735737 19.75826306 19.50208723 19.85671173 19.93552448
  20.23755711 19.99913674 19.83979523 20.47082097 19.36906827 20.37201412
