6846
50
10
22.931938983129847

[0.06330311 0.03091711 0.08013826 0.02884199 0.04954268 0.0847229
 0.06310403 0.05004912 0.08347788 0.05547943 0.06021598 0.0399322
 0.09947333 0.07691672 0.0817992  0.08435914 0.07490045 0.03517521
 0.02654245 0.03239904 0.05602628 0.07705281 0.08055651 0.07873743
 0.08063119 0.04508515 0.03174608 0.04867163 0.04352289 0.08598583
 0.06919794 0.07276231 0.04848009 0.03087491 0.05618892 0.02574491
 0.08614778 0.05214215 0.05842151 0.0837325  0.04630253 0.04734463
 0.02665848 0.03350688 0.09054417 0.04438884 0.08937029 0.06376573
 0.03007846 0.07649974]

[[29.48170221 19.80712156 19.83208664 20.53624365 20.28792659 20.17205502
  20.08544169 19.74993426 20.42483827 20.05219867 19.93424119 19.95683267
  20.17431472 19.92306259 19.55401221 20.02223163 20.49536029 19.54641103
  20.39766772 19.7704657  20.81177497 20.33526188 19.85090014 20.16023367
  20.3626135  20.58941431 19.53513126 20.08735395 19.95345312 19.83435999
  19.86305695 20.09977011 19.97930522 20.47666273 20.43604001 20.55048917
  20.35972399 19.5146253  19.86359339 20.0412798  20.08135771 20.03300182
  20.68580686 20.47747417 19.61642748 20.57031738 20.30879108 20.05939287
  20.23632358 20.02045799]
[19.80712156 28.70200624 19.52732508 20.05385819 19.88774375 19.67012947
  19.93443677 19.41700324 20.01186705 19.62119631 19.50873651 19.57391534
  19.60120307 19.37879011 19.24404088 19.66326024 19.60716645 19.10406425
  19.35537491 19.59511627 19.72005231 19.88017516 19.51823417 19.09110691
  19.39604869 19.78437295 19.08750339 19.15609036 19.21337985 19.50344798
  19.25847078 19.62080774 19.27115559 19.99241138 19.47309392 19.90929675
  19.77619606 18.80977391 19.46277461 19.95365859 19.62944607 19.25919178
  19.64141744 19.76389957 19.67969911 19.73543991 19.5921634  19.48107115
  19.62897366 19.12160592]
[19.83208664 19.52732508 29.13337211 20.18172176 20.12359013 19.75322365
  20.09145203 19.67428128 19.97248396 19.96037558 19.61021064 20.03741122
  20.11123923 20.15519898 19.37582248 19.62119989 20.13193587 19.21809503
  19.83699363 19.59128377 20.28074122 20.06069152 20.00655965 19.70644107
  19.75835588 20.22301415 19.2855799  19.68876404 19.26686249 19.53998479
  19.66544503 19.55099061 19.53762242 20.38347081 19.99942842 20.37610147
  19.85999596 18.97417333 19.20577236 19.87216878 20.18644804 19.9031866
  19.87353075 19.26437266 19.83424244 19.97989774 20.1582635  19.96716837
  20.23217673 19.89930411]
[20.53624365 20.05385819 20.18172176 30.65605446 20.9787055  19.99094363
  20.90695987 20.63704582 20.95702899 20.43911917 20.2764037  20.40454784
  20.65071989 20.30153546 19.85185647 20.46195288 20.76882159 20.26152885
  20.32603044 20.11637692 20.84645783 20.49035004 20.79099705 20.18810403
  20.73663619 21.20377778 20.51217846 20.70107486 20.64693783 20.43127886
  20.54640007 20.5164155  20.03898047 21.07869536 20.76996345 20.75506737
  20.49684766 20.19098643 20.02792337 21.01623517 20.88256275 20.29162549
  20.55218861 20.50925509 20.31803323 20.6888812  20.71409193 20.80090385
  20.86193401 20.27900136]
[20.28792659 19.88774375 20.12359013 20.9787055  30.30705942 20.15931116
  20.75330026 20.27945686 20.45752439 20.76407982 19.88969213 20.24534031
  20.41021047 20.18682615 19.5684651  20.46218776 20.94986511 19.9908771
  20.4717969  19.64208278 20.67467629 20.35572477 20.39826842 20.24362081
  20.28204717 20.60653525 20.2054276  19.99585885 20.07524318 19.70642997
  19.67299396 20.1561865  19.75873151 20.44667692 20.35807299 20.66931938
  20.1618525  19.83202967 20.28803296 20.4309768  20.51082217 19.85282479
  20.12054018 20.41476472 20.13624001 20.5844439  20.7756868  20.26773337
  20.3731049  19.78488382]
[20.17205502 19.67012947 19.75322365 19.99094363 20.15931116 29.66441445
  20.58777773 19.68947575 20.20940327 20.21773484 19.67025906 19.76900049
  19.89549437 19.41422655 19.32891655 20.00087829 20.43685638 19.27098475
  19.86027767 19.88951345 20.50226307 20.01284521 19.92782776 20.14944359
  20.28470236 20.27205235 19.81545599 19.72424748 19.5504335  19.94119801
  19.62933171 20.23361374 19.69911919 20.45268797 19.83517905 20.02505463
  20.06175431 19.26834686 19.55255707 20.21412043 20.33000533 20.17644851
  19.86872466 20.09102013 19.70968235 20.25952635 20.15620255 20.31715528
  20.60855672 19.6556899 ]
[20.08544169 19.93443677 20.09145203 20.90695987 20.75330026 20.58777773
  30.73514167 20.22405226 20.6406463  20.53688298 20.28719644 20.11491376
  20.64781338 20.22827126 19.79425949 19.83891488 20.82968533 19.66864262
  20.24481893 20.08191439 20.76482462 20.76104553 20.50344866 20.24491664
  20.31971784 20.53707878 19.85200217 19.81624634 19.68397572 20.30795654
  19.99873894 20.26230261 20.15415141 20.34151981 20.5338127  20.42989438
  20.54587661 19.36200993 19.88670498 20.49959252 20.6229203  20.26547672
  20.15078534 20.29686089 20.4256312  20.66765718 20.79270594 20.50473935
  20.75682117 19.93898103]
[19.74993426 19.41700324 19.67428128 20.63704582 20.27945686 19.68947575
  20.22405226 29.81890925 19.93501427 19.73253193 19.52068073 19.86032754
  19.69497716 19.45218978 19.27577902 19.78244446 20.26934737 19.37319279
  19.57783629 19.09582337 20.26503721 20.07820505 20.04619766 19.74735573
  20.42774326 20.33905478 19.43491275 19.5458624  19.77396178 19.72062797
  19.76812646 19.9968531  19.52341395 20.14030358 19.77914042 20.59135732
  20.32789168 18.99102754 19.5618132  19.76239407 19.92600083 19.52609572
  19.74946655 19.8953924  19.67573144 20.22001508 19.96864028 19.63126047
  19.9196765  19.83957887]
[20.42483827 20.01186705 19.97248396 20.95702899 20.45752439 20.20940327
  20.6406463  19.93501427 30.6021089  20.319168   19.7181599  20.18821205
  20.44309854 20.38174455 19.64140217 20.49878214 20.70982024 19.60145853
  20.37861615 20.11538806 20.83669816 20.59304749 20.06041326 20.21658362
  20.78333465 20.14033008 19.93276456 20.14936414 20.17969044 20.03479878
  19.88826854 20.00405431 19.79414831 20.75378556 20.41768451 20.56415048
  20.54845937 19.67295048 19.84240337 20.14633607 20.5379548  20.25642612
  19.91675466 20.52786868 20.06733846 20.39990429 20.60750667 20.3940441
  20.78688158 19.82798533]
[20.05219867 19.62119631 19.96037558 20.43911917 20.76407982 20.21773484
  20.53688298 19.73253193 20.319168   30.3255244  20.00828723 20.17210151
  20.21306004 19.95275681 19.61421062 20.00082553 20.75851912 19.57400827
  20.01007031 20.11203783 20.40866685 20.21479958 19.92146003 20.08745233
  20.2896329  20.35944993 19.73895485 20.53244608 19.84007454 20.21141669
  19.76697459 20.08125337 19.93386662 20.64691458 20.19080397 20.82667908
  20.40175604 19.6905305  20.02420448 20.15381318 20.40968231 19.76238401
  20.2852993  20.22174395 19.78745055 20.2796832  20.36325671 19.59392101
  20.2578352  20.16819973]
[19.93424119 19.50873651 19.61021064 20.2764037  19.88969213 19.67025906
  20.28719644 19.52068073 19.7181599  20.00828723 29.6451549  19.8344944
  20.2430471  19.85507558 19.81079564 19.66776072 20.11201124 19.42948135
  20.10035919 19.55301431 20.43290416 20.13290784 19.95390717 19.77301553
  19.73540767 20.19581115 19.65646177 19.65770022 19.80738399 19.63768559
  20.10105331 19.75140202 19.45880557 20.05986395 20.22492637 20.26026418
  20.03038068 19.68176747 19.72461954 19.71088386 19.93579112 19.83629138
  19.69915075 19.98261272 20.14832469 20.51382723 20.51292457 19.94048001
  20.03547142 19.52693934]
[19.95683267 19.57391534 20.03741122 20.40454784 20.24534031 19.76900049
  20.11491376 19.86032754 20.18821205 20.17210151 19.8344944  29.68406843
  20.05119541 19.86924502 19.9052213  20.01368737 20.12097879 19.20397377
  20.12942661 19.66438907 20.41950048 19.97456321 20.27798548 19.98661914
  20.12407086 20.25088147 19.8832241  20.18799487 19.83603053 20.07923424
  19.81285196 19.79691799 19.7534816  20.55790951 20.31904986 20.24749235
  20.2387421  19.45868731 19.67732056 20.36471923 20.14534372 19.87753111
  20.08423274 19.84221309 19.82727029 20.11072256 20.33863589 20.34127759
  20.2105706  19.25959142]
[20.17431472 19.60120307 20.11123923 20.65071989 20.41021047 19.89549437
  20.64781338 19.69497716 20.44309854 20.21306004 20.2430471  20.05119541
  30.26996379 20.08413975 19.54740977 19.97745931 20.689935   19.78452833
  19.96029734 19.97635962 20.6761118  20.01964435 20.12564552 19.97568913
  20.38024257 20.10909513 19.63234894 20.13694589 19.84093457 20.01072677
  19.49845783 19.81601978 19.7006457  20.64561882 20.11500864 20.66945068
  20.37459263 19.67922709 19.9607711  20.31239068 20.36484979 20.20062488
  19.72284576 20.49467985 19.99397738 20.61965901 20.45445785 19.87531821
  20.63760014 19.75550123]
[19.92306259 19.37879011 20.15519898 20.30153546 20.18682615 19.41422655
  20.22827126 19.45218978 20.38174455 19.95275681 19.85507558 19.86924502
  20.08413975 29.23190274 19.42316533 20.05797171 20.22811426 19.62914556
  19.7206959  19.74775132 20.08368539 20.15863074 19.94043928 19.95534403
  20.31571408 19.93704661 19.47149108 19.73497724 19.66894338 19.82096743
  19.65362522 19.87028859 19.99455551 20.08420099 19.70530522 19.98398618
  20.07265161 19.19562266 19.37286888 20.18541934 20.11779115 20.06698413
  19.16116501 19.62602267 19.63808436 20.53513491 20.06668741 19.95032118
  19.78889971 19.99375276]
[19.55401221 19.24404088 19.37582248 19.85185647 19.5684651  19.32891655
  19.79425949 19.27577902 19.64140217 19.61421062 19.81079564 19.9052213
  19.54740977 19.42316533 28.98702519 19.12131003 19.77470304 19.15364349
  19.29064682 19.24541102 19.76587917 19.49629291 19.33448599 19.50689849
  19.91124129 19.74643499 19.11762181 19.61835371 19.29325069 19.64316507
  19.45770283 19.48515359 19.34767159 19.62020632 19.48099635 19.95789564
  19.60864925 18.85195615 19.30340456 19.96722268 19.83922408 19.14880241
  19.28539522 19.50649479 19.62109647 19.93305995 19.89282103 19.58789903
  19.72147851 19.7439082 ]
[20.02223163 19.66326024 19.62119989 20.46195288 20.46218776 20.00087829
  19.83891488 19.78244446 20.49878214 20.00082553 19.66776072 20.01368737
  19.97745931 20.05797171 19.12131003 29.18287922 20.73196425 19.37877938
  19.82356734 19.78720536 20.37771888 19.56893763 19.96193513 19.76161099
  20.07999769 20.1432602  19.94707906 20.03498086 19.42339105 20.09326204
  19.60186481 19.8600196  19.70478814 20.31825977 19.89673463 20.38767902
  19.99276076 19.77516899 19.24013432 20.18070326 20.20418114 20.0819143
  19.95471352 20.37450432 20.03164664 20.23036728 20.40968445 20.18790227
  20.23748908 20.27042829]
[20.49536029 19.60716645 20.13193587 20.76882159 20.94986511 20.43685638
  20.82968533 20.26934737 20.70982024 20.75851912 20.11201124 20.12097879
  20.689935   20.22811426 19.77470304 20.73196425 30.37615032 19.67581158
  20.47515886 20.11359269 20.98848302 20.38603423 20.11834275 20.31548969
  20.85741076 20.75367181 19.95185562 20.36609597 20.26433402 20.13572789
  20.13794315 20.47564472 20.0618116  20.33658139 20.62723177 20.59298846
  20.35241702 20.14590403 19.74660015 20.45427286 20.28841679 20.45143946
  20.15020601 20.43755612 20.23607984 20.74998641 20.59655441 20.27089367
  20.35721656 20.20451594]
[19.54641103 19.10406425 19.21809503 20.26152885 19.9908771  19.27098475
  19.66864262 19.37319279 19.60145853 19.57400827 19.42948135 19.20397377
  19.78452833 19.62914556 19.15364349 19.37877938 19.67581158 29.14542382
  19.61083506 19.31890503 19.94369039 19.16710177 19.91006479 19.43058438
  19.84628556 19.99299388 19.55158821 19.35129168 19.42265509 19.75229819
  19.56636399 19.56587822 19.33791791 20.02154011 19.46973273 19.83702081
  20.06610903 19.04552542 19.40392753 19.80677288 19.30110599 19.47098359
  19.43976407 19.88675947 19.05662206 20.08715307 19.44889772 19.16351549
  19.98742455 19.19042668]
[20.39766772 19.35537491 19.83699363 20.32603044 20.4717969  19.86027767
  20.24481893 19.57783629 20.37861615 20.01007031 20.10035919 20.12942661
  19.96029734 19.7206959  19.29064682 19.82356734 20.47515886 19.61083506
  29.45884782 19.68491325 20.437509   19.90338382 20.06636832 19.76879651
  20.15861252 20.13078138 19.39506783 19.85648716 19.99314886 20.03937416
  19.96709298 20.08860255 19.7387865  20.2738914  20.13391344 20.34023445
  20.01378614 19.73442012 19.70554808 20.21006361 20.14256445 19.67941637
  19.94806308 20.12380816 19.78015357 20.37606932 19.88738866 19.87575559
  20.12727625 19.40371592]
[19.7704657  19.59511627 19.59128377 20.11637692 19.64208278 19.88951345
  20.08191439 19.09582337 20.11538806 20.11203783 19.55301431 19.66438907
  19.97635962 19.74775132 19.24541102 19.78720536 20.11359269 19.31890503
  19.68491325 29.20469202 20.33354827 19.67376515 19.59873077 19.76361985
  19.67107002 20.09359576 19.22828397 19.59204887 19.73886352 19.48981563
  19.6745965  19.79649512 19.6494366  20.50053054 19.86578439 20.36113692
  20.35226533 19.59169047 19.3256198  19.52549926 19.90968896 19.74144109
  19.74838367 19.97677639 19.42084704 20.29039393 19.83019837 19.85267133
  20.12872994 19.74767273]
[20.81177497 19.72005231 20.28074122 20.84645783 20.67467629 20.50226307
  20.76482462 20.26503721 20.83669816 20.40866685 20.43290416 20.41950048
  20.6761118  20.08368539 19.76587917 20.37771888 20.98848302 19.94369039
  20.437509   20.33354827 30.48290708 20.12550376 20.48056279 20.33645527
  20.46979379 20.559198   20.11717418 20.08607382 20.4246545  19.86464513
  20.65416861 20.46390556 19.97524328 20.76871234 20.45725956 21.08049851
  21.02805204 19.95784311 19.99703817 20.74028762 20.82218529 20.53685375
  20.10272088 20.9162463  20.45136442 20.65420565 21.04802305 20.63758514
  20.59801692 20.47205518]
[20.33526188 19.88017516 20.06069152 20.49035004 20.35572477 20.01284521
  20.76104553 20.07820505 20.59304749 20.21479958 20.13290784 19.97456321
  20.01964435 20.15863074 19.49629291 19.56893763 20.38603423 19.16710177
  19.90338382 19.67376515 20.12550376 30.55501071 20.30388235 20.06605648
  20.19148514 20.27674558 19.83451145 19.72050311 19.86868047 20.35844618
  19.67087159 19.80383299 19.90122684 20.37890672 20.01670174 20.39404788
  20.16411344 19.61190536 19.98763027 20.05697902 19.85206865 20.26686321
  20.25071612 20.16183863 19.28824219 20.40541335 20.34414558 20.11011421
  20.03799451 19.81909331]
[19.85090014 19.51823417 20.00655965 20.79099705 20.39826842 19.92782776
  20.50344866 20.04619766 20.06041326 19.92146003 19.95390717 20.27798548
  20.12564552 19.94043928 19.33448599 19.96193513 20.11834275 19.91006479
  20.06636832 19.59873077 20.48056279 20.30388235 29.69804697 19.8048543
  20.10017613 20.29504022 20.09735462 20.07701839 20.04313598 19.82519338
  20.07649851 20.65543806 19.81709379 20.26418089 20.20938822 20.03835438
  20.36278794 19.57451389 19.62694837 20.52227079 20.31688592 20.16427315
  20.08824357 20.41388593 19.77134439 20.25988782 20.15194753 20.17064193
  20.22630655 19.79943017]
[20.16023367 19.09110691 19.70644107 20.18810403 20.24362081 20.14944359
  20.24491664 19.74735573 20.21658362 20.08745233 19.77301553 19.98661914
  19.97568913 19.95534403 19.50689849 19.76161099 20.31548969 19.43058438
  19.76879651 19.76361985 20.33645527 20.06605648 19.8048543  29.60520128
  20.39402888 20.09821673 19.87785522 19.74778872 19.86624534 19.84386249
  19.59787936 19.79002308 19.7533307  20.24790173 19.94325936 20.43780495
  20.10072145 19.58521696 19.88683516 20.16232432 20.01045272 19.82873035
  19.80210615 19.94377846 19.4274947  20.4119546  20.23568358 19.95062141
  20.19432707 19.62171293]
[20.3626135  19.39604869 19.75835588 20.73663619 20.28204717 20.28470236
  20.31971784 20.42774326 20.78333465 20.2896329  19.73540767 20.12407086
  20.38024257 20.31571408 19.91124129 20.07999769 20.85741076 19.84628556
  20.15861252 19.67107002 20.46979379 20.19148514 20.10017613 20.39402888
  30.20590207 20.34864489 19.96907296 20.07193486 19.9165279  19.87701505
  19.66013341 20.15041858 19.66103565 20.44244318 20.06864498 20.67849743
  20.59959828 19.66578151 20.08779271 20.09019407 20.51968594 19.9057137
  19.74463512 20.5089968  19.96787775 20.52392799 20.45081462 19.99573765
  20.29270929 19.85946462]
[20.58941431 19.78437295 20.22301415 21.20377778 20.60653525 20.27205235
  20.53707878 20.33905478 20.14033008 20.35944993 20.19581115 20.25088147
  20.10909513 19.93704661 19.74643499 20.1432602  20.75367181 19.99299388
  20.13078138 20.09359576 20.559198   20.27674558 20.29504022 20.09821673
  20.34864489 30.5402713  19.78742225 20.09631151 20.14381386 20.37180836
  20.41586561 20.57818684 19.97096988 21.02213675 20.49871541 20.5977151
  20.30655943 19.68496928 19.76139195 20.71745635 20.47561122 20.00432972
  20.21655575 20.12987918 20.19708524 20.94409666 20.27215866 20.03262638
  20.5007618  20.2501553 ]
[19.53513126 19.08750339 19.2855799  20.51217846 20.2054276  19.81545599
  19.85200217 19.43491275 19.93276456 19.73895485 19.65646177 19.8832241
  19.63234894 19.47149108 19.11762181 19.94707906 19.95185562 19.55158821
  19.39506783 19.22828397 20.11717418 19.83451145 20.09735462 19.87785522
  19.96907296 19.78742225 29.53505413 19.49014613 19.50202849 19.74390139
  19.92600341 19.84359805 19.53863374 19.92458129 19.85199674 20.61185575
  20.25358369 19.24738563 19.32570148 20.08871203 19.9394962  19.46418801
  19.7752645  19.59198264 19.26993409 19.83844095 19.95306844 19.71848739
  20.05302222 19.65813097]
[20.08735395 19.15609036 19.68876404 20.70107486 19.99585885 19.72424748
  19.81624634 19.5458624  20.14936414 20.53244608 19.65770022 20.18799487
  20.13694589 19.73497724 19.61835371 20.03498086 20.36609597 19.35129168
  19.85648716 19.59204887 20.08607382 19.72050311 20.07701839 19.74778872
  20.07193486 20.09631151 19.49014613 29.5560086  19.9527333  19.68052612
  19.8995461  19.84766123 19.80227142 19.91359443 20.01407271 20.34326537
  20.40537109 19.53418071 19.8742518  20.34482559 19.89239035 19.86506063
  19.63175124 19.87524335 19.55408453 20.27896143 20.26710678 20.11494142
  20.23375552 19.84979327]
[19.95345312 19.21337985 19.26686249 20.64693783 20.07524318 19.5504335
  19.68397572 19.77396178 20.17969044 19.84007454 19.80738399 19.83603053
  19.84093457 19.66894338 19.29325069 19.42339105 20.26433402 19.42265509
  19.99314886 19.73886352 20.4246545  19.86868047 20.04313598 19.86624534
  19.9165279  20.14381386 19.50202849 19.9527333  29.1944608  19.79886146
  19.45621507 19.75162059 19.60405172 20.67660212 19.65460063 20.37721403
  20.07932868 19.52539746 19.25484512 20.38551059 19.93823728 19.77452658
  19.47547489 19.61870059 19.68280404 19.83075161 20.04989896 19.75507314
  20.12270035 19.82001958]
[19.83435999 19.50344798 19.53998479 20.43127886 19.70642997 19.94119801
  20.30795654 19.72062797 20.03479878 20.21141669 19.63768559 20.07923424
  20.01072677 19.82096743 19.64316507 20.09326204 20.13572789 19.75229819
  20.03937416 19.48981563 19.86464513 20.35844618 19.82519338 19.84386249
  19.87701505 20.37180836 19.74390139 19.68052612 19.79886146 29.85883105
  19.76042337 19.73746172 19.84815643 20.26087217 19.46472317 20.28810613
  20.08387764 19.29938792 19.53630386 19.71951007 20.11157605 19.63442365
  19.85925926 20.28258235 19.86198833 20.43888505 19.86580365 19.57010835
  20.45826795 19.94967481]
[19.86305695 19.25847078 19.66544503 20.54640007 19.67299396 19.62933171
  19.99873894 19.76812646 19.88826854 19.76697459 20.10105331 19.81285196
  19.49845783 19.65362522 19.45770283 19.60186481 20.13794315 19.56636399
  19.96709298 19.6745965  20.65416861 19.67087159 20.07649851 19.59787936
  19.66013341 20.41586561 19.92600341 19.8995461  19.45621507 19.76042337
  29.61294768 20.11578042 19.25901852 20.11306217 20.15491784 20.22878832
  20.30976889 19.30183956 19.35454265 20.02812733 20.16231525 19.65007975
  19.47953347 19.91092982 19.91300246 19.99676273 20.07456462 19.77510109
  20.04050668 19.26303484]
[20.09977011 19.62080774 19.55099061 20.5164155  20.1561865  20.23361374
  20.26230261 19.9968531  20.00405431 20.08125337 19.75140202 19.79691799
  19.81601978 19.87028859 19.48515359 19.8600196  20.47564472 19.56587822
  20.08860255 19.79649512 20.46390556 19.80383299 20.65543806 19.79002308
  20.15041858 20.57818684 19.84359805 19.84766123 19.75162059 19.73746172
  20.11578042 29.7481272  19.78828893 20.21681892 20.25977343 20.35958068
  20.20281723 19.57375092 19.70605281 20.17988606 20.13908806 20.03802672
  19.84788942 20.08029775 19.92542802 20.55397819 20.16325409 20.0911143
  20.44620721 19.86851325]
[19.97930522 19.27115559 19.53762242 20.03898047 19.75873151 19.69911919
  20.15415141 19.52341395 19.79414831 19.93386662 19.45880557 19.7534816
  19.7006457  19.99455551 19.34767159 19.70478814 20.0618116  19.33791791
  19.7387865  19.6494366  19.97524328 19.90122684 19.81709379 19.7533307
  19.66103565 19.97096988 19.53863374 19.80227142 19.60405172 19.84815643
  19.25901852 19.78828893 29.63192838 20.02389442 19.8851785  19.97393596
  20.24916806 19.2725167  19.49547208 19.92467742 20.16583507 19.77030455
  19.73855068 20.01055468 19.49286235 20.09282804 20.1682663  19.70008048
  19.86273544 19.91287751]
[20.47666273 19.99241138 20.38347081 21.07869536 20.44667692 20.45268797
  20.34151981 20.14030358 20.75378556 20.64691458 20.05986395 20.55790951
  20.64561882 20.08420099 19.62020632 20.31825977 20.33658139 20.02154011
  20.2738914  20.50053054 20.76871234 20.37890672 20.26418089 20.24790173
  20.44244318 21.02213675 19.92458129 19.91359443 20.67660212 20.26087217
  20.11306217 20.21681892 20.02389442 30.38481833 20.69437327 20.79399157
  20.38007986 19.88536753 20.04654936 20.16912342 20.57713125 20.07869372
  20.59304019 20.58080503 20.23161029 20.63017951 20.73922115 20.58104079
  20.59617702 20.30968127]
[20.43604001 19.47309392 19.99942842 20.76996345 20.35807299 19.83517905
  20.5338127  19.77914042 20.41768451 20.19080397 20.22492637 20.31904986
  20.11500864 19.70530522 19.48099635 19.89673463 20.62723177 19.46973273
  20.13391344 19.86578439 20.45725956 20.01670174 20.20938822 19.94325936
  20.06864498 20.49871541 19.85199674 20.01407271 19.65460063 19.46472317
  20.15491784 20.25977343 19.8851785  20.69437327 29.80418657 20.6036773
  20.18784156 19.54698426 19.54626963 20.04226217 20.57987743 19.93063012
  19.83458054 20.46219747 19.9393203  20.60632472 20.54585837 19.94004453
  20.4060961  19.75056826]
[20.55048917 19.90929675 20.37610147 20.75506737 20.66931938 20.02505463
  20.42989438 20.59135732 20.56415048 20.82667908 20.26026418 20.24749235
  20.66945068 19.98398618 19.95789564 20.38767902 20.59298846 19.83702081
  20.34023445 20.36113692 21.08049851 20.39404788 20.03835438 20.43780495
  20.67849743 20.5977151  20.61185575 20.34326537 20.37721403 20.28810613
  20.22878832 20.35958068 19.97393596 20.79399157 20.6036773  30.34253699
  20.90691085 19.73330288 20.02515645 20.58376872 20.47149293 20.16825627
  20.22848035 20.42567374 20.24232452 20.85476873 20.58543303 20.03359641
  20.69777894 20.44819913]
[20.35972399 19.77619606 19.85999596 20.49684766 20.1618525  20.06175431
  20.54587661 20.32789168 20.54845937 20.40175604 20.03038068 20.2387421
  20.37459263 20.07265161 19.60864925 19.99276076 20.35241702 20.06610903
  20.01378614 20.35226533 21.02805204 20.16411344 20.36278794 20.10072145
  20.59959828 20.30655943 20.25358369 20.40537109 20.07932868 20.08387764
  20.30976889 20.20281723 20.24916806 20.38007986 20.18784156 20.90691085
  30.46881779 19.63262952 19.55823245 20.42798929 20.60853559 19.75935309
  19.94190776 20.55760037 19.84370591 20.53476493 20.39381735 20.22558076
  20.56289528 20.11094419]
[19.5146253  18.80977391 18.97417333 20.19098643 19.83202967 19.26834686
  19.36200993 18.99102754 19.67295048 19.6905305  19.68176747 19.45868731
  19.67922709 19.19562266 18.85195615 19.77516899 20.14590403 19.04552542
  19.73442012 19.59169047 19.95784311 19.61190536 19.57451389 19.58521696
  19.66578151 19.68496928 19.24738563 19.53418071 19.52539746 19.29938792
  19.30183956 19.57375092 19.2725167  19.88536753 19.54698426 19.73330288
  19.63262952 28.67211511 19.35724529 19.48569387 19.29173822 19.51435195
  19.68966655 19.63774519 19.30875398 19.92057001 19.70904374 19.38789174
  19.70854284 19.66802268]
[19.86359339 19.46277461 19.20577236 20.02792337 20.28803296 19.55255707
  19.88670498 19.5618132  19.84240337 20.02420448 19.72461954 19.67732056
  19.9607711  19.37286888 19.30340456 19.24013432 19.74660015 19.40392753
  19.70554808 19.3256198  19.99703817 19.98763027 19.62694837 19.88683516
  20.08779271 19.76139195 19.32570148 19.8742518  19.25484512 19.53630386
  19.35454265 19.70605281 19.49547208 20.04654936 19.54626963 20.02515645
  19.55823245 19.35724529 28.76071104 19.84251418 19.42417641 19.31802664
  19.60494347 19.29941669 19.28833603 19.96045908 19.73956386 19.91685134
  20.17057411 19.12343181]
[20.0412798  19.95365859 19.87216878 21.01623517 20.4309768  20.21412043
  20.49959252 19.76239407 20.14633607 20.15381318 19.71088386 20.36471923
  20.31239068 20.18541934 19.96722268 20.18070326 20.45427286 19.80677288
  20.21006361 19.52549926 20.74028762 20.05697902 20.52227079 20.16232432
  20.09019407 20.71745635 20.08871203 20.34482559 20.38551059 19.71951007
  20.02812733 20.17988606 19.92467742 20.16912342 20.04226217 20.58376872
  20.42798929 19.48569387 19.84251418 30.76021626 20.34083282 19.70903795
  19.92439622 20.49927278 19.94044637 20.23648166 20.0813044  20.78503069
  20.48466994 20.08164756]
[20.08135771 19.62944607 20.18644804 20.88256275 20.51082217 20.33000533
  20.6229203  19.92600083 20.5379548  20.40968231 19.93579112 20.14534372
  20.36484979 20.11779115 19.83922408 20.20418114 20.28841679 19.30110599
  20.14256445 19.90968896 20.82218529 19.85206865 20.31688592 20.01045272
  20.51968594 20.47561122 19.9394962  19.89239035 19.93823728 20.11157605
  20.16231525 20.13908806 20.16583507 20.57713125 20.57987743 20.47149293
  20.60853559 19.29173822 19.42417641 20.34083282 30.50251201 20.29620001
  19.8353793  20.58037631 19.94050777 20.3208753  20.78525176 19.93763221
  20.31708634 19.99235463]
[20.03300182 19.25919178 19.9031866  20.29162549 19.85282479 20.17644851
  20.26547672 19.52609572 20.25642612 19.76238401 19.83629138 19.87753111
  20.20062488 20.06698413 19.14880241 20.0819143  20.45143946 19.47098359
  19.67941637 19.74144109 20.53685375 20.26686321 20.16427315 19.82873035
  19.9057137  20.00432972 19.46418801 19.86506063 19.77452658 19.63442365
  19.65007975 20.03802672 19.77030455 20.07869372 19.93063012 20.16825627
  19.75935309 19.51435195 19.31802664 19.70903795 20.29620001 29.44175179
  19.89763149 20.07087683 19.87464178 20.29832684 19.90785426 19.80197457
  20.11867159 19.91487856]
[20.68580686 19.64141744 19.87353075 20.55218861 20.12054018 19.86872466
  20.15078534 19.74946655 19.91675466 20.2852993  19.69915075 20.08423274
  19.72284576 19.16116501 19.28539522 19.95471352 20.15020601 19.43976407
  19.94806308 19.74838367 20.10272088 20.25071612 20.08824357 19.80210615
  19.74463512 20.21655575 19.7752645  19.63175124 19.47547489 19.85925926
  19.47953347 19.84788942 19.73855068 20.59304019 19.83458054 20.22848035
  19.94190776 19.68966655 19.60494347 19.92439622 19.8353793  19.89763149
  29.44909485 19.99899523 19.35574438 20.35354057 19.9106021  19.64895272
  19.96153909 19.84719833]
[20.47747417 19.76389957 19.26437266 20.50925509 20.41476472 20.09102013
  20.29686089 19.8953924  20.52786868 20.22174395 19.98261272 19.84221309
  20.49467985 19.62602267 19.50649479 20.37450432 20.43755612 19.88675947
  20.12380816 19.97677639 20.9162463  20.16183863 20.41388593 19.94377846
  20.5089968  20.12987918 19.59198264 19.87524335 19.61870059 20.28258235
  19.91092982 20.08029775 20.01055468 20.58080503 20.46219747 20.42567374
  20.55760037 19.63774519 19.29941669 20.49927278 20.58037631 20.07087683
  19.99899523 30.20643916 19.6158134  20.35765103 20.53944574 20.32148473
  20.30375918 19.94273729]
[19.61642748 19.67969911 19.83424244 20.31803323 20.13624001 19.70968235
  20.4256312  19.67573144 20.06733846 19.78745055 20.14832469 19.82727029
  19.99397738 19.63808436 19.62109647 20.03164664 20.23607984 19.05662206
  19.78015357 19.42084704 20.45136442 19.28824219 19.77134439 19.4274947
  19.96787775 20.19708524 19.26993409 19.55408453 19.68280404 19.86198833
  19.91300246 19.92542802 19.49286235 20.23161029 19.9393203  20.24232452
  19.84370591 19.30875398 19.28833603 19.94044637 19.94050777 19.87464178
  19.35574438 19.6158134  29.10436264 19.79009372 19.9194116  19.7127999
  20.08698018 19.37074442]
[20.57031738 19.73543991 19.97989774 20.6888812  20.5844439  20.25952635
  20.66765718 20.22001508 20.39990429 20.2796832  20.51382723 20.11072256
  20.61965901 20.53513491 19.93305995 20.23036728 20.74998641 20.08715307
  20.37606932 20.29039393 20.65420565 20.40541335 20.25988782 20.4119546
  20.52392799 20.94409666 19.83844095 20.27896143 19.83075161 20.43888505
  19.99676273 20.55397819 20.09282804 20.63017951 20.60632472 20.85476873
  20.53476493 19.92057001 19.96045908 20.23648166 20.3208753  20.29832684
  20.35354057 20.35765103 19.79009372 29.99312566 20.43459333 20.54026148
  20.64736456 20.00852776]
[20.30879108 19.5921634  20.1582635  20.71409193 20.7756868  20.15620255
  20.79270594 19.96864028 20.60750667 20.36325671 20.51292457 20.33863589
  20.45445785 20.06668741 19.89282103 20.40968445 20.59655441 19.44889772
  19.88738866 19.83019837 21.04802305 20.34414558 20.15194753 20.23568358
  20.45081462 20.27215866 19.95306844 20.26710678 20.04989896 19.86580365
  20.07456462 20.16325409 20.1682663  20.73922115 20.54585837 20.58543303
  20.39381735 19.70904374 19.73956386 20.0813044  20.78525176 19.90785426
  19.9106021  20.53944574 19.9194116  20.43459333 30.18360412 20.30995254
  20.29067466 20.01046409]
[20.05939287 19.48107115 19.96716837 20.80090385 20.26773337 20.31715528
  20.50473935 19.63126047 20.3940441  19.59392101 19.94048001 20.34127759
  19.87531821 19.95032118 19.58789903 20.18790227 20.27089367 19.16351549
  19.87575559 19.85267133 20.63758514 20.11011421 20.17064193 19.95062141
  19.99573765 20.03262638 19.71848739 20.11494142 19.75507314 19.57010835
  19.77510109 20.0911143  19.70008048 20.58104079 19.94004453 20.03359641
  20.22558076 19.38789174 19.91685134 20.78503069 19.93763221 19.80197457
  19.64895272 20.32148473 19.7127999  20.54026148 20.30995254 29.61764904
  20.35696425 19.96348283]
[20.23632358 19.62897366 20.23217673 20.86193401 20.3731049  20.60855672
  20.75682117 19.9196765  20.78688158 20.2578352  20.03547142 20.2105706
  20.63760014 19.78889971 19.72147851 20.23748908 20.35721656 19.98742455
  20.12727625 20.12872994 20.59801692 20.03799451 20.22630655 20.19432707
  20.29270929 20.5007618  20.05302222 20.23375552 20.12270035 20.45826795
  20.04050668 20.44620721 19.86273544 20.59617702 20.4060961  20.69777894
  20.56289528 19.70854284 20.17057411 20.48466994 20.31708634 20.11867159
  19.96153909 20.30375918 20.08698018 20.64736456 20.29067466 20.35696425
  30.03998992 20.23860533]
[20.02045799 19.12160592 19.89930411 20.27900136 19.78488382 19.6556899
  19.93898103 19.83957887 19.82798533 20.16819973 19.52693934 19.25959142
  19.75550123 19.99375276 19.7439082  20.27042829 20.20451594 19.19042668
  19.40371592 19.74767273 20.47205518 19.81909331 19.79943017 19.62171293
  19.85946462 20.2501553  19.65813097 19.84979327 19.82001958 19.94967481
  19.26303484 19.86851325 19.91287751 20.30968127 19.75056826 20.44819913
  20.11094419 19.66802268 19.12343181 20.08164756 19.99235463 19.91487856
  19.84719833 19.94273729 19.37074442 20.00852776 20.01046409 19.96348283
  20.23860533 29.61579591]
]