4147
50
10
25.64479458743981

[0.05947665 0.09525449 0.06651131 0.07787153 0.0925096  0.07340863
 0.02203957 0.08525168 0.06927755 0.0215277  0.03675607 0.06409519
 0.09446668 0.08780607 0.03717387 0.07894063 0.08319666 0.09158102
 0.08275701 0.07392235 0.05505039 0.02546947 0.02381279 0.025914
 0.03541232 0.09964941 0.03284791 0.0486886  0.08488914 0.02187637
 0.06648852 0.05086771 0.0489843  0.04379729 0.03709052 0.08785054
 0.03549185 0.02401853 0.07547076 0.03546325 0.02879793 0.05365082
 0.05236209 0.04064887 0.05358346 0.04057203 0.06079693 0.03965956
 0.0406324  0.09774578]

[[29.61702417 19.76370207 20.0417071  19.85480681 19.1613284  20.30993757
  20.21412503 20.18547543 20.14455507 20.20634792 19.83196072 19.00434575
  19.64732029 19.81349575 20.40951186 19.78902947 19.67414512 20.44377018
  20.15845639 19.80318367 19.64649555 20.49811307 19.76178544 19.70618397
  20.11713394 19.39484328 19.46779159 20.4754709  20.03671688 20.21751051
  19.64068483 19.8277438  19.569627   19.83046048 19.75759238 20.50792207
  19.47268217 19.7424843  20.10734926 20.29837645 19.5599049  20.03924301
  20.38923046 20.07302009 19.89928882 19.45083338 20.18492313 20.26866974
  19.95563231 19.7454209 ]
[19.76370207 29.54015392 19.69415186 19.569418   19.12259419 19.34282488
  19.84764004 20.08911941 20.26254941 19.96911314 19.86529734 19.21259429
  19.59596034 19.72709897 19.687961   19.495672   19.61290252 20.15604668
  19.88823855 19.52084423 19.56476706 20.00253889 19.84510248 19.7464734
  19.61591502 19.21051309 19.4842756  20.28913433 20.21195398 19.94578297
  19.60619813 19.87644072 19.24969643 19.97118273 19.58421888 20.05616604
  19.31717262 19.83535452 19.59453156 19.89750514 19.66843593 19.95679183
  19.61733271 20.01592888 19.24801665 19.00327469 20.04754692 19.84755469
  19.61755852 19.60132435]
[20.0417071  19.69415186 30.39011591 20.33730632 19.85544553 20.10260805
  21.00875417 20.64151965 20.36761431 20.44375971 19.93097479 19.72794777
  20.32814198 20.39524167 20.29836245 20.23613644 19.48863307 20.84011808
  20.64727086 20.34647503 20.05715518 20.68895871 20.39036204 19.50789345
  20.05320919 19.99152838 20.29861301 20.64215192 20.75727624 20.52300002
  20.28700446 20.50424494 20.04496662 20.40842132 20.52195126 21.10567183
  19.92466464 19.93797704 20.42400813 20.32745063 19.93734592 20.15185847
  20.08084445 20.53946556 19.84094962 19.54562848 20.52742799 20.43603017
  19.95456299 19.98534693]
[19.85480681 19.569418   20.33730632 30.22439358 19.31919851 19.78603315
  20.47375621 20.02283726 20.20103143 20.20406752 20.517732   19.43603527
  20.2590203  20.65056719 20.18921175 20.2139935  19.93369837 20.29966951
  20.42391192 20.03376422 20.13249585 20.26256756 20.12447942 20.08443356
  19.92039019 19.5125064  19.82137531 20.51432809 20.45306189 20.39847922
  20.05282492 19.68081007 19.63342291 20.21153483 19.6384696  20.97717779
  19.93546636 20.16744453 20.12328139 20.41773704 19.97877622 20.03184733
  20.23932725 20.36207423 19.98711874 19.68640537 20.44603646 20.4833426
  19.51170878 20.27951985]
[19.1613284  19.12259419 19.85544553 19.31919851 29.10448858 19.37415647
  19.86815217 19.48539923 19.70501541 19.49530885 19.55125435 18.72849425
  19.45962403 19.58661517 19.85849428 19.38270799 19.04338332 19.61169322
  19.41139042 19.49837971 19.02520204 19.57466264 19.75247669 19.03229663
  19.44343277 18.81301651 19.25461109 20.23489603 19.34578478 19.89448381
  19.26753039 19.39755723 18.99047055 19.83786134 19.14240465 19.93169418
  19.48145018 19.34792429 19.82845877 19.00202172 19.20593716 19.36804825
  19.54185312 19.74042027 18.92389079 18.90176996 18.92637325 19.62800868
  19.04494199 19.46206956]
[20.30993757 19.34282488 20.10260805 19.78603315 19.37415647 29.1317131
  20.4652542  20.23604444 20.24965729 20.13882697 19.93761773 19.27219079
  19.66897926 20.19920215 20.35944681 20.4104713  19.42123938 20.22278538
  20.26367349 20.06215287 19.7875476  20.37469347 20.26799419 19.79362846
  19.9838172  19.36804354 19.63328441 20.86875321 20.42640358 20.13166398
  19.89702667 19.62738828 19.73540237 19.89081199 19.38926243 20.38552283
  19.88097617 19.73247299 20.12265551 20.09375626 19.73177522 20.16427799
  19.96307279 19.7923459  19.81778089 19.09426658 20.13421827 20.43483123
  19.90612349 19.96458425]
[20.21412503 19.84764004 21.00875417 20.47375621 19.86815217 20.4652542
  30.50032512 20.77888461 20.77692709 20.78469326 20.08191291 20.27301488
  20.62796387 20.67067408 20.56990158 20.50292276 19.99584808 21.0060449
  21.13946898 20.45644663 20.05640485 20.89089625 20.57740884 20.02451685
  20.37211867 20.09350913 20.02112419 20.53775199 21.40193962 20.64895393
  20.36888132 20.45060717 20.43601638 20.46449723 20.36901321 20.9088439
  20.29215125 20.60764101 20.68315788 20.70473366 20.09221031 20.65485016
  19.96119429 21.03994952 19.97222068 19.7750008  20.63143918 20.47206976
  20.11026784 20.56030574]
[20.18547543 20.08911941 20.64151965 20.02283726 19.48539923 20.23604444
  20.77888461 30.37122274 20.02672461 20.35060982 20.53285957 19.59724025
  20.39150859 20.32761589 20.28165144 20.16181169 19.80833508 20.44476466
  20.6548748  19.83265399 19.59019424 20.7280225  20.44586831 19.93077305
  20.22211606 19.83106032 19.783599   20.9534236  20.59788416 20.59769955
  20.24841138 19.79805436 19.65968769 20.06498578 19.91627586 20.61064176
  19.97849558 20.10199859 20.17074928 20.2334077  20.29361456 20.34558863
  19.91847776 20.47484355 19.63057215 19.7910903  20.35513696 20.38069696
  19.95759195 20.71118024]
[20.14455507 20.26254941 20.36761431 20.20103143 19.70501541 20.24965729
  20.77692709 20.02672461 30.27641204 20.68886029 20.26525954 19.78661802
  19.74316411 20.28545115 20.40269027 20.28866952 20.20226933 20.69035696
  20.35386946 20.56079402 20.09927486 20.67692328 20.45079376 20.34240331
  20.20511571 20.1328284  20.16113862 21.15774938 20.82184602 20.61775993
  20.06698327 19.80699286 20.0146402  19.96164949 19.89976486 20.52399664
  20.19911647 19.88303772 20.14558111 20.54893429 20.03942694 20.21497241
  20.24896202 20.0792095  20.2358134  19.88210405 20.5313853  20.04161604
  20.15331296 19.8797952 ]
[20.20634792 19.96911314 20.44375971 20.20406752 19.49530885 20.13882697
  20.78469326 20.35060982 20.68886029 30.15965228 20.44646039 19.74685296
  20.03370103 20.51297875 20.35055318 20.47736183 19.90683969 20.53982709
  20.68829511 20.37478828 20.0185973  20.6377616  20.38259571 20.10345921
  20.48252692 20.13059267 20.10742211 20.78080134 20.52025145 20.73232158
  20.11353558 20.0741791  20.0973261  20.56781084 20.36895873 20.86049833
  20.2977127  20.07109112 20.34584269 20.49101358 20.3369047  20.49869216
  20.44356129 20.46948221 20.19748673 20.2038308  20.57854815 20.37601725
  20.09323743 19.95758663]
[19.83196072 19.86529734 19.93097479 20.517732   19.55125435 19.93761773
  20.08191291 20.53285957 20.26525954 20.44646039 29.88070444 19.29895155
  20.03587675 19.75757645 19.90583531 19.93917171 19.65342855 20.10485864
  20.37638586 20.00267523 19.8388648  20.34332409 19.98113267 19.47529783
  19.81480492 19.73889022 20.03016445 20.37613632 20.36320733 20.44789977
  20.16673813 19.64034781 19.76438224 20.22485617 19.7108909  20.69575213
  19.48316226 20.10614729 19.91750176 19.79324312 19.72965523 20.01190522
  20.25697465 20.25614392 19.88139464 19.47055577 20.23539643 20.49025388
  19.89135939 20.06379527]
[19.00434575 19.21259429 19.72794777 19.43603527 18.72849425 19.27219079
  20.27301488 19.59724025 19.78661802 19.74685296 19.29895155 28.98233355
  19.5483911  19.86303678 19.99548279 19.14450053 18.91805068 19.45343836
  19.70195126 19.18518086 19.15990393 20.09770993 19.62916246 19.18760583
  19.33270704 18.91162794 18.90845499 19.85144539 19.34462816 19.83655227
  19.15246475 19.45423536 18.99832543 19.44420851 19.05940004 19.79535499
  19.22606156 19.16258214 19.55268326 19.17423697 19.20535652 19.55404806
  19.38008625 19.91411684 19.04959306 18.87677948 19.34496266 19.39254458
  19.34274911 19.76797462]
[19.64732029 19.59596034 20.32814198 20.2590203  19.45962403 19.66897926
  20.62796387 20.39150859 19.74316411 20.03370103 20.03587675 19.5483911
  30.0247315  19.70827871 20.2275598  19.54687923 19.37542005 20.15665931
  20.07555715 19.9239315  19.44574477 20.49156654 19.81951399 19.87232211
  20.20429596 19.63068002 19.61419388 20.82612967 20.0274167  20.38784177
  19.9429488  19.77185098 19.86452723 20.04155725 19.43976094 20.24878478
  19.74170844 19.8085153  19.94790225 19.76098852 19.46274934 19.91535119
  19.81376126 20.1969639  19.39447528 19.15181999 20.01434933 20.14352929
  19.63491619 19.95742465]
[19.81349575 19.72709897 20.39524167 20.65056719 19.58661517 20.19920215
  20.67067408 20.32761589 20.28545115 20.51297875 19.75757645 19.86303678
  19.70827871 30.26624063 20.34921256 20.36658005 19.74656709 20.98930044
  20.77050111 19.9420554  19.97985054 20.52263672 20.19175354 20.26686049
  20.55447297 19.84429494 19.96757874 21.02193931 20.70958023 20.52227942
  20.06120066 20.44815524 19.61295157 20.59230209 19.69144172 20.95479209
  19.43472393 20.2374602  20.11157224 20.16233802 20.10759964 20.31701995
  20.24272107 20.72019858 19.6605669  19.47679792 20.28229345 20.32412421
  20.12110673 20.35719413]
[20.40951186 19.687961   20.29836245 20.18921175 19.85849428 20.35944681
  20.56990158 20.28165144 20.40269027 20.35055318 19.90583531 19.99548279
  20.2275598  20.34921256 30.15992978 20.17108329 19.93205829 20.93992808
  20.48792226 20.23993918 20.01720822 20.914653   19.97804995 19.94290812
  19.97033838 19.8760136  19.95399091 21.23781136 20.6839673  20.52656935
  20.25172863 20.34782134 19.69184281 20.4525309  20.40674118 20.4709771
  19.99353019 19.9136072  20.21997361 20.11442884 19.90852761 20.550404
  20.17768167 20.50343534 20.11652005 20.05092575 20.21273307 19.94402881
  19.63941542 20.11649516]
[19.78902947 19.495672   20.23613644 20.2139935  19.38270799 20.4104713
  20.50292276 20.16181169 20.28866952 20.47736183 19.93917171 19.14450053
  19.54687923 20.36658005 20.17108329 30.06384088 19.6682228  20.55545624
  20.33880165 20.1013693  19.92239269 20.43006171 19.68446339 19.67427603
  19.85756869 19.45665435 19.68787993 20.74173277 20.57474956 20.56798205
  19.61460469 19.87071292 19.85288485 20.42732728 19.85079744 20.55623512
  19.72250759 19.9457362  20.12021918 20.10435791 19.79347558 20.2234814
  19.91637669 20.56920093 19.59511908 19.63205823 20.05336668 20.52168587
  19.7528131  20.38477725]
[19.67414512 19.61290252 19.48863307 19.93369837 19.04338332 19.42123938
  19.99584808 19.80833508 20.20226933 19.90683969 19.65342855 18.91805068
  19.37542005 19.74656709 19.93205829 19.6682228  28.98047402 20.2104472
  19.69604461 19.73151976 19.78971221 20.26437939 19.75240332 19.32892569
  19.6952533  19.33966096 19.11199103 20.12509807 19.91087283 19.62634604
  19.51428271 19.35593288 19.16353915 20.02975679 19.71197125 19.88588378
  19.31748223 19.29201644 19.6046495  19.71669613 19.48323035 19.92204708
  19.46121881 19.51330975 19.63598379 19.23271004 20.11474299 19.7504722
  19.41779758 19.58715786]
[20.44377018 20.15604668 20.84011808 20.29966951 19.61169322 20.22278538
  21.0060449  20.44476466 20.69035696 20.53982709 20.10485864 19.45343836
  20.15665931 20.98930044 20.93992808 20.55545624 20.2104472  30.45148627
  21.17440986 20.70065802 20.06185852 20.86183261 20.82716179 20.2659864
  20.45686108 19.96526991 20.30140547 20.77907731 21.02776743 21.00977779
  20.50943289 20.21540874 20.59530135 20.63841564 20.27762074 21.126961
  20.28205287 20.6209448  20.79755936 20.48376727 20.54593082 20.22488664
  20.86369502 20.80210788 20.24413812 19.95441509 21.03517726 20.80755144
  20.21652463 20.51036092]
[20.15845639 19.88823855 20.64727086 20.42391192 19.41139042 20.26367349
  21.13946898 20.6548748  20.35386946 20.68829511 20.37638586 19.70195126
  20.07555715 20.77050111 20.48792226 20.33880165 19.69604461 21.17440986
  30.23728498 20.32642741 20.10749992 20.728503   20.77109819 20.32847616
  20.27864263 20.02581306 20.16631564 20.57173911 20.88479656 20.68111901
  19.91832526 20.42844208 20.09658759 20.43599466 20.12414052 21.08395361
  20.29704238 20.17939615 20.64005318 20.68571355 20.26243691 20.25431659
  20.3742017  20.30422135 20.03831356 19.8907344  20.61716796 20.55197347
  20.39076512 20.45488834]
[19.80318367 19.52084423 20.34647503 20.03376422 19.49837971 20.06215287
  20.45644663 19.83265399 20.56079402 20.37478828 20.00267523 19.18518086
  19.9239315  19.9420554  20.23993918 20.1013693  19.73151976 20.70065802
  20.32642741 29.75072516 19.96130931 20.41002636 20.09264467 19.63147594
  20.05864193 19.6826439  19.9568253  20.3486411  20.67778899 20.44189636
  20.02155312 19.95378259 19.94489056 20.0611096  19.80976457 20.43085205
  20.07378576 19.73362396 20.05395307 20.24623442 19.5021836  20.44005365
  20.30111982 20.35063216 19.86375632 19.65967004 20.05302231 20.47263999
  20.03798045 20.03350447]
[19.64649555 19.56476706 20.05715518 20.13249585 19.02520204 19.7875476
  20.05640485 19.59019424 20.09927486 20.0185973  19.8388648  19.15990393
  19.44574477 19.97985054 20.01720822 19.92239269 19.78971221 20.06185852
  20.10749992 19.96130931 29.62546807 20.25487502 19.89618242 19.80173491
  19.66548227 19.33177039 20.00108618 20.37134832 20.41226586 19.97767558
  19.78278277 19.76213287 19.43751525 20.28342047 19.72444437 20.26167768
  19.58535708 19.62687451 19.78195938 20.00565205 19.58335799 20.04370853
  20.07848105 19.99912413 19.73217492 19.16680207 20.0069512  20.15669883
  19.44468285 19.86122473]
[20.49811307 20.00253889 20.68895871 20.26256756 19.57466264 20.37469347
  20.89089625 20.7280225  20.67692328 20.6377616  20.34332409 20.09770993
  20.49156654 20.52263672 20.914653   20.43006171 20.26437939 20.86183261
  20.728503   20.41002636 20.25487502 30.61256796 20.35460423 20.24574055
  20.11801338 19.96904368 20.23599929 20.97822532 20.82194133 20.71024622
  20.08968365 20.48418378 20.550025   20.55540672 20.64041915 21.01815359
  20.74890412 19.92924921 20.20274768 20.40680215 20.11813632 20.82496323
  20.74745356 20.6814536  19.99065879 19.8923721  20.71286807 20.52037797
  19.7978511  20.89610969]
[19.76178544 19.84510248 20.39036204 20.12447942 19.75247669 20.26799419
  20.57740884 20.44586831 20.45079376 20.38259571 19.98113267 19.62916246
  19.81951399 20.19175354 19.97804995 19.68446339 19.75240332 20.82716179
  20.77109819 20.09264467 19.89618242 20.35460423 30.03124951 19.92032218
  20.26754181 19.77146803 19.85533286 20.96758618 20.30984957 20.55306809
  19.92953966 19.78485928 20.10118549 20.53106804 19.8864041  20.71968486
  19.91352776 19.97017926 20.03683752 20.2694332  19.67575713 20.30766739
  20.70888246 20.26906533 19.99857537 19.72790614 20.26742295 20.57867175
  20.10958864 20.01241761]
[19.70618397 19.7464734  19.50789345 20.08443356 19.03229663 19.79362846
  20.02451685 19.93077305 20.34240331 20.10345921 19.47529783 19.18760583
  19.87232211 20.26686049 19.94290812 19.67427603 19.32892569 20.2659864
  20.32847616 19.63147594 19.80173491 20.24574055 19.92032218 29.12279321
  19.4417717  19.13884544 19.39610149 20.14526444 20.33497301 20.00119398
  19.82548313 19.43276559 19.21239028 20.11645025 19.90888611 20.5181977
  19.7880599  19.46036597 19.78947853 20.0790445  19.79350388 19.69088059
  20.03065162 20.10190231 19.34625652 19.13797101 19.86953235 20.00806662
  19.59633164 19.78616455]
[20.11713394 19.61591502 20.05320919 19.92039019 19.44343277 19.9838172
  20.37211867 20.22211606 20.20511571 20.48252692 19.81480492 19.33270704
  20.20429596 20.55447297 19.97033838 19.85756869 19.6952533  20.45686108
  20.27864263 20.05864193 19.66548227 20.11801338 20.26754181 19.4417717
  29.80790081 19.69408579 19.65059825 20.10488262 20.59840736 20.45660075
  19.98527864 19.82046029 19.81812249 19.94643506 19.3980225  20.43949279
  19.79833443 19.93803699 20.02579718 20.24711873 19.42549221 20.14461929
  20.28015947 20.4531806  19.78298049 19.41428378 20.35389617 20.54152732
  19.44453808 19.96197293]
[19.39484328 19.21051309 19.99152838 19.5125064  18.81301651 19.36804354
  20.09350913 19.83106032 20.1328284  20.13059267 19.73889022 18.91162794
  19.63068002 19.84429494 19.8760136  19.45665435 19.33966096 19.96526991
  20.02581306 19.6826439  19.33177039 19.96904368 19.77146803 19.13884544
  19.69408579 29.63338526 19.10079569 20.32972689 19.83490346 19.93896613
  19.02191029 19.77595988 19.23445611 19.92392386 19.61894373 19.93749902
  19.46004177 19.35859369 19.39015284 19.57795472 19.34191894 19.5729732
  19.62354461 19.91802576 19.44357172 19.02270238 19.82221457 19.59620589
  19.30764753 19.39667744]
[19.46779159 19.4842756  20.29861301 19.82137531 19.25461109 19.63328441
  20.02112419 19.783599   20.16113862 20.10742211 20.03016445 18.90845499
  19.61419388 19.96757874 19.95399091 19.68787993 19.11199103 20.30140547
  20.16631564 19.9568253  20.00108618 20.23599929 19.85533286 19.39610149
  19.65059825 19.10079569 29.10991772 20.56779744 20.21970347 20.12845908
  19.34098415 19.45536065 19.62906941 19.98682677 19.70184071 20.42196745
  19.47387811 19.595045   20.43642315 19.74830327 19.78422366 20.2203405
  19.88450404 19.91599462 19.69407555 19.37728828 19.65514947 20.01227044
  19.19008906 19.94825086]
[20.4754709  20.28913433 20.64215192 20.51432809 20.23489603 20.86875321
  20.53775199 20.9534236  21.15774938 20.78080134 20.37613632 19.85144539
  20.82612967 21.02193931 21.23781136 20.74173277 20.12509807 20.77907731
  20.57173911 20.3486411  20.37134832 20.97822532 20.96758618 20.14526444
  20.10488262 20.32972689 20.56779744 31.4115695  21.05855814 20.93742526
  20.7248284  20.36654874 20.2140665  20.73407875 20.39763707 20.98704232
  20.32595524 20.10938482 20.4816133  20.65064828 20.59802642 20.95257001
  20.52559616 20.95591867 20.58142472 20.02554713 20.82261308 20.65704497
  20.5534203  20.93057411]
[20.03671688 20.21195398 20.75727624 20.45306189 19.34578478 20.42640358
  21.40193962 20.59788416 20.82184602 20.52025145 20.36320733 19.34462816
  20.0274167  20.70958023 20.6839673  20.57474956 19.91087283 21.02776743
  20.88479656 20.67778899 20.41226586 20.82194133 20.30984957 20.33497301
  20.59840736 19.83490346 20.21970347 21.05855814 30.37704119 20.73898465
  20.41874597 20.199092   20.30802326 20.40991107 20.1173744  20.87002273
  20.17199571 20.19612536 20.47514744 20.3631623  20.19782567 20.80757535
  20.50792661 20.80552245 20.05989642 19.88246478 20.8679257  20.65252466
  20.58691252 20.10530875]
[20.21751051 19.94578297 20.52300002 20.39847922 19.89448381 20.13166398
  20.64895393 20.59769955 20.61775993 20.73232158 20.44789977 19.83655227
  20.38784177 20.52227942 20.52656935 20.56798205 19.62634604 21.00977779
  20.68111901 20.44189636 19.97767558 20.71024622 20.55306809 20.00119398
  20.45660075 19.93896613 20.12845908 20.93742526 20.73898465 30.12420312
  20.11582124 20.06675613 20.11501127 20.55787551 20.21568755 21.28139908
  20.26386657 20.61588313 20.3936472  20.527446   20.22537262 20.39289062
  20.50291423 20.73744547 19.97110767 19.73992661 20.49961971 20.53346292
  19.93770224 20.32546072]
[19.64068483 19.60619813 20.28700446 20.05282492 19.26753039 19.89702667
  20.36888132 20.24841138 20.06698327 20.11353558 20.16673813 19.15246475
  19.9429488  20.06120066 20.25172863 19.61460469 19.51428271 20.50943289
  19.91832526 20.02155312 19.78278277 20.08968365 19.92953966 19.82548313
  19.98527864 19.02191029 19.34098415 20.7248284  20.41874597 20.11582124
  29.87626711 19.5037705  19.90834696 19.95587677 19.83086905 20.21210211
  19.85184715 20.11673496 20.04900907 19.77507447 19.5550965  20.05123607
  20.08481014 20.2466617  19.76315847 19.74550149 20.26447329 20.00477338
  19.92988477 19.89864019]
[19.8277438  19.87644072 20.50424494 19.68081007 19.39755723 19.62738828
  20.45060717 19.79805436 19.80699286 20.0741791  19.64034781 19.45423536
  19.77185098 20.44815524 20.34782134 19.87071292 19.35593288 20.21540874
  20.42844208 19.95378259 19.76213287 20.48418378 19.78485928 19.43276559
  19.82046029 19.77595988 19.45536065 20.36654874 20.199092   20.06675613
  19.5037705  29.24628746 19.69593787 20.09921464 20.21643198 20.28818917
  19.4010407  19.71308818 19.84186806 20.02843193 19.62670469 20.18857886
  19.76139123 19.76154525 19.90209546 19.21826111 20.05862465 19.70174898
  19.4519949  19.81175493]
[19.569627   19.24969643 20.04496662 19.63342291 18.99047055 19.73540237
  20.43601638 19.65968769 20.0146402  20.0973261  19.76438224 18.99832543
  19.86452723 19.61295157 19.69184281 19.85288485 19.16353915 20.59530135
  20.09658759 19.94489056 19.43751525 20.550025   20.10118549 19.21239028
  19.81812249 19.23445611 19.62906941 20.2140665  20.30802326 20.11501127
  19.90834696 19.69593787 29.47434133 20.00466462 19.08474075 20.65241966
  19.66798179 19.7947732  19.86374494 20.07207582 19.41879292 19.8531992
  19.67542579 19.84031828 19.54575209 19.36059211 20.38539994 20.04335993
  19.38331507 19.94623711]
[19.83046048 19.97118273 20.40842132 20.21153483 19.83786134 19.89081199
  20.46449723 20.06498578 19.96164949 20.56781084 20.22485617 19.44420851
  20.04155725 20.59230209 20.4525309  20.42732728 20.02975679 20.63841564
  20.43599466 20.0611096  20.28342047 20.55540672 20.53106804 20.11645025
  19.94643506 19.92392386 19.98682677 20.73407875 20.40991107 20.55787551
  19.95587677 20.09921464 20.00466462 29.94811015 19.91595881 20.87260202
  20.20813445 20.03294964 20.40658346 20.09123924 19.7616911  20.11856872
  20.27861508 20.42377659 20.10778946 19.59488673 20.73578606 20.62828113
  19.76408905 20.13171489]
[19.75759238 19.58421888 20.52195126 19.6384696  19.14240465 19.38926243
  20.36901321 19.91627586 19.89976486 20.36895873 19.7108909  19.05940004
  19.43976094 19.69144172 20.40674118 19.85079744 19.71197125 20.27762074
  20.12414052 19.80976457 19.72444437 20.64041915 19.8864041  19.90888611
  19.3980225  19.61894373 19.70184071 20.39763707 20.1173744  20.21568755
  19.83086905 20.21643198 19.08474075 19.91595881 29.57969866 20.27686192
  19.89561287 19.79859457 19.71283591 20.19209829 19.53326063 20.20321124
  19.80659965 20.0546524  19.59910298 19.47475141 19.76411649 20.19229087
  19.46137668 19.89010473]
[20.50792207 20.05616604 21.10567183 20.97717779 19.93169418 20.38552283
  20.9088439  20.61064176 20.52399664 20.86049833 20.69575213 19.79535499
  20.24878478 20.95479209 20.4709771  20.55623512 19.88588378 21.126961
  21.08395361 20.43085205 20.26167768 21.01815359 20.71968486 20.5181977
  20.43949279 19.93749902 20.42196745 20.98704232 20.87002273 21.28139908
  20.21210211 20.28818917 20.65241966 20.87260202 20.27686192 30.99069895
  20.34079444 21.08308787 20.36408393 20.5771539  20.46647409 20.39694042
  20.32636901 20.77689037 20.11198803 19.65194431 21.13113166 20.54178108
  20.32850623 20.43210695]
[19.47268217 19.31717262 19.92466464 19.93546636 19.48145018 19.88097617
  20.29215125 19.97849558 20.19911647 20.2977127  19.48316226 19.22606156
  19.74170844 19.43472393 19.99353019 19.72250759 19.31748223 20.28205287
  20.29704238 20.07378576 19.58535708 20.74890412 19.91352776 19.7880599
  19.79833443 19.46004177 19.47387811 20.32595524 20.17199571 20.26386657
  19.85184715 19.4010407  19.66798179 20.20813445 19.89561287 20.34079444
  29.50394161 20.03877501 19.91838489 19.79390391 19.43347079 19.91194829
  19.87848145 20.29900465 19.36189264 19.60821386 19.78787663 20.31960555
  19.42774135 19.75253531]
[19.7424843  19.83535452 19.93797704 20.16744453 19.34792429 19.73247299
  20.60764101 20.10199859 19.88303772 20.07109112 20.10614729 19.16258214
  19.8085153  20.2374602  19.9136072  19.9457362  19.29201644 20.6209448
  20.17939615 19.73362396 19.62687451 19.92924921 19.97017926 19.46036597
  19.93803699 19.35859369 19.595045   20.10938482 20.19612536 20.61588313
  20.11673496 19.71308818 19.7947732  20.03294964 19.79859457 21.08308787
  20.03877501 29.90639567 20.04359943 20.43070921 19.82935318 19.88115455
  20.2563513  20.42107986 19.55991716 19.41748612 19.87815646 19.85578353
  19.59500367 19.89461485]
[20.10734926 19.59453156 20.42400813 20.12328139 19.82845877 20.12265551
  20.68315788 20.17074928 20.14558111 20.34584269 19.91750176 19.55268326
  19.94790225 20.11157224 20.21997361 20.12021918 19.6046495  20.79755936
  20.64005318 20.05395307 19.78195938 20.20274768 20.03683752 19.78947853
  20.02579718 19.39015284 20.43642315 20.4816133  20.47514744 20.3936472
  20.04900907 19.84186806 19.86374494 20.40658346 19.71283591 20.36408393
  19.91838489 20.04359943 29.68779009 20.02357187 19.50321355 20.06726334
  20.13883324 20.58188929 19.95292611 19.80468721 20.20469835 20.55613817
  19.83668852 20.13209743]
[20.29837645 19.89750514 20.32745063 20.41773704 19.00202172 20.09375626
  20.70473366 20.2334077  20.54893429 20.49101358 19.79324312 19.17423697
  19.76098852 20.16233802 20.11442884 20.10435791 19.71669613 20.48376727
  20.68571355 20.24623442 20.00565205 20.40680215 20.2694332  20.0790445
  20.24711873 19.57795472 19.74830327 20.65064828 20.3631623  20.527446
  19.77507447 20.02843193 20.07207582 20.09123924 20.19209829 20.5771539
  19.79390391 20.43070921 20.02357187 30.25802922 19.66686938 20.33436073
  19.96950831 20.19377816 19.9630379  19.2979656  20.36880854 20.28678154
  19.76487477 19.84232393]
[19.5599049  19.66843593 19.93734592 19.97877622 19.20593716 19.73177522
  20.09221031 20.29361456 20.03942694 20.3369047  19.72965523 19.20535652
  19.46274934 20.10759964 19.90852761 19.79347558 19.48323035 20.54593082
  20.26243691 19.5021836  19.58335799 20.11813632 19.67575713 19.79350388
  19.42549221 19.34191894 19.78422366 20.59802642 20.19782567 20.22537262
  19.5550965  19.62670469 19.41879292 19.7616911  19.53326063 20.46647409
  19.43347079 19.82935318 19.50321355 19.66686938 28.8646599  19.94443392
  19.63576394 20.14164201 19.7297497  19.22337135 19.93606427 19.61462221
  19.72701382 19.96086222]
[20.03924301 19.95679183 20.15185847 20.03184733 19.36804825 20.16427799
  20.65485016 20.34558863 20.21497241 20.49869216 20.01190522 19.55404806
  19.91535119 20.31701995 20.550404   20.2234814  19.92204708 20.22488664
  20.25431659 20.44005365 20.04370853 20.82496323 20.30766739 19.69088059
  20.14461929 19.5729732  20.2203405  20.95257001 20.80757535 20.39289062
  20.05123607 20.18857886 19.8531992  20.11856872 20.20321124 20.39694042
  19.91194829 19.88115455 20.06726334 20.33436073 19.94443392 30.04144385
  20.12599309 20.4509389  19.94157657 19.72746171 20.72485069 20.24032801
  19.74326061 20.19981919]
[20.38923046 19.61733271 20.08084445 20.23932725 19.54185312 19.96307279
  19.96119429 19.91847776 20.24896202 20.44356129 20.25697465 19.38008625
  19.81376126 20.24272107 20.17768167 19.91637669 19.46121881 20.86369502
  20.3742017  20.30111982 20.07848105 20.74745356 20.70888246 20.03065162
  20.28015947 19.62354461 19.88450404 20.52559616 20.50792661 20.50291423
  20.08481014 19.76139123 19.67542579 20.27861508 19.80659965 20.32636901
  19.87848145 20.2563513  20.13883324 19.96950831 19.63576394 20.12599309
  29.75512984 20.00532789 20.00218107 19.43120381 19.94958    20.34742651
  19.66786006 20.01393153]
[20.07302009 20.01592888 20.53946556 20.36207423 19.74042027 19.7923459
  21.03994952 20.47484355 20.0792095  20.46948221 20.25614392 19.91411684
  20.1969639  20.72019858 20.50343534 20.56920093 19.51330975 20.80210788
  20.30422135 20.35063216 19.99912413 20.6814536  20.26906533 20.10190231
  20.4531806  19.91802576 19.91599462 20.95591867 20.80552245 20.73744547
  20.2466617  19.76154525 19.84031828 20.42377659 20.0546524  20.77689037
  20.29900465 20.42107986 20.58188929 20.19377816 20.14164201 20.4509389
  20.00532789 30.13919402 19.69612303 19.61103843 20.30489949 20.60186409
  19.37031311 20.34583189]
[19.89928882 19.24801665 19.84094962 19.98711874 18.92389079 19.81778089
  19.97222068 19.63057215 20.2358134  20.19748673 19.88139464 19.04959306
  19.39447528 19.6605669  20.11652005 19.59511908 19.63598379 20.24413812
  20.03831356 19.86375632 19.73217492 19.99065879 19.99857537 19.34625652
  19.78298049 19.44357172 19.69407555 20.58142472 20.05989642 19.97110767
  19.76315847 19.90209546 19.54575209 20.10778946 19.59910298 20.11198803
  19.36189264 19.55991716 19.95292611 19.9630379  19.7297497  19.94157657
  20.00218107 19.69612303 29.13973773 19.21178854 19.83352793 19.9822243
  19.45666012 19.63683005]
[19.45083338 19.00327469 19.54562848 19.68640537 18.90176996 19.09426658
  19.7750008  19.7910903  19.88210405 20.2038308  19.47055577 18.87677948
  19.15181999 19.47679792 20.05092575 19.63205823 19.23271004 19.95441509
  19.8907344  19.65967004 19.16680207 19.8923721  19.72790614 19.13797101
  19.41428378 19.02270238 19.37728828 20.02554713 19.88246478 19.73992661
  19.74550149 19.21826111 19.36059211 19.59488673 19.47475141 19.65194431
  19.60821386 19.41748612 19.80468721 19.2979656  19.22337135 19.72746171
  19.43120381 19.61103843 19.21178854 28.72340948 19.72108935 19.82511788
  19.13902437 19.4251642 ]
[20.18492313 20.04754692 20.52742799 20.44603646 18.92637325 20.13421827
  20.63143918 20.35513696 20.5313853  20.57854815 20.23539643 19.34496266
  20.01434933 20.28229345 20.21273307 20.05336668 20.11474299 21.03517726
  20.61716796 20.05302231 20.0069512  20.71286807 20.26742295 19.86953235
  20.35389617 19.82221457 19.65514947 20.82261308 20.8679257  20.49961971
  20.26447329 20.05862465 20.38539994 20.73578606 19.76411649 21.13113166
  19.78787663 19.87815646 20.20469835 20.36880854 19.93606427 20.72485069
  19.94958    20.30489949 19.83352793 19.72108935 29.93227753 19.9449879
  19.70379544 20.04645365]
[20.26866974 19.84755469 20.43603017 20.4833426  19.62800868 20.43483123
  20.47206976 20.38069696 20.04161604 20.37601725 20.49025388 19.39254458
  20.14352929 20.32412421 19.94402881 20.52168587 19.7504722  20.80755144
  20.55197347 20.47263999 20.15669883 20.52037797 20.57867175 20.00806662
  20.54152732 19.59620589 20.01227044 20.65704497 20.65252466 20.53346292
  20.00477338 19.70174898 20.04335993 20.62828113 20.19229087 20.54178108
  20.31960555 19.85578353 20.55613817 20.28678154 19.61462221 20.24032801
  20.34742651 20.60186409 19.9822243  19.82511788 19.9449879  30.67950988
  19.88227528 20.36355585]
[19.95563231 19.61755852 19.95456299 19.51170878 19.04494199 19.90612349
  20.11026784 19.95759195 20.15331296 20.09323743 19.89135939 19.34274911
  19.63491619 20.12110673 19.63941542 19.7528131  19.41779758 20.21652463
  20.39076512 20.03798045 19.44468285 19.7978511  20.10958864 19.59633164
  19.44453808 19.30764753 19.19008906 20.5534203  20.58691252 19.93770224
  19.92988477 19.4519949  19.38331507 19.76408905 19.46137668 20.32850623
  19.42774135 19.59500367 19.83668852 19.76487477 19.72701382 19.74326061
  19.66786006 19.37031311 19.45666012 19.13902437 19.70379544 19.88227528
  29.01566879 19.68860696]
[19.7454209  19.60132435 19.98534693 20.27951985 19.46206956 19.96458425
  20.56030574 20.71118024 19.8797952  19.95758663 20.06379527 19.76797462
  19.95742465 20.35719413 20.11649516 20.38477725 19.58715786 20.51036092
  20.45488834 20.03350447 19.86122473 20.89610969 20.01241761 19.78616455
  19.96197293 19.39667744 19.94825086 20.93057411 20.10530875 20.32546072
  19.89864019 19.81175493 19.94623711 20.13171489 19.89010473 20.43210695
  19.75253531 19.89461485 20.13209743 19.84232393 19.96086222 20.19981919
  20.01393153 20.34583189 19.63683005 19.4251642  20.04645365 20.36355585
  19.68860696 29.3227614 ]
]