8576
50
10
27.242884688709246

[0.04504881 0.0913971  0.02274571 0.02445113 0.04743071 0.08124447
 0.09136805 0.02435484 0.08483964 0.09786406 0.04648023 0.06196767
 0.08656968 0.09112891 0.04732501 0.05180854 0.09510228 0.07327076
 0.08240944 0.07951093 0.05798969 0.0644421  0.04654741 0.07890588
 0.0911661  0.07784172 0.04294197 0.02194349 0.06411983 0.05788959
 0.07820417 0.05521857 0.0427098  0.05368262 0.05247685 0.08798818
 0.0848812  0.07862634 0.05018974 0.092321   0.06820582 0.05570149
 0.06884385 0.08660545 0.06754161 0.0492381  0.05256371 0.05991245
 0.05030571 0.06275516]

[[29.33505321 20.21529661 20.37980365 19.63055562 19.71063707 19.73685097
  19.39783685 19.78813867 19.79486974 19.88025676 19.78857166 19.3796674
  19.76511525 19.73664305 19.31445596 20.44968505 20.21639768 20.21977117
  19.3630845  20.07550674 19.72558137 19.41053141 19.61579552 20.65831872
  20.38144309 20.30419311 20.54412325 19.78239377 19.80796933 20.01782281
  20.44729327 20.19610838 19.13856333 20.04478147 20.07478582 20.2451258
  20.06311989 20.12642425 20.11214139 20.26935789 19.67223935 19.72294686
  19.52647373 19.12043623 20.04941532 19.66293938 19.89309663 20.05906126
  19.8350124  19.71649593]
[20.21529661 30.82837284 21.11359239 20.57675865 20.45838199 20.95885316
  20.30347343 20.63466096 20.54351301 20.39974535 20.63016161 20.14527513
  20.15822204 20.21289733 20.09128438 21.2368055  20.72277579 20.87983266
  20.33223817 20.52015309 19.96899741 20.7020546  20.43977531 21.38236041
  20.92849864 21.07089028 20.80803848 20.96803833 20.31365386 20.93733197
  20.93945342 20.70303215 19.89833093 20.60930514 20.76186886 20.38756848
  20.7844132  20.68395181 20.86073277 20.5435349  20.80314167 20.19664513
  20.38411826 19.76559624 20.7036692  20.37818228 20.51818643 20.75355019
  20.07697097 20.50447373]
[20.37980365 21.11359239 30.1889405  20.18559482 20.40108437 20.06542457
  20.11536027 20.21661368 20.14951074 20.33072518 20.11296545 19.87373733
  20.4753983  20.27182159 19.90695791 20.93842685 20.68823398 20.42583895
  20.27191536 20.51033652 20.56236771 19.83182042 20.01208763 20.72777121
  20.73803143 20.80897326 20.69853529 20.36883922 20.10536289 20.44901651
  20.78624833 20.56716473 19.51281499 20.17619646 20.53717794 20.38611524
  20.49951025 20.37646918 20.33514926 20.37247288 20.45031884 20.18841373
  20.40591198 19.93076866 20.26091771 20.47605241 19.82582068 20.30421849
  19.95901772 20.12274254]
[19.63055562 20.57675865 20.18559482 29.75920533 19.66447863 19.68555834
  19.69883831 19.77376347 19.81341284 20.04313158 19.90313768 19.11711734
  19.8366704  19.56829705 19.51351553 20.02062033 20.22384347 20.4430829
  19.38512546 19.95313532 20.05683374 19.93350873 19.79344651 20.40069421
  20.68054471 20.21113072 20.17948293 20.36108289 19.87767523 20.24165402
  20.09744238 19.83445479 19.33130435 20.01013743 19.98179967 19.62088638
  20.0616572  19.89195738 20.33387614 20.05975596 19.88900466 19.59890329
  19.56522352 19.04909168 20.16561122 20.24144156 19.52410686 20.16952172
  19.29456778 19.45392463]
[19.71063707 20.45838199 20.40108437 19.66447863 29.72314378 19.96803526
  19.78814017 19.90180016 19.85437775 20.28716607 19.62107834 19.47450121
  20.19536187 19.3704537  19.25713628 19.97281896 20.09926152 20.2518562
  19.5275438  19.791408   19.9718423  19.82897621 19.80392223 20.1683556
  20.01554353 20.15057726 20.05160794 20.40882635 19.35473178 19.8497383
  19.70357241 20.009833   19.02341667 19.69789144 20.42856775 19.52125863
  20.05240407 20.02836762 19.69558744 19.99463424 19.88913956 19.865894
  19.59378407 19.54575358 19.99302939 19.68587219 19.58296551 19.37987595
  19.39851797 19.49728117]
[19.73685097 20.95885316 20.06542457 19.68555834 19.96803526 30.76266239
  20.0094821  20.31226287 20.11424492 20.10660412 20.0854142  19.53460623
  20.18307809 19.87090285 19.67736208 20.69380663 19.97231194 20.49135272
  20.31801227 19.94070296 20.12272123 19.83922694 20.25027195 21.22749019
  20.4839584  20.68009952 20.23137745 20.67766851 19.99788641 20.6211174
  20.87959545 20.64562397 19.67748068 20.04494369 20.64213787 20.08812879
  20.09831948 20.43353205 20.25698801 20.43602658 20.40734987 19.75534849
  20.28514265 19.98088049 20.21796023 19.82738575 20.44267985 20.33516653
  19.65225086 20.05392418]
[19.39783685 20.30347343 20.11536027 19.69883831 19.78814017 20.0094821
  29.15618349 19.88875904 19.39309791 19.74653532 19.3550183  19.05697109
  19.33304751 19.31594677 19.41513749 20.09827516 19.82880526 19.9193975
  19.59676114 19.88069635 20.05068274 19.60036227 19.7868651  20.29914606
  19.78263254 20.87696562 19.80778661 20.27015473 19.41119567 19.73334376
  20.04798097 19.97229612 19.28584774 19.42485313 20.0557089  19.46136556
  19.78984334 20.03305139 20.10368708 20.03318575 19.85700376 19.41636668
  19.73010636 19.31151086 20.02685209 19.76194033 19.95891356 20.05196673
  19.02245785 19.19508697]
[19.78813867 20.63466096 20.21661368 19.77376347 19.90180016 20.31226287
  19.88875904 29.89694363 20.08510906 20.25474654 19.85027255 19.30392374
  19.5908     19.84683566 19.77995458 20.42125646 20.36388068 20.3509182
  19.90877208 20.05121097 19.82042843 20.14029322 20.20194388 20.54077016
  20.3661519  20.45006667 20.54752143 19.99914592 19.74608189 20.27346056
  20.15670695 19.85106249 19.43551599 20.06264487 20.64923919 20.07623316
  19.7647088  20.5326326  20.19631826 20.4372341  20.089887   19.95506781
  19.81321573 19.61673461 20.17173372 19.99742205 19.95944692 20.25911021
  19.66362155 20.02234341]
[19.79486974 20.54351301 20.14951074 19.81341284 19.85437775 20.11424492
  19.39309791 20.08510906 29.684452   19.91079987 20.07214505 19.63317658
  20.03954899 19.75705311 19.33110919 20.17653466 20.04892866 20.60544096
  19.37325179 19.66373381 19.95520435 20.05089581 19.77363843 20.64740291
  20.45125682 20.21464556 20.36880298 20.16530864 19.87507742 20.55807765
  20.2936367  19.92493483 19.60083266 19.7959123  20.32417871 19.68644734
  19.74116601 20.30851053 19.92798571 20.20379744 20.14730861 19.59303197
  19.85200051 19.44783979 19.83669129 20.10691993 19.80102666 20.16156497
  19.2760359  19.6580174 ]
[19.88025676 20.39974535 20.33072518 20.04313158 20.28716607 20.10660412
  19.74653532 20.25474654 19.91079987 29.5793974  19.93995792 19.23728444
  19.69858815 19.98813822 19.61862561 20.4329001  20.84626298 20.62415422
  19.81103605 20.08985379 19.83927048 19.81258357 19.87852294 20.65204953
  20.82308875 20.60411648 20.58945217 20.17529007 19.5766483  20.26754811
  20.60952892 20.26271102 19.38600511 20.08599607 20.59272392 19.96885358
  20.19989941 20.09363214 20.17915794 20.7161819  20.32674418 20.1462919
  19.88991579 19.71894098 20.44190985 19.79457486 20.13902503 20.26198707
  19.73732418 19.85462456]
[19.78857166 20.63016161 20.11296545 19.90313768 19.62107834 20.0854142
  19.3550183  19.85027255 20.07214505 19.93995792 29.81174076 19.33908045
  19.57760026 19.73761172 19.73821214 20.2888815  20.19067916 20.43008332
  20.01038975 19.60622529 20.24375462 19.79740464 19.88454012 20.07908986
  20.22030909 20.53959969 20.12176181 19.85374889 19.81675772 20.09302269
  20.60777    20.08764629 19.09203337 19.86649644 20.06444934 19.75958116
  20.16585752 19.66910561 20.17017938 20.09645754 20.04183401 19.91710797
  19.68834482 19.38063425 20.15891707 19.98346794 19.94783254 20.59949514
  19.42291262 19.24534913]
[19.3796674  20.14527513 19.87373733 19.11711734 19.47450121 19.53460623
  19.05697109 19.30392374 19.63317658 19.23728444 19.33908045 28.20029435
  18.66009114 18.88619618 18.73459047 19.73080698 19.45311797 19.52933132
  18.98700565 19.4853031  19.42774611 18.97692098 19.25834332 20.16828914
  19.30717265 19.56179983 19.8719022  19.78839246 19.09842201 19.27144903
  19.54438625 19.57159536 18.71418521 19.39312794 19.58956823 19.48152778
  19.27170894 19.30897397 19.43824439 19.50366261 19.40809313 18.93465872
  19.16925639 18.86871944 19.2755251  19.01123731 19.18351617 19.51082197
  18.93152605 19.47218227]
[19.76511525 20.15822204 20.4753983  19.8366704  20.19536187 20.18307809
  19.33304751 19.5908     20.03954899 19.69858815 19.57760026 18.66009114
  29.57137647 19.0144801  19.44377263 19.82309474 20.09291497 20.26565343
  19.43433331 19.9792262  19.93129537 19.09023914 19.82448192 20.41350795
  20.06100406 19.94537619 19.97117551 20.10594197 19.55005052 20.08030912
  19.98456545 19.96495581 19.09793383 19.34286387 19.99835901 19.7071979
  19.68774342 19.51721527 19.85780753 20.01348049 20.10335386 19.46000747
  19.80301053 19.22327403 20.01483135 19.73666378 19.48326262 19.91220789
  19.36024828 19.27860112]
[19.73664305 20.21289733 20.27182159 19.56829705 19.3704537  19.87090285
  19.31594677 19.84683566 19.75705311 19.98813822 19.73761172 18.88619618
  19.0144801  29.90708972 19.12547503 19.87411849 19.86702632 20.10249167
  19.56326559 19.88125218 19.40035614 19.54212837 19.70767537 20.1175565
  20.16242125 19.93703504 20.10448734 19.94505061 19.48332257 19.91317447
  19.78150571 19.83202667 18.95775821 19.20608573 19.8994383  19.67899672
  19.77577376 19.70209727 20.23429031 20.16171125 19.47764662 19.34800495
  19.70871527 18.99154152 19.4430062  19.67279203 19.67323642 20.02470628
  19.0798409  19.27356216]
[19.31445596 20.09128438 19.90695791 19.51351553 19.25713628 19.67736208
  19.41513749 19.77995458 19.33110919 19.61862561 19.73821214 18.73459047
  19.44377263 19.12547503 28.78405215 20.3091984  19.59444272 19.99769153
  19.26887134 19.9028735  19.66721538 19.23096161 19.57358176 20.42071801
  19.97221195 20.13097944 19.88114606 19.47495171 19.12739818 19.50119795
  19.92252121 19.75917231 19.05265496 19.54244621 19.74038041 19.38400103
  19.46434614 19.84323173 19.82438749 19.80221515 19.55329812 19.26566353
  19.4940246  18.60003257 19.75359818 19.54581003 19.47748032 19.62235597
  19.35111903 19.36676083]
[20.44968505 21.2368055  20.93842685 20.02062033 19.97281896 20.69380663
  20.09827516 20.42125646 20.17653466 20.4329001  20.2888815  19.73080698
  19.82309474 19.87411849 20.3091984  30.304753   20.62803646 20.8323925
  20.04989944 20.40760849 20.28244304 20.01317333 20.23199969 21.14962784
  20.90899597 20.83180448 20.34437047 20.53952731 20.56176065 20.44361648
  20.49712613 20.65329901 19.60295197 20.46875485 20.88827889 20.30402112
  20.57397061 20.53603942 20.21513711 20.72714207 20.35274964 20.3580187
  20.14686629 19.89180448 20.2367371  20.36846917 20.33497866 20.60106445
  20.31601597 20.04714391]
[20.21639768 20.72277579 20.68823398 20.22384347 20.09926152 19.97231194
  19.82880526 20.36388068 20.04892866 20.84626298 20.19067916 19.45311797
  20.09291497 19.86702632 19.59444272 20.62803646 30.55574002 20.47882789
  20.36845579 20.7492465  20.06815791 19.96826732 20.03120162 21.02435203
  20.96912437 20.64239994 20.70984411 20.35488113 20.1671807  20.75465189
  20.35810872 20.31909433 19.65836909 20.21178619 20.31274976 20.21368863
  20.14248565 20.18417501 20.4294635  20.17348787 20.09216798 19.95247199
  19.73374892 19.99444192 20.49254366 20.16097895 20.19644491 20.56089945
  19.91896517 20.42934863]
[20.21977117 20.87983266 20.42583895 20.4430829  20.2518562  20.49135272
  19.9193975  20.3509182  20.60544096 20.62415422 20.43008332 19.52933132
  20.26565343 20.10249167 19.99769153 20.8323925  20.47882789 30.75186749
  20.45670084 20.32073947 20.09987512 19.97516891 20.28884346 21.09684766
  20.84957663 20.70437787 20.59223026 20.62111791 20.41436158 20.29907519
  20.62850807 20.95487719 19.87919873 20.36951346 20.55283405 20.03652422
  20.206906   20.33586564 20.52798581 20.25484281 20.75874757 19.95214327
  20.17377297 20.18403991 20.55102101 20.14182814 20.39680804 20.53660577
  19.90438545 20.47651408]
[19.3630845  20.33223817 20.27191536 19.38512546 19.5275438  20.31801227
  19.59676114 19.90877208 19.37325179 19.81103605 20.01038975 18.98700565
  19.43433331 19.56326559 19.26887134 20.04989944 20.36845579 20.45670084
  29.36192164 20.08867223 19.79888892 19.3949507  19.7069985  20.71244202
  20.49886814 20.36669474 20.15513514 20.04509926 19.96228085 20.32017087
  20.01369584 20.21860146 19.25532127 19.82743205 19.76361041 19.92873168
  19.84067437 20.30043959 19.97964008 20.32909715 20.09387115 20.01519806
  19.73941406 19.0990331  20.20952839 19.05675236 19.75474939 20.1432959
  19.39191628 19.71555044]
[20.07550674 20.52015309 20.51033652 19.95313532 19.791408   19.94070296
  19.88069635 20.05121097 19.66373381 20.08985379 19.60622529 19.4853031
  19.9792262  19.88125218 19.9028735  20.40760849 20.7492465  20.32073947
  20.08867223 29.89841878 20.07037131 19.80312725 19.94532048 20.57922823
  20.42503271 20.19551399 20.80725345 20.46929916 19.70546094 20.29822783
  20.35962992 20.27985746 19.60357639 19.83872798 20.14189998 20.00388708
  19.80201276 19.97540809 20.01441061 20.23258196 19.9121088  19.97420572
  19.61813493 19.30811868 19.96053167 19.80044842 19.96072319 20.34972238
  19.32998368 20.06772652]
[19.72558137 19.96899741 20.56236771 20.05683374 19.9718423  20.12272123
  20.05068274 19.82042843 19.95520435 19.83927048 20.24375462 19.42774611
  19.93129537 19.40035614 19.66721538 20.28244304 20.06815791 20.09987512
  19.79888892 20.07037131 29.11896993 19.32004009 19.88831848 20.83139827
  20.34474607 20.19735999 19.8796866  19.88945677 19.51209517 20.03039086
  20.41767992 20.18867918 19.62534997 19.92225203 20.45929024 20.17167199
  19.99472634 20.08699158 20.03391656 19.92821195 20.18820485 19.74090463
  19.97747305 19.51463016 19.84449304 19.70995718 20.08827952 20.38197822
  19.46829622 19.60977649]
[19.41053141 20.7020546  19.83182042 19.93350873 19.82897621 19.83922694
  19.60036227 20.14029322 20.05089581 19.81258357 19.79740464 18.97692098
  19.09023914 19.54212837 19.23096161 20.01317333 19.96826732 19.97516891
  19.3949507  19.80312725 19.32004009 29.68652274 19.87060722 20.23756535
  20.09976097 20.5579321  20.03682788 19.9565541  19.72284665 19.81918649
  20.35700094 19.93040132 19.191256   19.75266809 19.91488858 19.59836931
  19.95805012 20.06955952 20.01979593 20.34790013 19.58485026 19.69317883
  19.63315262 19.19948315 19.70671807 19.74373086 19.56500206 19.50898616
  19.23702902 19.35342994]
[19.61579552 20.43977531 20.01208763 19.79344651 19.80392223 20.25027195
  19.7868651  20.20194388 19.77363843 19.87852294 19.88454012 19.25834332
  19.82448192 19.70767537 19.57358176 20.23199969 20.03120162 20.28884346
  19.7069985  19.94532048 19.88831848 19.87060722 29.37581321 20.19297829
  20.7427681  20.0948212  20.04945284 19.95709426 19.81067448 20.31833802
  20.26227647 19.84399524 19.51937432 19.9221288  20.09558078 19.69479335
  20.0739107  19.78928786 19.91240422 20.22941798 20.12862227 19.4435604
  19.570916   19.37559965 19.97529732 19.57914145 19.92359671 20.35950836
  19.50758791 19.78576777]
[20.65831872 21.38236041 20.72777121 20.40069421 20.1683556  21.22749019
  20.29914606 20.54077016 20.64740291 20.65204953 20.07908986 20.16828914
  20.41350795 20.1175565  20.42071801 21.14962784 21.02435203 21.09684766
  20.71244202 20.57922823 20.83139827 20.23756535 20.19297829 31.1430049
  20.8413662  21.2537795  20.81763364 20.93776108 20.80352908 20.97837662
  20.94497286 20.77294895 20.05175801 20.82639081 20.92174512 20.70675211
  20.62115572 20.61716688 20.59712432 21.26061185 20.49312402 20.71655923
  20.32899568 19.97360435 20.7720782  20.64293581 20.55769753 20.79384799
  20.03415183 20.22621712]
[20.38144309 20.92849864 20.73803143 20.68054471 20.01554353 20.4839584
  19.78263254 20.3661519  20.45125682 20.82308875 20.22030909 19.30717265
  20.06100406 20.16242125 19.97221195 20.90899597 20.96912437 20.84957663
  20.49886814 20.42503271 20.34474607 20.09976097 20.7427681  20.8413662
  30.89335265 20.81942458 21.1806141  20.35326776 19.98821986 20.95653665
  21.01283507 20.43857058 20.41565419 20.51388402 20.82639314 20.60280098
  20.22368025 20.23393639 20.37857152 20.68681032 20.19846523 20.04089111
  20.18714068 19.63047109 20.4179677  20.26735075 20.4923107  20.8898103
  19.82008907 20.1054848 ]
[20.30419311 21.07089028 20.80897326 20.21113072 20.15057726 20.68009952
  20.87696562 20.45006667 20.21464556 20.60411648 20.53959969 19.56179983
  19.94537619 19.93703504 20.13097944 20.83180448 20.64239994 20.70437787
  20.36669474 20.19551399 20.19735999 20.5579321  20.0948212  21.2537795
  20.81942458 30.55087625 20.78556518 20.5181924  20.49852236 20.47802947
  20.81313411 20.61858804 19.87437909 20.55308162 20.99097936 20.55793304
  20.70494157 20.56767269 20.91993833 20.67855596 20.53592083 20.41965086
  20.13453616 20.12886375 20.72175296 20.57904564 20.50032552 20.77023109
  19.63313203 19.98594819]
[20.54412325 20.80803848 20.69853529 20.17948293 20.05160794 20.23137745
  19.80778661 20.54752143 20.36880298 20.58945217 20.12176181 19.8719022
  19.97117551 20.10448734 19.88114606 20.34437047 20.70984411 20.59223026
  20.15513514 20.80725345 19.8796866  20.03682788 20.04945284 20.81763364
  21.1806141  20.78556518 30.52065991 20.20398404 19.93846613 20.44083753
  20.78166197 20.31554054 19.8041101  20.36429073 20.73481523 20.18507179
  20.10226632 20.61164262 20.58346712 20.51704969 20.66653965 20.0303883
  20.24965405 19.62952659 20.35638764 19.76331676 19.95765876 20.37301731
  19.79944208 20.05413962]
[19.78239377 20.96803833 20.36883922 20.36108289 20.40882635 20.67766851
  20.27015473 19.99914592 20.16530864 20.17529007 19.85374889 19.78839246
  20.10594197 19.94505061 19.47495171 20.53952731 20.35488113 20.62111791
  20.04509926 20.46929916 19.88945677 19.9565541  19.95709426 20.93776108
  20.35326776 20.5181924  20.20398404 29.92304473 20.05243944 20.14571488
  20.53550816 20.10906398 19.90256679 20.23854055 20.27045044 19.94179099
  20.08766789 20.57922084 20.23614289 20.39361901 20.3520456  19.96016967
  19.7533373  19.50401632 20.04287865 19.83936212 19.93699905 20.37569914
  19.43381682 19.47265964]
[19.80796933 20.31365386 20.10536289 19.87767523 19.35473178 19.99788641
  19.41119567 19.74608189 19.87507742 19.5766483  19.81675772 19.09842201
  19.55005052 19.48332257 19.12739818 20.56176065 20.1671807  20.41436158
  19.96228085 19.70546094 19.51209517 19.72284665 19.81067448 20.80352908
  19.98821986 20.49852236 19.93846613 20.05243944 29.20051833 19.71636247
  19.93962214 20.09851123 19.35027491 19.89242673 20.15914762 19.86919079
  19.78808317 19.52146171 20.00366151 20.04391063 19.95115853 19.31298929
  19.37899093 19.49599752 19.51834372 19.89352238 19.44527493 19.99297704
  19.56160518 19.71805492]
[20.01782281 20.93733197 20.44901651 20.24165402 19.8497383  20.6211174
  19.73334376 20.27346056 20.55807765 20.26754811 20.09302269 19.27144903
  20.08030912 19.91317447 19.50119795 20.44361648 20.75465189 20.29907519
  20.32017087 20.29822783 20.03039086 19.81918649 20.31833802 20.97837662
  20.95653665 20.47802947 20.44083753 20.14571488 19.71636247 30.38303177
  20.85470586 20.37014532 19.6034261  20.055459   20.34817873 20.21494605
  20.22782698 19.97142766 20.2468272  20.26782601 20.46988567 20.28292266
  20.12276764 19.73573555 20.70414585 19.90390377 20.18385674 20.47812302
  19.96555101 20.02509495]
[20.44729327 20.93945342 20.78624833 20.09744238 19.70357241 20.87959545
  20.04798097 20.15670695 20.2936367  20.60952892 20.60777    19.54438625
  19.98456545 19.78150571 19.92252121 20.49712613 20.35810872 20.62850807
  20.01369584 20.35962992 20.41767992 20.35700094 20.26227647 20.94497286
  21.01283507 20.81313411 20.78166197 20.53550816 19.93962214 20.85470586
  30.60456074 20.30916393 19.90452804 20.44388955 20.32424345 20.19871657
  20.23030348 20.30701805 20.53194867 20.52212089 20.78615014 20.31365061
  20.18684292 19.95913685 20.19449231 20.37105395 20.25661104 20.73745717
  19.48727059 20.12354933]
[20.19610838 20.70303215 20.56716473 19.83445479 20.009833   20.64562397
  19.97229612 19.85106249 19.92493483 20.26271102 20.08764629 19.57159536
  19.96495581 19.83202667 19.75917231 20.65329901 20.31909433 20.95487719
  20.21860146 20.27985746 20.18867918 19.93040132 19.84399524 20.77294895
  20.43857058 20.61858804 20.31554054 20.10906398 20.09851123 20.37014532
  20.30916393 29.93053443 19.59814791 20.01315012 20.64272961 20.19424558
  20.29426152 20.36690683 20.47723263 20.50026686 19.95114174 20.03347201
  20.25664152 19.83956717 20.120917   19.97251445 19.73868161 20.43674193
  19.79951802 19.90303255]
[19.13856333 19.89833093 19.51281499 19.33130435 19.02341667 19.67748068
  19.28584774 19.43551599 19.60083266 19.38600511 19.09203337 18.71418521
  19.09793383 18.95775821 19.05265496 19.60295197 19.65836909 19.87919873
  19.25532127 19.60357639 19.62534997 19.191256   19.51937432 20.05175801
  20.41565419 19.87437909 19.8041101  19.90256679 19.35027491 19.6034261
  19.90452804 19.59814791 28.31789338 19.76636467 19.49574392 19.28307146
  19.42861841 19.27314821 19.60731999 19.85817098 19.43258262 19.10104052
  19.38525853 19.0191558  19.36633591 19.18541839 19.19202258 19.60870975
  18.88202314 19.17578838]
[20.04478147 20.60930514 20.17619646 20.01013743 19.69789144 20.04494369
  19.42485313 20.06264487 19.7959123  20.08599607 19.86649644 19.39312794
  19.34286387 19.20608573 19.54244621 20.46875485 20.21178619 20.36951346
  19.82743205 19.83872798 19.92225203 19.75266809 19.9221288  20.82639081
  20.51388402 20.55308162 20.36429073 20.23854055 19.89242673 20.055459
  20.44388955 20.01315012 19.76636467 29.27031721 20.35344274 20.31109275
  19.97163812 19.99015324 19.91589838 20.00331192 20.29837095 19.58402547
  19.39076015 19.88356027 20.13987407 19.73490165 19.86873375 20.00139362
  19.54510141 20.01309408]
[20.07478582 20.76186886 20.53717794 19.98179967 20.42856775 20.64213787
  20.0557089  20.64923919 20.32417871 20.59272392 20.06444934 19.58956823
  19.99835901 19.8994383  19.74038041 20.88827889 20.31274976 20.55283405
  19.76361041 20.14189998 20.45929024 19.91488858 20.09558078 20.92174512
  20.82639314 20.99097936 20.73481523 20.27045044 20.15914762 20.34817873
  20.32424345 20.64272961 19.49574392 20.35344274 30.07994442 20.67802246
  20.19721591 20.53152606 20.43646517 20.76498399 20.55571341 19.81013483
  20.22424861 20.11133134 20.47044033 20.2402005  20.17368971 20.59240283
  19.88628737 20.45285523]
[20.2451258  20.38756848 20.38611524 19.62088638 19.52125863 20.08812879
  19.46136556 20.07623316 19.68644734 19.96885358 19.75958116 19.48152778
  19.7071979  19.67899672 19.38400103 20.30402112 20.21368863 20.03652422
  19.92873168 20.00388708 20.17167199 19.59836931 19.69479335 20.70675211
  20.60280098 20.55793304 20.18507179 19.94179099 19.86919079 20.21494605
  20.19871657 20.19424558 19.28307146 20.31109275 20.67802246 29.80777888
  19.85921047 20.27869372 20.01446637 20.48901136 19.72236039 19.72678089
  20.06271909 19.28803259 19.89481703 20.0347042  19.83619328 20.42098328
  19.46003395 19.56397021]
[20.06311989 20.7844132  20.49951025 20.0616572  20.05240407 20.09831948
  19.78984334 19.7647088  19.74116601 20.19989941 20.16585752 19.27170894
  19.68774342 19.77577376 19.46434614 20.57397061 20.14248565 20.206906
  19.84067437 19.80201276 19.99472634 19.95805012 20.0739107  20.62115572
  20.22368025 20.70494157 20.10226632 20.08766789 19.78808317 20.22782698
  20.23030348 20.29426152 19.42861841 19.97163812 20.19721591 19.85921047
  29.84512776 20.13963724 20.39805667 20.09688916 20.07278481 20.00457649
  19.94018969 19.12264836 19.80291263 19.92316691 19.74554617 20.26148904
  19.6325338  20.05156727]
[20.12642425 20.68395181 20.37646918 19.89195738 20.02836762 20.43353205
  20.03305139 20.5326326  20.30851053 20.09363214 19.66910561 19.30897397
  19.51721527 19.70209727 19.84323173 20.53603942 20.18417501 20.33586564
  20.30043959 19.97540809 20.08699158 20.06955952 19.78928786 20.61716688
  20.23393639 20.56767269 20.61164262 20.57922084 19.52146171 19.97142766
  20.30701805 20.36690683 19.27314821 19.99015324 20.53152606 20.27869372
  20.13963724 29.75476902 19.95899254 20.57206215 19.78269882 19.63681713
  19.65754249 19.35084753 19.78643458 19.87039973 19.69756523 20.05634904
  19.18325071 19.68836693]
[20.11214139 20.86073277 20.33514926 20.33387614 19.69558744 20.25698801
  20.10368708 20.19631826 19.92798571 20.17915794 20.17017938 19.43824439
  19.85780753 20.23429031 19.82438749 20.21513711 20.4294635  20.52798581
  19.97964008 20.01441061 20.03391656 20.01979593 19.91240422 20.59712432
  20.37857152 20.91993833 20.58346712 20.23614289 20.00366151 20.2468272
  20.53194867 20.47723263 19.60731999 19.91589838 20.43646517 20.01446637
  20.39805667 19.95899254 29.78367452 20.52073687 20.29406678 19.71209203
  20.19358957 19.68712739 20.3711092  20.31987893 20.11577474 20.6519422
  19.59528291 19.70751797]
[20.26935789 20.5435349  20.37247288 20.05975596 19.99463424 20.43602658
  20.03318575 20.4372341  20.20379744 20.7161819  20.09645754 19.50366261
  20.01348049 20.16171125 19.80221515 20.72714207 20.17348787 20.25484281
  20.32909715 20.23258196 19.92821195 20.34790013 20.22941798 21.26061185
  20.68681032 20.67855596 20.51704969 20.39361901 20.04391063 20.26782601
  20.52212089 20.50026686 19.85817098 20.00331192 20.76498399 20.48901136
  20.09688916 20.57206215 20.52073687 30.13663805 20.2758987  20.31485875
  20.0505517  19.75410628 20.51343745 20.56180046 20.14225604 20.52239623
  20.13918032 20.17119751]
[19.67223935 20.80314167 20.45031884 19.88900466 19.88913956 20.40734987
  19.85700376 20.089887   20.14730861 20.32674418 20.04183401 19.40809313
  20.10335386 19.47764662 19.55329812 20.35274964 20.09216798 20.75874757
  20.09387115 19.9121088  20.18820485 19.58485026 20.12862227 20.49312402
  20.19846523 20.53592083 20.66653965 20.3520456  19.95115853 20.46988567
  20.78615014 19.95114174 19.43258262 20.29837095 20.55571341 19.72236039
  20.07278481 19.78269882 20.29406678 20.2758987  30.59363314 19.74135403
  19.94057424 19.41752909 20.04278603 20.04321711 19.89714795 20.06592938
  19.66273206 19.70916515]
[19.72294686 20.19664513 20.18841373 19.59890329 19.865894   19.75534849
  19.41636668 19.95506781 19.59303197 20.1462919  19.91710797 18.93465872
  19.46000747 19.34800495 19.26566353 20.3580187  19.95247199 19.95214327
  20.01519806 19.97420572 19.74090463 19.69317883 19.4435604  20.71655923
  20.04089111 20.41965086 20.0303883  19.96016967 19.31298929 20.28292266
  20.31365061 20.03347201 19.10104052 19.58402547 19.81013483 19.72678089
  20.00457649 19.63681713 19.71209203 20.31485875 19.74135403 29.54488022
  19.75382205 19.6239983  20.10238145 19.75233682 19.77475358 19.734697
  19.75106878 19.69335706]
[19.52647373 20.38411826 20.40591198 19.56522352 19.59378407 20.28514265
  19.73010636 19.81321573 19.85200051 19.88991579 19.68834482 19.16925639
  19.80301053 19.70871527 19.4940246  20.14686629 19.73374892 20.17377297
  19.73941406 19.61813493 19.97747305 19.63315262 19.570916   20.32899568
  20.18714068 20.13453616 20.24965405 19.7533373  19.37899093 20.12276764
  20.18684292 20.25664152 19.38525853 19.39076015 20.22424861 20.06271909
  19.94018969 19.65754249 20.19358957 20.0505517  19.94057424 19.75382205
  29.16957038 19.32353804 20.12802966 19.6848504  19.84752485 20.26965739
  19.40269683 19.80031049]
[19.12043623 19.76559624 19.93076866 19.04909168 19.54575358 19.98088049
  19.31151086 19.61673461 19.44783979 19.71894098 19.38063425 18.86871944
  19.22327403 18.99154152 18.60003257 19.89180448 19.99444192 20.18403991
  19.0990331  19.30811868 19.51463016 19.19948315 19.37559965 19.97360435
  19.63047109 20.12886375 19.62952659 19.50401632 19.49599752 19.73573555
  19.95913685 19.83956717 19.0191558  19.88356027 20.11133134 19.28803259
  19.12264836 19.35084753 19.68712739 19.75410628 19.41752909 19.6239983
  19.32353804 29.14504223 19.50228932 19.46342813 19.5003039  19.71154641
  19.13631545 18.97792788]
[20.04941532 20.7036692  20.26091771 20.16561122 19.99302939 20.21796023
  20.02685209 20.17173372 19.83669129 20.44190985 20.15891707 19.2755251
  20.01483135 19.4430062  19.75359818 20.2367371  20.49254366 20.55102101
  20.20952839 19.96053167 19.84449304 19.70671807 19.97529732 20.7720782
  20.4179677  20.72175296 20.35638764 20.04287865 19.51834372 20.70414585
  20.19449231 20.120917   19.36633591 20.13987407 20.47044033 19.89481703
  19.80291263 19.78643458 20.3711092  20.51343745 20.04278603 20.10238145
  20.12802966 19.50228932 30.01962547 20.15837201 19.86052427 20.25570008
  19.41486588 20.13486941]
[19.66293938 20.37818228 20.47605241 20.24144156 19.68587219 19.82738575
  19.76194033 19.99742205 20.10691993 19.79457486 19.98346794 19.01123731
  19.73666378 19.67279203 19.54581003 20.36846917 20.16097895 20.14182814
  19.05675236 19.80044842 19.70995718 19.74373086 19.57914145 20.64293581
  20.26735075 20.57904564 19.76331676 19.83936212 19.89352238 19.90390377
  20.37105395 19.97251445 19.18541839 19.73490165 20.2402005  20.0347042
  19.92316691 19.87039973 20.31987893 20.56180046 20.04321711 19.75233682
  19.6848504  19.46342813 20.15837201 29.46949081 19.39754146 20.09086032
  19.1937238  19.35095057]
[19.89309663 20.51818643 19.82582068 19.52410686 19.58296551 20.44267985
  19.95891356 19.95944692 19.80102666 20.13902503 19.94783254 19.18351617
  19.48326262 19.67323642 19.47748032 20.33497866 20.19644491 20.39680804
  19.75474939 19.96072319 20.08827952 19.56500206 19.92359671 20.55769753
  20.4923107  20.50032552 19.95765876 19.93699905 19.44527493 20.18385674
  20.25661104 19.73868161 19.19202258 19.86873375 20.17368971 19.83619328
  19.74554617 19.69756523 20.11577474 20.14225604 19.89714795 19.77475358
  19.84752485 19.5003039  19.86052427 19.39754146 29.81128063 20.1072086
  19.43573205 19.83251552]
[20.05906126 20.75355019 20.30421849 20.16952172 19.37987595 20.33516653
  20.05196673 20.25911021 20.16156497 20.26198707 20.59949514 19.51082197
  19.91220789 20.02470628 19.62235597 20.60106445 20.56089945 20.53660577
  20.1432959  20.34972238 20.38197822 19.50898616 20.35950836 20.79384799
  20.8898103  20.77023109 20.37301731 20.37569914 19.99297704 20.47812302
  20.73745717 20.43674193 19.60870975 20.00139362 20.59240283 20.42098328
  20.26148904 20.05634904 20.6519422  20.52239623 20.06592938 19.734697
  20.26965739 19.71154641 20.25570008 20.09086032 20.1072086  30.06261502
  19.81500147 20.14068752]
[19.8350124  20.07697097 19.95901772 19.29456778 19.39851797 19.65225086
  19.02245785 19.66362155 19.2760359  19.73732418 19.42291262 18.93152605
  19.36024828 19.0798409  19.35111903 20.31601597 19.91896517 19.90438545
  19.39191628 19.32998368 19.46829622 19.23702902 19.50758791 20.03415183
  19.82008907 19.63313203 19.79944208 19.43381682 19.56160518 19.96555101
  19.48727059 19.79951802 18.88202314 19.54510141 19.88628737 19.46003395
  19.6325338  19.18325071 19.59528291 20.13918032 19.66273206 19.75106878
  19.40269683 19.13631545 19.41486588 19.1937238  19.43573205 19.81500147
  28.72959936 19.30936331]
[19.71649593 20.50447373 20.12274254 19.45392463 19.49728117 20.05392418
  19.19508697 20.02234341 19.6580174  19.85462456 19.24534913 19.47218227
  19.27860112 19.27356216 19.36676083 20.04714391 20.42934863 20.47651408
  19.71555044 20.06772652 19.60977649 19.35342994 19.78576777 20.22621712
  20.1054848  19.98594819 20.05413962 19.47265964 19.71805492 20.02509495
  20.12354933 19.90303255 19.17578838 20.01309408 20.45285523 19.56397021
  20.05156727 19.68836693 19.70751797 20.17119751 19.70916515 19.69335706
  19.80031049 18.97792788 20.13486941 19.35095057 19.83251552 20.14068752
  19.30936331 30.09319079]
]