1926
50
10
28.685686835431525

[0.05499128 0.04646151 0.08580516 0.09885894 0.04454852 0.08905199
 0.02042354 0.07540201 0.04383047 0.07444768 0.05224916 0.04921828
 0.06489374 0.08019776 0.03891026 0.02686793 0.07844348 0.06821009
 0.09242213 0.0712743  0.055013   0.06012283 0.06794841 0.07343622
 0.0429281  0.05047443 0.06419376 0.04651712 0.08241684 0.05571608
 0.08154985 0.07921474 0.05482149 0.06368409 0.03780797 0.09973166
 0.08724713 0.0412208  0.07135067 0.06839358 0.02843959 0.04093526
 0.07631983 0.07735669 0.03922812 0.09775005 0.0809642  0.06756246
 0.06017625 0.04014988]

[[30.457724   19.91033559 20.03091916 20.15367782 19.83371965 19.62352422
  20.14646342 19.33604545 20.18292647 20.11947999 20.90087779 20.30890511
  19.94132616 19.7005805  20.12667208 19.8912573  19.61412042 19.93551964
  20.28818004 20.10901874 20.37571525 19.94201917 20.08366734 20.45280261
  19.73826634 20.31138339 19.51646975 20.21260941 19.90690476 20.33626943
  19.77952748 19.7466584  20.3288564  20.01051608 19.87904909 19.43892745
  20.73542522 20.15485416 19.78116072 20.41623758 20.00915556 19.9787271
  19.78478821 19.91847047 20.10285928 20.5680267  19.66894679 20.32662529
  20.67194612 20.12755171]
[19.91033559 30.08235535 20.45566397 19.41062358 20.07391633 20.24345949
  20.51460699 19.59954064 20.75865443 20.37102004 20.29808214 20.40148229
  19.9092176  20.22758104 19.92377392 19.9823612  19.999529   20.22057059
  19.88206421 19.78617971 20.6203059  20.08399869 20.22594894 20.42549274
  19.93361515 19.76558581 20.08632606 20.31495267 20.24606039 19.81255391
  20.10915606 20.11807941 20.22676855 20.3879267  20.09792978 19.79777199
  20.46263458 20.01180987 19.82834083 20.45823258 20.18301221 19.55521525
  20.70472516 20.04074566 20.36445696 20.67985857 20.01547966 20.1255333
  20.42269693 20.11583276]
[20.03091916 20.45566397 30.39149111 19.82426785 20.56676263 20.55867057
  20.97369566 19.47399643 20.69105392 20.11783355 20.51275903 20.648397
  20.32037695 20.04157596 20.57774151 20.08068893 20.1096079  20.13478528
  20.24860604 20.27180755 20.33544114 19.99714084 20.40689014 20.34876154
  20.16238189 20.45601524 19.95844415 20.0768259  20.3223301  20.32915114
  20.40406569 20.52884691 20.31147379 20.05039837 20.06765228 19.83423066
  20.50654825 20.43678671 20.18947564 20.25023446 20.44075211 19.74095134
  20.69100293 20.53811702 20.16751525 20.91860576 19.75237171 20.80015865
  20.73141117 20.43641388]
[20.15367782 19.41062358 19.82426785 28.76143005 19.72912024 19.55946118
  19.79292088 19.06799062 19.72816799 19.61515994 20.13118353 20.11586913
  19.18627169 19.14109125 19.74156216 19.61442348 19.07048866 19.48390399
  19.90454711 19.63247817 19.93700088 19.57824018 19.41212086 20.14820612
  19.30973813 19.52974657 19.23713605 19.75399805 19.55544815 19.81845021
  19.28674563 19.62411485 19.82543763 19.76977487 19.59419699 18.94702466
  19.96710761 19.73019309 19.36457376 19.68768285 19.54771409 18.93864161
  20.23746717 19.50831728 19.60786366 20.1175215  19.56584115 20.08963292
  20.19394203 19.84813126]
[19.83371965 20.07391633 20.56676263 19.72912024 29.71788515 20.40321911
  19.91154954 19.37186763 20.40424803 19.95015235 20.49930265 20.56554298
  20.24327577 20.08811194 20.27132431 19.72697616 19.78436935 19.79415668
  19.85093359 19.9779781  20.30386566 19.8292761  20.00418253 20.27051271
  19.83167955 20.09376193 19.8867092  19.90459156 19.9203196  19.85248366
  20.2090484  20.20554711 19.89644516 19.81028881 20.02166488 19.89417799
  20.94938981 20.33240147 19.71621386 20.07629088 20.07213004 19.66475673
  20.75357915 20.44031182 19.98533166 20.63831018 19.38831482 20.44463373
  20.78853606 19.71183145]
[19.62352422 20.24345949 20.55867057 19.55946118 20.40321911 30.05146844
  19.98169612 19.31392256 20.0964316  19.45984736 20.36125737 20.32081192
  20.25475524 19.70093307 19.60924245 19.73850962 19.75406682 19.87129484
  19.68532375 20.06328891 20.44156669 19.58469432 19.63180905 20.1790288
  19.95749925 20.09935189 19.5193279  19.88348763 19.845866   20.24381741
  20.32130863 19.79421536 20.21637352 19.99565886 19.56719497 19.35648218
  20.2400048  19.95373184 19.50581946 20.02469493 19.81251634 19.38480026
  20.52267439 19.89886213 20.09509762 20.0261273  19.9589646  20.02389242
  19.95263649 20.05982246]
[20.14646342 20.51460699 20.97369566 19.79292088 19.91154954 19.98169612
  29.99603685 19.33759927 20.49723711 19.77605044 20.45922246 20.3977925
  20.34987579 19.82567057 20.31005957 19.37673241 19.57381723 20.21818851
  19.82232044 20.2425959  20.49850981 19.78325941 20.32313827 20.42743671
  20.07408511 20.13067506 19.77539422 20.10970047 20.15384398 20.21936325
  19.95877152 20.3079767  20.53184028 19.93778653 19.58371789 19.42394035
  20.63794039 20.03086358 19.85053056 20.45894317 19.91180235 19.62475622
  20.31395904 19.69136812 19.82929995 20.64940386 19.85681958 20.26989667
  20.6931032  19.98932656]
[19.33604545 19.59954064 19.47399643 19.06799062 19.37186763 19.31392256
  19.33759927 28.86427347 19.82161116 19.27890323 19.67399309 19.64987461
  19.42108221 19.5408801  19.40777682 19.40696353 19.02252095 19.09668679
  19.12737949 19.16300186 19.74293815 19.06432898 19.19432337 20.15318194
  19.32318036 19.61168247 18.8362041  19.34189168 19.5047065  19.53044522
  18.9579079  19.63849506 19.3900495  19.32529274 19.0109335  19.27121473
  19.58286305 19.5822981  19.20640887 19.59239803 19.53637017 18.70973905
  19.70522769 19.13242782 19.39730521 20.06714203 19.02602701 19.41073909
  19.69412061 19.19933089]
[20.18292647 20.75865443 20.69105392 19.72816799 20.40424803 20.0964316
  20.49723711 19.82161116 30.72431617 20.41177495 20.67938794 20.76660843
  20.58238691 20.35503453 20.36371836 19.83523309 19.60325689 20.09790499
  20.01126749 20.16898631 20.6090938  20.01722703 20.11562622 20.48848447
  20.24145497 20.2091526  20.20264487 20.42078822 20.42877206 20.30246851
  20.15141769 19.97132843 20.52615804 20.40475855 20.08094633 19.5329618
  20.5610151  20.49048028 20.00990806 20.29131657 20.01722863 19.57842734
  20.66052882 20.15955142 20.2084985  20.69626421 19.77408479 20.33313884
  20.48623119 20.29657384]
[20.11947999 20.37102004 20.11783355 19.61515994 19.95015235 19.45984736
  19.77605044 19.27890323 20.41177495 29.07513565 20.02582588 20.07500717
  19.82983213 19.71496252 19.85493127 19.39624893 19.60506728 19.63873262
  19.38901069 19.7614072  20.11744112 19.35804674 20.27867006 20.08977053
  19.84745483 19.46187377 19.68402813 19.5664328  19.65902455 20.20935136
  19.55998822 19.60951515 19.93213489 19.8867905  19.24277787 19.09869077
  20.38218899 20.19064316 19.8862468  19.88800549 19.8194497  19.33601744
  20.04796648 19.8427167  19.72687255 20.21454902 19.54045739 19.99234916
  20.27662975 19.81754234]
[20.90087779 20.29808214 20.51275903 20.13118353 20.49930265 20.36125737
  20.45922246 19.67399309 20.67938794 20.02582588 30.88105203 20.79711624
  20.60256111 20.11920888 20.69389219 20.27128777 20.15048406 20.33893654
  20.17354791 20.10985087 20.66658808 20.06702355 20.4423457  20.76492559
  20.02798545 20.61051231 19.58402697 20.29143686 20.89290954 20.50663922
  20.15395507 20.33655446 20.3298025  20.1812145  19.77137431 19.71763952
  20.93547409 20.37707657 20.10838    20.57553087 20.08047253 19.91167528
  20.73580837 20.47431135 20.09775631 20.6521311  20.17267567 20.28513991
  20.66045706 20.85250583]
[20.30890511 20.40148229 20.648397   20.11586913 20.56554298 20.32081192
  20.3977925  19.64987461 20.76660843 20.07500717 20.79711624 30.23938975
  19.92057473 20.31726857 20.37711506 20.06990336 20.04312796 19.98060182
  19.67526342 19.75721303 20.36582309 19.89138032 20.38872706 20.7406025
  19.7522626  20.02221921 19.78103276 20.39794271 20.43433121 20.43097709
  20.2304019  20.38145789 20.62339047 20.18803924 19.99648208 19.75521743
  20.69295477 20.56528548 20.35539259 20.70753057 19.69633809 19.85976325
  20.64966946 20.46178324 20.19327044 20.38536709 19.1157474  19.7520389
  20.72412887 19.94561471]
[19.94132616 19.9092176  20.32037695 19.18627169 20.24327577 20.25475524
  20.34987579 19.42108221 20.58238691 19.82983213 20.60256111 19.92057473
  30.16058758 19.82723857 20.03019982 19.60517262 19.53326492 19.5541948
  19.76272039 19.79994965 20.05608293 19.23865295 19.76043383 20.37655786
  19.39656164 19.71850079 19.44148052 19.93910057 20.17178849 20.23614262
  19.9313842  20.59394867 20.23710179 19.7094135  19.76314058 19.42361125
  20.53453858 20.05361598 19.86870367 20.21084675 19.59906207 19.43930561
  20.23728515 20.05685699 19.74199958 20.31752968 19.45023048 20.24823789
  19.95809239 19.9938388 ]
[19.7005805  20.22758104 20.04157596 19.14109125 20.08811194 19.70093307
  19.82567057 19.5408801  20.35503453 19.71496252 20.11920888 20.31726857
  19.82723857 29.6459102  20.00822431 19.52805606 19.34505447 19.2977069
  19.61158637 19.59902393 19.91154581 19.55692371 20.44988034 20.44800203
  19.30431571 19.98276731 19.37277486 19.73109708 19.68917615 20.09972456
  19.99104263 19.56562764 19.90278229 19.42312617 19.97062591 19.39630729
  19.86403791 19.90916916 19.34951563 20.32833438 19.23332018 19.07331751
  20.12527475 19.93487136 19.91950341 20.09841135 19.46603221 19.93685396
  19.95695505 19.5131939 ]
[20.12667208 19.92377392 20.57774151 19.74156216 20.27132431 19.60924245
  20.31005957 19.40777682 20.36371836 19.85493127 20.69389219 20.37711506
  20.03019982 20.00822431 29.57417598 19.70219309 19.8441843  19.9348273
  20.09792154 20.29799976 20.07097156 20.3505594  19.9266701  20.76101478
  19.84107582 19.64389786 19.90865331 20.09807762 19.9708884  20.22975971
  19.84854898 20.06282476 20.53984312 19.58174052 19.73361462 19.37839973
  20.52364885 20.08240149 20.21664182 20.41752637 19.81885581 19.57553689
  20.46476294 20.0344121  20.11245608 20.72450454 19.64750511 20.26730235
  20.36452626 19.86386138]
[19.8912573  19.9823612  20.08068893 19.61442348 19.72697616 19.73850962
  19.37673241 19.40696353 19.83523309 19.39624893 20.27128777 20.06990336
  19.60517262 19.52805606 19.70219309 29.10199031 19.68391808 19.5675704
  19.63326294 19.71469727 19.99502928 19.70889423 19.11632811 20.29728618
  19.64394679 19.75919799 19.5798014  19.79175721 19.94333804 19.77526573
  19.4838433  19.3848606  19.80944987 19.79668605 19.79262186 18.99204163
  19.80643828 19.94168308 19.47166235 19.68426314 19.68171973 19.08963741
  20.25530326 19.95096691 19.74545642 20.01347189 19.24191328 19.73747372
  20.30120227 19.30075351]
[19.61412042 19.999529   20.1096079  19.07048866 19.78436935 19.75406682
  19.57381723 19.02252095 19.60325689 19.60506728 20.15048406 20.04312796
  19.53326492 19.34505447 19.8441843  19.68391808 29.09011236 19.12273662
  19.7855019  19.7666683  19.98105816 19.34722011 19.56261366 19.56815993
  19.46458003 19.62165547 19.18807265 19.56184379 19.55498524 19.79022398
  19.75664392 19.70562592 19.67779802 19.90231933 19.45446144 19.34557051
  19.9548126  19.8959521  19.50749756 19.68696292 19.3325331  19.20093941
  20.21053714 20.09269274 19.48118789 20.05213678 19.68883312 19.83389359
  20.24512193 19.70072845]
[19.93551964 20.22057059 20.13478528 19.48390399 19.79415668 19.87129484
  20.21818851 19.09668679 20.09790499 19.63873262 20.33893654 19.98060182
  19.5541948  19.2977069  19.9348273  19.5675704  19.12273662 29.81784531
  19.64833807 19.49869602 20.2774642  19.70252051 19.85427169 19.8629252
  19.50718628 19.87997401 19.57015844 19.43288674 20.31979232 19.57681859
  19.90867103 19.56871286 20.30292491 19.83548501 19.64558367 19.01148072
  20.30416567 19.97382861 19.8610227  20.34692759 19.66436176 19.04197624
  20.14518489 19.8555385  19.7979479  20.52813119 19.65500052 19.93651289
  20.23985931 19.63747442]
[20.28818004 19.88206421 20.24860604 19.90454711 19.85093359 19.68532375
  19.82232044 19.12737949 20.01126749 19.38901069 20.17354791 19.67526342
  19.76272039 19.61158637 20.09792154 19.63326294 19.7855019  19.64833807
  29.29470834 19.7884     20.04085375 19.50232065 19.98654054 20.01639232
  19.69780258 19.77373155 19.38107193 19.5482977  19.66132828 20.03526945
  19.98692639 20.20094452 19.82353603 19.89642065 19.59539532 19.11897574
  19.8971436  19.96879145 19.51739396 19.7973674  19.68342706 19.44838105
  20.24365413 19.94704358 19.9340361  20.34017744 19.81458523 20.19818045
  20.01964815 19.62900999]
[20.10901874 19.78617971 20.27180755 19.63247817 19.9779781  20.06328891
  20.2425959  19.16300186 20.16898631 19.7614072  20.10985087 19.75721303
  19.79994965 19.59902393 20.29799976 19.71469727 19.7666683  19.49869602
  19.7884     29.74871041 20.14265413 19.45125512 19.83579163 20.35227976
  19.54204628 19.89630473 19.82338492 20.01003571 20.05688166 20.10162866
  19.962939   20.0524801  20.31174488 19.79704509 19.55237801 19.44740952
  20.2541947  20.19908168 20.01834965 20.15272845 20.05307465 19.61897602
  20.5184616  20.21615054 19.85279306 20.27240836 19.30219472 19.95148126
  20.33922076 20.053026  ]
[20.37571525 20.6203059  20.33544114 19.93700088 20.30386566 20.44156669
  20.49850981 19.74293815 20.6090938  20.11744112 20.66658808 20.36582309
  20.05608293 19.91154581 20.07097156 19.99502928 19.98105816 20.2774642
  20.04085375 20.14265413 30.07583397 19.74539526 20.16103109 20.48522249
  19.96417483 19.84924914 20.25550422 19.94110528 20.41403831 20.16954796
  20.33620461 20.32562218 20.57261148 20.12962612 19.79252934 19.59870247
  20.59895546 20.05341867 19.96271341 20.45126988 20.20308424 19.72592278
  20.54300102 20.55022709 20.26265591 20.46441618 19.6760963  20.47605143
  20.82092017 20.31435023]
[19.94201917 20.08399869 19.99714084 19.57824018 19.8292761  19.58469432
  19.78325941 19.06432898 20.01722703 19.35804674 20.06702355 19.89138032
  19.23865295 19.55692371 20.3505594  19.70889423 19.34722011 19.70252051
  19.50232065 19.45125512 19.74539526 29.45675077 19.64623862 19.93737939
  19.2196178  19.76289259 19.19484959 19.72850884 19.85254626 19.5429534
  19.7066294  19.53639749 19.52220925 19.60149843 19.53357909 18.83346234
  20.25130734 19.83993011 19.78978364 19.83966077 19.31854077 19.30001696
  19.93935724 19.74728485 19.58944858 20.02073592 19.28313249 19.85234514
  19.9130737  19.59654927]
[20.08366734 20.22594894 20.40689014 19.41212086 20.00418253 19.63180905
  20.32313827 19.19432337 20.11562622 20.27867006 20.4423457  20.38872706
  19.76043383 20.44988034 19.9266701  19.11632811 19.56261366 19.85427169
  19.98654054 19.83579163 20.16103109 19.64623862 30.32193566 20.37693298
  20.30820584 19.85484159 19.5804336  19.75730868 20.0565357  19.9567731
  20.02555293 20.16867244 20.12941649 19.86719521 20.23779216 19.60006405
  20.23156947 20.08999871 19.94075766 20.32134501 19.46577955 19.63968896
  20.13339137 20.61034626 20.04454354 20.4690788  19.5672268  20.14006994
  20.69020727 19.74461076]
[20.45280261 20.42549274 20.34876154 20.14820612 20.27051271 20.1790288
  20.42743671 20.15318194 20.48848447 20.08977053 20.76492559 20.7406025
  20.37655786 20.44800203 20.76101478 20.29728618 19.56815993 19.8629252
  20.01639232 20.35227976 20.48522249 19.93737939 20.37693298 30.43830984
  19.88762272 19.99741825 20.03373229 20.25080265 20.15803054 20.32663899
  20.11620403 20.62383259 20.56122473 20.35861233 19.78503537 19.70644189
  20.09570201 20.20503114 20.01840017 20.94845854 20.29335568 19.68846279
  20.48636532 20.39551867 20.09691358 20.95700103 19.61145785 20.59908417
  20.60400098 20.40399084]
[19.73826634 19.93361515 20.16238189 19.30973813 19.83167955 19.95749925
  20.07408511 19.32318036 20.24145497 19.84745483 20.02798545 19.7522626
  19.39656164 19.30431571 19.84107582 19.64394679 19.46458003 19.50718628
  19.69780258 19.54204628 19.96417483 19.2196178  20.30820584 19.88762272
  29.64669097 19.69193272 19.52315047 19.54585935 20.07764917 19.92260248
  19.71123126 19.64784344 19.98326209 19.41050394 19.20667541 19.39643859
  20.25359714 19.92844072 19.75384166 19.88211619 19.48377411 19.45186707
  20.06251689 19.72612453 19.78124682 20.0247491  19.54080485 19.76798574
  19.70333869 19.55427214]
[20.31138339 19.76558581 20.45601524 19.52974657 20.09376193 20.09935189
  20.13067506 19.61168247 20.2091526  19.46187377 20.61051231 20.02221921
  19.71850079 19.98276731 19.64389786 19.75919799 19.62165547 19.87997401
  19.77373155 19.89630473 19.84924914 19.76289259 19.85484159 19.99741825
  19.69193272 29.43367007 19.44451423 19.47536357 19.89738172 19.75308944
  20.11165755 19.88074132 20.53738289 19.80275722 19.59811523 19.39017236
  20.13227861 20.02021053 19.47460612 20.23619634 20.0264225  19.403844
  19.67254552 19.6521049  19.70890949 20.15898065 19.31506009 19.83956082
  20.26312085 20.09888571]
[19.51646975 20.08632606 19.95844415 19.23713605 19.8867092  19.5193279
  19.77539422 18.8362041  20.20264487 19.68402813 19.58402697 19.78103276
  19.44148052 19.37277486 19.90865331 19.5798014  19.18807265 19.57015844
  19.38107193 19.82338492 20.25550422 19.19484959 19.5804336  20.03373229
  19.52315047 19.44451423 28.62843928 19.41979112 19.63147797 19.75682131
  19.60220535 19.49793377 20.11928888 19.2418008  19.20971419 19.37171602
  19.87515652 19.92055253 19.18741582 19.61047171 19.52194212 18.91375473
  20.08869381 19.87418892 19.63455604 20.29142744 19.3954302  19.74122992
  20.04881233 19.52049766]
[20.21260941 20.31495267 20.0768259  19.75399805 19.90459156 19.88348763
  20.10970047 19.34189168 20.42078822 19.5664328  20.29143686 20.39794271
  19.93910057 19.73109708 20.09807762 19.79175721 19.56184379 19.43288674
  19.5482977  20.01003571 19.94110528 19.72850884 19.75730868 20.25080265
  19.54585935 19.47536357 19.41979112 29.36553309 19.93133523 20.19133031
  19.50585185 19.83506169 20.04517143 20.030003   19.42444743 19.46020555
  20.10979284 19.6066292  19.4389074  20.04952721 19.93582035 19.34261165
  19.88314614 19.84234089 20.23713768 20.36231076 19.47918478 19.71407883
  20.31172605 20.14935359]
[19.90690476 20.24606039 20.3223301  19.55544815 19.9203196  19.845866
  20.15384398 19.5047065  20.42877206 19.65902455 20.89290954 20.43433121
  20.17178849 19.68917615 19.9708884  19.94333804 19.55498524 20.31979232
  19.66132828 20.05688166 20.41403831 19.85254626 20.0565357  20.15803054
  20.07764917 19.89738172 19.63147797 19.93133523 29.46689925 20.17162509
  19.8513303  20.03586262 20.37102995 19.94594366 19.51292586 19.54696344
  20.64001526 20.13470504 20.16756909 20.38435377 19.54910514 19.61658108
  20.54276108 20.03631526 20.01322304 20.56893281 19.66159549 19.84095818
  20.54581147 19.92652654]
[20.33626943 19.81255391 20.32915114 19.81845021 19.85248366 20.24381741
  20.21936325 19.53044522 20.30246851 20.20935136 20.50663922 20.43097709
  20.23614262 20.09972456 20.22975971 19.77526573 19.79022398 19.57681859
  20.03526945 20.10162866 20.16954796 19.5429534  19.9567731  20.32663899
  19.92260248 19.75308944 19.75682131 20.19133031 20.17162509 29.64422284
  20.08164111 20.34670064 20.26276976 19.8850994  19.65848172 19.41921486
  20.37004076 20.20373485 19.85965522 20.61350671 19.64206673 19.81475758
  20.6924288  19.99998237 19.99264267 20.70374214 19.96159782 20.13025197
  20.92029598 19.92686527]
[19.77952748 20.10915606 20.40406569 19.28674563 20.2090484  20.32130863
  19.95877152 18.9579079  20.15141769 19.55998822 20.15395507 20.2304019
  19.9313842  19.99104263 19.84854898 19.4838433  19.75664392 19.90867103
  19.98692639 19.962939   20.33620461 19.7066294  20.02555293 20.11620403
  19.71123126 20.11165755 19.60220535 19.50585185 19.8513303  20.08164111
  29.94669716 20.2166557  20.42510566 19.66017783 19.95648568 19.44481909
  20.05856054 19.82365491 19.6409493  20.007208   19.86394597 19.7470203
  19.90371463 19.83518617 20.33346864 20.26051294 19.34880018 20.26867639
  20.66465087 20.21612515]
[19.7466584  20.11807941 20.52884691 19.62411485 20.20554711 19.79421536
  20.3079767  19.63849506 19.97132843 19.60951515 20.33655446 20.38145789
  20.59394867 19.56562764 20.06282476 19.3848606  19.70562592 19.56871286
  20.20094452 20.0524801  20.32562218 19.53639749 20.16867244 20.62383259
  19.64784344 19.88074132 19.49793377 19.83506169 20.03586262 20.34670064
  20.2166557  30.16353933 20.07766162 20.1078398  19.74160425 19.64938644
  20.1107047  19.94143443 19.75134013 20.23781574 20.15092469 19.48353145
  20.47301317 20.13511573 20.08436582 20.85909713 19.88078561 20.21461213
  20.69675448 19.73169025]
[20.3288564  20.22676855 20.31147379 19.82543763 19.89644516 20.21637352
  20.53184028 19.3900495  20.52615804 19.93213489 20.3298025  20.62339047
  20.23710179 19.90278229 20.53984312 19.80944987 19.67779802 20.30292491
  19.82353603 20.31174488 20.57261148 19.52220925 20.12941649 20.56122473
  19.98326209 20.53738289 20.11928888 20.04517143 20.37102995 20.26276976
  20.42510566 20.07766162 30.4624458  20.13698553 19.85436526 19.51216241
  20.63253563 20.3150693  19.83661677 20.54658801 19.91974228 20.02455678
  20.82736058 20.17474418 20.29026687 20.74485985 19.45514211 20.10517117
  20.62982972 20.05219199]
[20.01051608 20.3879267  20.05039837 19.76977487 19.81028881 19.99565886
  19.93778653 19.32529274 20.40475855 19.8867905  20.1812145  20.18803924
  19.7094135  19.42312617 19.58174052 19.79668605 19.90231933 19.83548501
  19.89642065 19.79704509 20.12962612 19.60149843 19.86719521 20.35861233
  19.41050394 19.80275722 19.2418008  20.030003   19.94594366 19.8850994
  19.66017783 20.1078398  20.13698553 29.43584534 19.78655235 19.09321053
  20.37008573 20.16246612 19.64740124 20.11077778 19.71777733 19.26406796
  20.44941801 19.99196301 19.88886522 20.18526329 19.85214657 20.33660768
  20.58549622 19.55652605]
[19.87904909 20.09792978 20.06765228 19.59419699 20.02166488 19.56719497
  19.58371789 19.0109335  20.08094633 19.24277787 19.77137431 19.99648208
  19.76314058 19.97062591 19.73361462 19.79262186 19.45446144 19.64558367
  19.59539532 19.55237801 19.79252934 19.53357909 20.23779216 19.78503537
  19.20667541 19.59811523 19.20971419 19.42444743 19.51292586 19.65848172
  19.95648568 19.74160425 19.85436526 19.78655235 29.13094377 19.0247367
  20.06662349 19.99056292 19.25470102 19.47666429 19.60508235 19.23789881
  19.94342863 19.67894583 19.44817397 20.32323517 19.11805345 19.96373159
  19.83380441 19.7171151 ]
[19.43892745 19.79777199 19.83423066 18.94702466 19.89417799 19.35648218
  19.42394035 19.27121473 19.5329618  19.09869077 19.71763952 19.75521743
  19.42361125 19.39630729 19.37839973 18.99204163 19.34557051 19.01148072
  19.11897574 19.44740952 19.59870247 18.83346234 19.60006405 19.70644189
  19.39643859 19.39017236 19.37171602 19.46020555 19.54696344 19.41921486
  19.44481909 19.64938644 19.51216241 19.09321053 19.0247367  28.67770262
  19.34174109 19.5507738  19.52961086 19.80247463 18.86533032 18.46804914
  19.95695791 19.43801115 19.17003821 20.01817414 18.84818556 19.2754184
  19.72365239 19.44517564]
[20.73542522 20.46263458 20.50654825 19.96710761 20.94938981 20.2400048
  20.63794039 19.58286305 20.5610151  20.38218899 20.93547409 20.69295477
  20.53453858 19.86403791 20.52364885 19.80643828 19.9548126  20.30416567
  19.8971436  20.2541947  20.59895546 20.25130734 20.23156947 20.09570201
  20.25359714 20.13227861 19.87515652 20.10979284 20.64001526 20.37004076
  20.05856054 20.1107047  20.63253563 20.37008573 20.06662349 19.34174109
  30.48951923 20.96888236 19.92157951 20.53273707 19.83504982 20.15021421
  20.70056062 20.17089158 20.15053443 20.97541724 20.02096109 20.51648102
  20.9490214  20.40214793]
[20.15485416 20.01180987 20.43678671 19.73019309 20.33240147 19.95373184
  20.03086358 19.5822981  20.49048028 20.19064316 20.37707657 20.56528548
  20.05361598 19.90916916 20.08240149 19.94168308 19.8959521  19.97382861
  19.96879145 20.19908168 20.05341867 19.83993011 20.08999871 20.20503114
  19.92844072 20.02021053 19.92055253 19.6066292  20.13470504 20.20373485
  19.82365491 19.94143443 20.3150693  20.16246612 19.99056292 19.5507738
  20.96888236 30.27670789 20.02822621 20.12187673 19.95503911 19.90198573
  20.67379135 20.007707   20.0091077  20.45925373 19.70389012 20.1907773
  20.7484923  20.2149487 ]
[19.78116072 19.82834083 20.18947564 19.36457376 19.71621386 19.50581946
  19.85053056 19.20640887 20.00990806 19.8862468  20.10838    20.35539259
  19.86870367 19.34951563 20.21664182 19.47166235 19.50749756 19.8610227
  19.51739396 20.01834965 19.96271341 19.78978364 19.94075766 20.01840017
  19.75384166 19.47460612 19.18741582 19.4389074  20.16756909 19.85965522
  19.6409493  19.75134013 19.83661677 19.64740124 19.25470102 19.52961086
  19.92157951 20.02822621 29.47088634 19.82087108 19.89266083 19.63578226
  20.39695427 19.88426723 19.58795559 20.57276957 19.73560976 19.59771114
  20.33248661 19.7283416 ]
[20.41623758 20.45823258 20.25023446 19.68768285 20.07629088 20.02469493
  20.45894317 19.59239803 20.29131657 19.88800549 20.57553087 20.70753057
  20.21084675 20.32833438 20.41752637 19.68426314 19.68696292 20.34692759
  19.7973674  20.15272845 20.45126988 19.83966077 20.32134501 20.94845854
  19.88211619 20.23619634 19.61047171 20.04952721 20.38435377 20.61350671
  20.007208   20.23781574 20.54658801 20.11077778 19.47666429 19.80247463
  20.53273707 20.12187673 19.82087108 30.39158074 19.65941511 19.55289217
  20.68734996 19.81231046 19.94335805 20.73797052 19.88830914 20.42480016
  20.63967213 19.92941789]
[20.00915556 20.18301221 20.44075211 19.54771409 20.07213004 19.81251634
  19.91180235 19.53637017 20.01722863 19.8194497  20.08047253 19.69633809
  19.59906207 19.23332018 19.81885581 19.68171973 19.3325331  19.66436176
  19.68342706 20.05307465 20.20308424 19.31854077 19.46577955 20.29335568
  19.48377411 20.0264225  19.52194212 19.93582035 19.54910514 19.64206673
  19.86394597 20.15092469 19.91974228 19.71777733 19.60508235 18.86533032
  19.83504982 19.95503911 19.89266083 19.65941511 29.20294692 19.09293494
  19.74926841 19.91103238 19.8099816  20.19009165 19.29557141 19.83110657
  20.1001286  19.85248927]
[19.9787271  19.55521525 19.74095134 18.93864161 19.66475673 19.38480026
  19.62475622 18.70973905 19.57842734 19.33601744 19.91167528 19.85976325
  19.43930561 19.07331751 19.57553689 19.08963741 19.20093941 19.04197624
  19.44838105 19.61897602 19.72592278 19.30001696 19.63968896 19.68846279
  19.45186707 19.403844   18.91375473 19.34261165 19.61658108 19.81475758
  19.7470203  19.48353145 20.02455678 19.26406796 19.23789881 18.46804914
  20.15021421 19.90198573 19.63578226 19.55289217 19.09293494 28.50253717
  19.82750311 19.37908163 19.65598521 19.80579608 19.39227665 19.71138836
  19.57066535 19.75424941]
[19.78478821 20.70472516 20.69100293 20.23746717 20.75357915 20.52267439
  20.31395904 19.70522769 20.66052882 20.04796648 20.73580837 20.64966946
  20.23728515 20.12527475 20.46476294 20.25530326 20.21053714 20.14518489
  20.24365413 20.5184616  20.54300102 19.93935724 20.13339137 20.48636532
  20.06251689 19.67254552 20.08869381 19.88314614 20.54276108 20.6924288
  19.90371463 20.47301317 20.82736058 20.44941801 19.94342863 19.95695791
  20.70056062 20.67379135 20.39695427 20.68734996 19.74926841 19.82750311
  30.50410831 20.51883809 20.58492031 20.91934744 20.25568756 20.28409588
  20.6406887  20.14407596]
[19.91847047 20.04074566 20.53811702 19.50831728 20.44031182 19.89886213
  19.69136812 19.13242782 20.15955142 19.8427167  20.47431135 20.46178324
  20.05685699 19.93487136 20.0344121  19.95096691 20.09269274 19.8555385
  19.94704358 20.21615054 20.55022709 19.74728485 20.61034626 20.39551867
  19.72612453 19.6521049  19.87418892 19.84234089 20.03631526 19.99998237
  19.83518617 20.13511573 20.17474418 19.99196301 19.67894583 19.43801115
  20.17089158 20.007707   19.88426723 19.81231046 19.91103238 19.37908163
  20.51883809 29.76268521 19.64910678 19.93141625 19.52168274 20.34152963
  20.56548141 19.86163773]
[20.10285928 20.36445696 20.16751525 19.60786366 19.98533166 20.09509762
  19.82929995 19.39730521 20.2084985  19.72687255 20.09775631 20.19327044
  19.74199958 19.91950341 20.11245608 19.74545642 19.48118789 19.7979479
  19.9340361  19.85279306 20.26265591 19.58944858 20.04454354 20.09691358
  19.78124682 19.70890949 19.63455604 20.23713768 20.01322304 19.99264267
  20.33346864 20.08436582 20.29026687 19.88886522 19.44817397 19.17003821
  20.15053443 20.0091077  19.58795559 19.94335805 19.8099816  19.65598521
  20.58492031 19.64910678 29.06925126 20.43948312 19.64141826 19.98300111
  20.3289656  19.95308471]
[20.5680267  20.67985857 20.91860576 20.1175215  20.63831018 20.0261273
  20.64940386 20.06714203 20.69626421 20.21454902 20.6521311  20.38536709
  20.31752968 20.09841135 20.72450454 20.01347189 20.05213678 20.52813119
  20.34017744 20.27240836 20.46441618 20.02073592 20.4690788  20.95700103
  20.0247491  20.15898065 20.29142744 20.36231076 20.56893281 20.70374214
  20.26051294 20.85909713 20.74485985 20.18526329 20.32323517 20.01817414
  20.97541724 20.45925373 20.57276957 20.73797052 20.19009165 19.80579608
  20.91934744 19.93141625 20.43948312 30.92188759 20.11647882 20.39597664
  20.73321303 20.35159646]
[19.66894679 20.01547966 19.75237171 19.56584115 19.38831482 19.9589646
  19.85681958 19.02602701 19.77408479 19.54045739 20.17267567 19.1157474
  19.45023048 19.46603221 19.64750511 19.24191328 19.68883312 19.65500052
  19.81458523 19.30219472 19.6760963  19.28313249 19.5672268  19.61145785
  19.54080485 19.31506009 19.3954302  19.47918478 19.66159549 19.96159782
  19.34880018 19.88078561 19.45514211 19.85214657 19.11805345 18.84818556
  20.02096109 19.70389012 19.73560976 19.88830914 19.29557141 19.39227665
  20.25568756 19.52168274 19.64141826 20.11647882 28.86157514 19.66291524
  20.11793787 19.5219267 ]
[20.32662529 20.1255333  20.80015865 20.08963292 20.44463373 20.02389242
  20.26989667 19.41073909 20.33313884 19.99234916 20.28513991 19.7520389
  20.24823789 19.93685396 20.26730235 19.73747372 19.83389359 19.93651289
  20.19818045 19.95148126 20.47605143 19.85234514 20.14006994 20.59908417
  19.76798574 19.83956082 19.74122992 19.71407883 19.84095818 20.13025197
  20.26867639 20.21461213 20.10517117 20.33660768 19.96373159 19.2754184
  20.51648102 20.1907773  19.59771114 20.42480016 19.83110657 19.71138836
  20.28409588 20.34152963 19.98300111 20.39597664 19.66291524 30.1112602
  20.70737025 20.10565421]
[20.67194612 20.42269693 20.73141117 20.19394203 20.78853606 19.95263649
  20.6931032  19.69412061 20.48623119 20.27662975 20.66045706 20.72412887
  19.95809239 19.95695505 20.36452626 20.30120227 20.24512193 20.23985931
  20.01964815 20.33922076 20.82092017 19.9130737  20.69020727 20.60400098
  19.70333869 20.26312085 20.04881233 20.31172605 20.54581147 20.92029598
  20.66465087 20.69675448 20.62982972 20.58549622 19.83380441 19.72365239
  20.9490214  20.7484923  20.33248661 20.63967213 20.1001286  19.57066535
  20.6406887  20.56548141 20.3289656  20.73321303 20.11793787 20.70737025
  30.56295523 20.62318211]
[20.12755171 20.11583276 20.43641388 19.84813126 19.71183145 20.05982246
  19.98932656 19.19933089 20.29657384 19.81754234 20.85250583 19.94561471
  19.9938388  19.5131939  19.86386138 19.30075351 19.70072845 19.63747442
  19.62900999 20.053026   20.31435023 19.59654927 19.74461076 20.40399084
  19.55427214 20.09888571 19.52049766 20.14935359 19.92652654 19.92686527
  20.21612515 19.73169025 20.05219199 19.55652605 19.7171151  19.44517564
  20.40214793 20.2149487  19.7283416  19.92941789 19.85248927 19.75424941
  20.14407596 19.86163773 19.95308471 20.35159646 19.5219267  20.10565421
  20.62318211 29.54389969]
]