9242
50
10
30.905928095907782

[0.08700651 0.07722156 0.08526091 0.03361496 0.06762296 0.06116217
 0.05417682 0.06806126 0.06535791 0.05018737 0.0354746  0.04339511
 0.04896316 0.03533872 0.03251984 0.03688638 0.07845472 0.07977597
 0.07415535 0.02290584 0.08418257 0.03503757 0.05071335 0.09955818
 0.0278174  0.03859699 0.09596997 0.07721969 0.06829499 0.07876155
 0.07752591 0.08000462 0.05769315 0.09396705 0.07264211 0.02053647
 0.08490396 0.0630342  0.05611027 0.09579031 0.09819021 0.05985572
 0.03439699 0.03283236 0.04741165 0.02915296 0.09215307 0.08511791
 0.09537037 0.0855081 ]

[[30.21230954 21.13766525 19.89553414 20.55344024 20.6635081  20.11359186
  19.77161573 20.04529948 20.25931087 20.77508752 19.80594419 20.12045475
  19.75807593 19.85042804 19.95497317 20.04733823 20.2416206  20.09062848
  19.82265706 20.20042282 20.41787065 20.35288761 20.14036624 19.85004525
  20.12400476 20.56451263 20.18339271 19.81372884 20.65361626 20.79208835
  19.81640904 20.25122681 20.08002511 20.00422243 20.51766956 20.879987
  20.21440027 19.80126801 20.40104902 19.98789404 20.00935932 20.84697283
  20.4527224  20.12980948 19.88645009 20.20472567 19.62936644 20.56892556
  20.86280196 20.51448568]
[21.13766525 31.37074846 20.30609343 20.95720961 21.18023181 20.36571082
  20.31994678 20.472366   20.658557   21.01707681 20.50852177 20.51111718
  20.70162152 20.31391829 20.31041431 21.08518231 20.7611627  20.43038273
  20.20122986 20.19105234 20.71088099 20.36367921 19.85873085 20.74847604
  20.39459694 21.03377354 20.89738946 20.65523625 21.21096144 21.03468999
  20.53505384 20.58927603 20.06481045 20.44266495 20.93854855 20.68320041
  20.60558139 20.19544623 21.14606533 21.19885119 20.589762   20.88214539
  20.39970863 20.77808819 20.87696895 20.76361671 20.28976283 20.49696246
  21.48611528 21.25798465]
[19.89553414 20.30609343 28.42732281 19.79243054 19.77509375 19.46251581
  18.51874365 19.04813434 19.72083857 19.76348351 19.10317092 19.65552743
  19.68131452 19.33442115 19.3021563  19.4589817  19.57966175 19.10847539
  19.281759   19.51985298 19.33788669 19.78820693 19.01996633 19.04568021
  19.54598263 19.42921595 19.36802755 19.65944932 20.15052117 20.23548391
  19.35933211 19.83877456 19.40134369 19.59868145 19.60611123 19.7296428
  19.41620615 19.42381082 19.70164077 19.73212856 19.46125225 19.66493203
  19.53173509 19.16484747 19.51109875 19.52397106 19.38708375 19.36278456
  20.02346482 19.90722266]
[20.55344024 20.95720961 19.79243054 30.45760769 20.45988226 20.20446461
  19.95188089 20.32330818 20.43192    20.36418821 20.20380796 20.12843087
  20.43001137 20.57224749 20.15078475 20.45028569 20.69124148 20.34139411
  20.41482307 20.4875022  20.25278072 20.20618451 19.89512917 20.03927039
  20.45939006 20.51815086 20.06195604 20.67790194 21.0395461  20.31365665
  20.51571676 20.65386831 20.02654021 20.42928581 20.58228699 20.47050543
  20.15905875 20.15600926 20.2116321  20.81830694 20.11418983 20.31135221
  20.46166882 20.1106861  19.97000198 20.50626455 19.7996895  20.14983934
  21.07274575 20.47730481]
[20.6635081  21.18023181 19.77509375 20.45988226 30.47067571 20.52067782
  19.856304   20.49501684 20.719773   21.01086861 19.80430588 20.24463396
  20.15266422 19.97663218 19.95042829 20.28722353 20.6765982  20.41261254
  19.66549702 20.43983729 20.25588284 20.21760884 19.89615735 20.51862312
  20.21759318 20.45367658 20.43200786 19.79953155 20.85154259 20.64599795
  20.30440679 20.33820401 19.84840952 20.69819176 20.44781686 20.50835572
  20.15274928 19.39567314 20.32382062 20.25833158 19.90490991 20.59599977
  20.22783516 20.3733673  19.91509016 20.23513408 19.81830209 20.00862863
  20.8994072  20.12218898]
[20.11359186 20.36571082 19.46251581 20.20446461 20.52067782 29.45309654
  19.76181283 20.25345751 20.00598104 20.25175279 19.55188961 19.86523797
  20.39801151 19.99041604 19.68030874 20.13270562 20.22915192 19.62768906
  19.70049988 19.7871421  20.18585043 19.99040177 19.57714466 19.76391614
  19.96858613 19.77073303 20.19722923 19.7969489  20.62986576 20.42773642
  19.78257824 19.94085518 19.75141517 19.96207675 20.06519078 20.21014127
  19.50678675 19.25433741 19.91101088 20.19271597 19.88161406 19.99660877
  20.28574842 20.18263274 19.57643871 19.68318508 19.54460171 19.8672299
  20.25691918 20.23322526]
[19.77161573 20.31994678 18.51874365 19.95188089 19.856304   19.76181283
  28.97143975 19.52908298 19.91783788 20.18814823 19.00827625 19.26464213
  19.39343825 19.10601988 19.35900042 19.69195664 19.83635498 19.06428541
  19.42093228 19.3663445  19.94598918 19.29174821 19.45754462 19.48159138
  19.24150358 19.71865303 19.18455239 19.45351319 20.00644559 19.57653769
  19.79272195 19.51724939 19.58042168 19.9256898  20.0119455  19.81484642
  19.83391198 19.3544577  19.66011288 19.9717655  19.07670396 20.13420783
  19.95294503 19.32792799 19.55616124 19.60519305 18.97144315 19.52231575
  20.07498563 19.6985994 ]
[20.04529948 20.472366   19.04813434 20.32330818 20.49501684 20.25345751
  19.52908298 29.02064548 20.08187264 20.31887092 19.87822464 19.79710371
  20.26058452 19.80210554 19.37384269 20.06583858 20.28334836 19.78961289
  19.49472873 20.19361869 19.83829112 19.76891558 19.67412569 20.15937953
  20.10945513 20.11952827 20.03249289 20.06638895 20.61383974 20.3248225
  19.86134329 20.02753754 19.69121441 19.9176821  20.22382482 20.52027994
  19.69795053 19.26312704 19.98219991 20.16305924 19.86166455 20.16325115
  20.37799622 19.76714781 19.59258937 20.11561262 19.26506871 20.04834204
  20.38689853 19.92486499]
[20.25931087 20.658557   19.72083857 20.43192    20.719773   20.00598104
  19.91783788 20.08187264 30.2236617  19.9624055  19.78576573 19.88214783
  19.92906608 20.18335612 19.48636905 19.98361959 20.31042918 20.23458927
  19.84794561 20.46693847 19.97426727 20.36378744 20.08421721 19.99708919
  20.13688755 20.16094355 20.30458452 20.06353327 20.46845745 20.49229638
  20.39141414 20.09198568 20.16671912 20.31722094 20.30066554 20.36454044
  20.2837433  19.78229549 20.17987507 20.82168813 19.54699415 20.59133137
  20.39653033 20.05357212 19.63934421 19.86978617 19.86005933 20.18287211
  20.58094457 20.4005864 ]
[20.77508752 21.01707681 19.76348351 20.36418821 21.01086861 20.25175279
  20.18814823 20.31887092 19.9624055  30.31769923 20.05108664 20.11981044
  20.28879797 20.11415017 19.88157706 20.45902117 20.32685948 20.10763587
  19.82662774 20.70165567 20.51999399 20.18140018 19.87878295 20.56568174
  20.07794961 20.22375273 20.18323671 20.19816245 21.03012921 20.71422295
  20.12275567 20.61505876 20.17730536 20.69003027 20.69755482 20.7695819
  20.19137748 19.56100212 20.69309632 20.66378549 20.10582787 20.66786
  20.26577207 20.18723967 19.78355835 20.17074001 19.81385818 20.17964671
  21.18889978 20.37417764]
[19.80594419 20.50852177 19.10317092 20.20380796 19.80430588 19.55188961
  19.00827625 19.87822464 19.78576573 20.05108664 28.82656821 19.7104721
  19.59813128 19.40112775 19.60664927 19.7577444  19.99510275 19.41384601
  19.2202237  19.6468234  19.85358135 19.52414728 19.03810544 19.49545411
  19.54920885 19.64507094 19.56804492 19.76499749 20.07578586 20.04787906
  19.46945827 19.94880314 19.27414673 19.75105061 19.87727423 19.7176274
  19.82289991 19.2282881  19.66508255 19.82222521 19.05464561 20.26169372
  19.99050159 19.50038889 19.64104783 19.48069833 18.93612642 19.19567846
  20.3090627  19.98096719]
[20.12045475 20.51111718 19.65552743 20.12843087 20.24463396 19.86523797
  19.26464213 19.79710371 19.88214783 20.11981044 19.7104721  29.67432312
  19.80941661 19.60767361 19.61813278 20.01426785 19.95366159 19.63805402
  19.33033165 19.92588835 19.9352323  20.23543275 19.71558274 19.92917626
  19.98102209 19.85413496 20.14712263 19.75973371 20.52437921 19.9941775
  20.21280497 19.81240268 19.39747983 19.95365774 20.40604512 20.31072213
  19.7134924  19.56597466 20.1460719  20.50926409 19.68367527 20.17136335
  19.95873074 19.96937782 19.57436938 19.98259531 19.33303926 19.43743332
  20.14255312 20.20094826]
[19.75807593 20.70162152 19.68131452 20.43001137 20.15266422 20.39801151
  19.39343825 20.26058452 19.92906608 20.28879797 19.59813128 19.80941661
  29.6946588  20.06657471 19.65788275 20.20054481 20.47078883 19.89035704
  19.62748498 19.90482913 20.1025988  19.84159732 19.78620956 19.74300383
  20.06922242 20.00212812 19.82239893 20.21700235 20.75546434 20.36063479
  20.03633355 20.24680619 19.44250761 19.92236483 20.31498934 20.47023693
  19.67171909 19.48671779 20.29404064 20.16669581 19.62955527 20.49118067
  20.67668986 20.20397303 19.97892546 19.8812582  19.59481813 20.32806772
  20.55504291 20.2921584 ]
[19.85042804 20.31391829 19.33442115 20.57224749 19.97663218 19.99041604
  19.10601988 19.80210554 20.18335612 20.11415017 19.40112775 19.60767361
  20.06657471 29.52047206 19.3039546  19.77148586 19.9905304  19.7080714
  19.10065656 20.19598833 19.84854813 19.91071898 19.50244017 19.73992452
  19.82760433 19.91423702 19.77917953 19.93132862 20.6872071  20.00126777
  19.6776467  19.88760877 19.42170325 19.81268929 20.19502112 19.82661522
  19.49028251 19.3015791  19.83146925 20.11985883 19.62720477 20.01272751
  19.89273241 19.50360129 19.21346002 19.54033696 19.12093263 19.83894514
  20.36422229 19.87273236]
[19.95497317 20.31041431 19.3021563  20.15078475 19.95042829 19.68030874
  19.35900042 19.37384269 19.48636905 19.88157706 19.60664927 19.61813278
  19.65788275 19.3039546  28.92970168 19.93002975 20.04488412 19.73216636
  19.03219492 19.72269473 19.61405841 19.4571478  19.04158773 19.64544335
  19.44657607 19.82020362 19.67732546 19.58477028 20.05433317 20.29412977
  19.47943739 19.7381435  19.44191965 19.52704932 20.09712421 19.76644733
  19.39466668 19.1221098  20.26570132 19.94791071 19.13978095 19.92615136
  19.80808413 19.48583097 19.26273223 19.48871682 19.04875465 19.70672097
  20.2245812  20.15418623]
[20.04733823 21.08518231 19.4589817  20.45028569 20.28722353 20.13270562
  19.69195664 20.06583858 19.98361959 20.45902117 19.7577444  20.01426785
  20.20054481 19.77148586 19.93002975 29.70746216 20.32268234 20.01112435
  19.47207518 20.11217561 19.88965105 20.05192701 19.8314139  20.17475688
  19.6964804  20.30030966 20.04699039 20.05923169 20.8519313  20.64137374
  20.03566317 20.1546974  19.67253765 20.22895133 20.42881776 20.54404364
  20.00169776 19.94858778 20.59744704 20.21720358 19.93435883 20.33583208
  20.32831432 20.35130578 20.04690401 20.07448614 19.70994051 20.32967049
  20.699354   20.52282666]
[20.2416206  20.7611627  19.57966175 20.69124148 20.6765982  20.22915192
  19.83635498 20.28334836 20.31042918 20.32685948 19.99510275 19.95366159
  20.47078883 19.9905304  20.04488412 20.32268234 30.49485196 20.18957931
  19.70944162 20.0949696  19.91461847 20.17609617 19.87316639 20.22497956
  20.25850948 20.16437953 20.4406129  20.0409761  21.06974109 20.4029915
  20.35720143 20.15627997 19.89065294 19.96068534 20.37319805 20.80743636
  20.06078282 19.73178375 20.39341782 20.94366954 19.72772635 20.41826889
  20.09175971 20.3162073  19.98208501 20.41836815 19.62859031 20.05071703
  20.73043313 20.6934925 ]
[20.09062848 20.43038273 19.10847539 20.34139411 20.41261254 19.62768906
  19.06428541 19.78961289 20.23458927 20.10763587 19.41384601 19.63805402
  19.89035704 19.7080714  19.73216636 20.01112435 20.18957931 29.4607653
  19.63386904 19.74117833 20.17046183 19.85281219 19.39469248 19.45552149
  19.5108063  20.20793309 20.13356944 19.73473642 20.29623899 20.24268152
  19.91298919 19.97609839 19.15350946 19.93273758 20.14533993 19.88949684
  19.51110588 19.53449382 20.16606381 20.10370554 19.37696083 20.46326607
  19.93410191 19.880655   19.42799859 19.57055184 19.33167428 19.99124371
  20.08052755 19.85999816]
[19.82265706 20.20122986 19.281759   20.41482307 19.66549702 19.70049988
  19.42093228 19.49472873 19.84794561 19.82662774 19.2202237  19.33033165
  19.62748498 19.10065656 19.03219492 19.47207518 19.70944162 19.63386904
  28.67791543 19.37532289 19.94964151 19.44670629 19.19975757 19.36594779
  19.42855078 19.52937333 19.38733281 19.01593166 19.9454093  19.81503727
  19.47603813 19.71975532 19.31836839 19.44130566 19.61514863 19.7192679
  19.45576423 19.26860511 19.54236526 19.78360879 19.13411785 19.82407353
  19.47974008 19.6995535  19.17843967 19.79476754 19.29191664 19.42686691
  19.89019195 20.05239615]
[20.20042282 20.19105234 19.51985298 20.4875022  20.43983729 19.7871421
  19.3663445  20.19361869 20.46693847 20.70165567 19.6468234  19.92588835
  19.90482913 20.19598833 19.72269473 20.11217561 20.0949696  19.74117833
  19.37532289 29.72716    20.11612392 19.87675917 19.49215153 19.87814163
  20.16061828 20.24061641 19.87962485 19.91640847 20.4743748  20.4161277
  19.87253543 20.1002081  19.69328963 20.16831867 20.37277126 19.77786262
  20.13068827 19.80502138 20.35911456 20.57460525 19.66762857 20.60254953
  20.41322005 20.20467919 19.7362279  19.77600698 19.55785329 19.75015121
  20.65184087 20.14537501]
[20.41787065 20.71088099 19.33788669 20.25278072 20.25588284 20.18585043
  19.94598918 19.83829112 19.97426727 20.51999399 19.85358135 19.9352323
  20.1025988  19.84854813 19.61405841 19.88965105 19.91461847 20.17046183
  19.94964151 20.11612392 29.66693044 20.1067064  19.91461126 20.20249366
  19.89210194 20.17856735 20.02507306 20.00860009 20.65998935 20.34833127
  19.8284111  20.08802651 19.88716389 20.17723722 20.63768727 20.16783771
  20.20447237 19.77545157 19.95111086 20.2849864  19.9880193  20.48140195
  20.09054878 20.40581496 19.97009127 19.98648844 19.51656425 19.88130233
  20.66320802 20.28477515]
[20.35288761 20.36367921 19.78820693 20.20618451 20.21760884 19.99040177
  19.29174821 19.76891558 20.36378744 20.18140018 19.52414728 20.23543275
  19.84159732 19.91071898 19.4571478  20.05192701 20.17609617 19.85281219
  19.44670629 19.87675917 20.1067064  29.80062288 19.60233898 20.11258872
  20.01918535 20.14039352 19.78360218 19.57320815 20.24724631 20.4071834
  19.85834213 19.68511224 19.48000445 19.99411313 20.31656351 20.34277501
  19.97949729 19.6041893  20.21014389 20.38552754 19.92709984 20.24517021
  19.88217951 19.87070893 19.80722047 19.83946665 19.35332604 19.56068524
  20.63598265 20.35500399]
[20.14036624 19.85873085 19.01996633 19.89512917 19.89615735 19.57714466
  19.45754462 19.67412569 20.08421721 19.87878295 19.03810544 19.71558274
  19.78620956 19.50244017 19.04158773 19.8314139  19.87316639 19.39469248
  19.19975757 19.49215153 19.91461126 19.60233898 29.32601387 19.97122987
  19.59422556 20.02660537 19.81574939 19.35860444 20.01479746 19.97364416
  19.55649544 19.90177478 19.23043514 19.59710768 19.97672086 19.9071482
  19.49790707 19.23563456 19.53700156 19.7239331  19.43611288 19.94004024
  19.50262376 19.69620459 19.47228689 19.63298731 19.013567   19.72974042
  20.34197606 20.0399504 ]
[19.85004525 20.74847604 19.04568021 20.03927039 20.51862312 19.76391614
  19.48159138 20.15937953 19.99708919 20.56568174 19.49545411 19.92917626
  19.74300383 19.73992452 19.64544335 20.17475688 20.22497956 19.45552149
  19.36594779 19.87814163 20.20249366 20.11258872 19.97122987 29.67106672
  19.54301033 19.91158187 19.92162777 19.89468362 20.81777941 20.57569703
  20.17143853 20.34152453 19.5994578  19.98070065 20.53449218 20.1270403
  19.87320914 19.62147868 20.19357613 20.50770077 19.82771487 19.92054928
  20.13665041 19.90662475 19.97219531 19.65145011 19.21325967 19.76237816
  20.53896514 20.57202952]
[20.12400476 20.39459694 19.54598263 20.45939006 20.21759318 19.96858613
  19.24150358 20.10945513 20.13688755 20.07794961 19.54920885 19.98102209
  20.06922242 19.82760433 19.44657607 19.6964804  20.25850948 19.5108063
  19.42855078 20.16061828 19.89210194 20.01918535 19.59422556 19.54301033
  29.47933828 19.99859649 20.32840004 20.00341596 20.61336454 20.20073069
  19.82439718 20.03714881 19.75838291 19.84904148 20.54106305 20.31000708
  19.99254103 19.21744678 19.93753084 20.3852334  19.65679217 20.34507821
  19.9912721  19.84736231 19.78561004 19.94053493 19.36231474 19.68143245
  20.23036106 20.13738932]
[20.56451263 21.03377354 19.42921595 20.51815086 20.45367658 19.77073303
  19.71865303 20.11952827 20.16094355 20.22375273 19.64507094 19.85413496
  20.00212812 19.91423702 19.82020362 20.30030966 20.16437953 20.20793309
  19.52937333 20.24061641 20.17856735 20.14039352 20.02660537 19.91158187
  19.99859649 29.57438821 19.79101479 19.9936678  20.47911243 20.24507531
  20.04576768 19.90199674 19.74130966 19.95539766 20.73999025 20.14785788
  19.7993625  19.49268581 20.19284548 20.30041286 19.86970721 20.2696387
  20.21408169 19.89852276 20.0627792  20.10436284 19.77281738 20.05211678
  20.76741823 19.96811519]
[20.18339271 20.89738946 19.36802755 20.06195604 20.43200786 20.19722923
  19.18455239 20.03249289 20.30458452 20.18323671 19.56804492 20.14712263
  19.82239893 19.77917953 19.67732546 20.04699039 20.4406129  20.13356944
  19.38733281 19.87962485 20.02507306 19.78360218 19.81574939 19.92162777
  20.32840004 19.79101479 29.85977113 19.58351593 20.60536909 20.66757969
  19.86381871 19.83200235 19.62794534 20.34555521 20.76694225 20.56336366
  20.43636891 19.93812839 20.25184551 20.36959163 19.62129199 20.52179423
  19.8122507  20.07656035 19.34662049 20.06492871 19.37792114 19.88032908
  20.71313879 20.62979074]
[19.81372884 20.65523625 19.65944932 20.67790194 19.79953155 19.7969489
  19.45351319 20.06638895 20.06353327 20.19816245 19.76499749 19.75973371
  20.21700235 19.93132862 19.58477028 20.05923169 20.0409761  19.73473642
  19.01593166 19.91640847 20.00860009 19.57320815 19.35860444 19.89468362
  20.00341596 19.9936678  19.58351593 29.61199484 20.45507403 20.49393848
  19.95256823 20.04956584 19.49766518 20.1034503  20.06920028 20.11699714
  19.85959244 19.49455273 20.22480653 20.20941183 19.54833074 20.09003458
  20.3181579  19.72829837 19.74249146 19.94292306 19.55977548 19.79846703
  20.67031367 20.26523387]
[20.65361626 21.21096144 20.15052117 21.0395461  20.85154259 20.62986576
  20.00644559 20.61383974 20.46845745 21.03012921 20.07578586 20.52437921
  20.75546434 20.6872071  20.05433317 20.8519313  21.06974109 20.29623899
  19.9454093  20.4743748  20.65998935 20.24724631 20.01479746 20.81777941
  20.61336454 20.47911243 20.60536909 20.45507403 31.30899164 20.89096526
  20.45270151 20.78060551 19.89349104 20.83379773 21.119922   21.08190048
  20.26486682 20.30654594 20.65819564 21.23629097 20.2641313  21.18122342
  20.72320945 20.58054645 20.20876339 20.52715214 20.24458627 20.46620215
  21.1123211  20.78650012]
[20.79208835 21.03468999 20.23548391 20.31365665 20.64599795 20.42773642
  19.57653769 20.3248225  20.49229638 20.71422295 20.04787906 19.9941775
  20.36063479 20.00126777 20.29412977 20.64137374 20.4029915  20.24268152
  19.81503727 20.4161277  20.34833127 20.4071834  19.97364416 20.57569703
  20.20073069 20.24507531 20.66757969 20.49393848 20.89096526 30.43886303
  20.11959466 20.24476964 20.07520794 20.19091121 20.47454876 20.57353299
  20.10698305 19.80439205 20.76990721 20.77548092 20.18651355 20.50561595
  20.50996087 20.5440769  20.58673452 20.22824574 19.98706584 20.12221154
  20.74694701 20.69021639]
[19.81640904 20.53505384 19.35933211 20.51571676 20.30440679 19.78257824
  19.79272195 19.86134329 20.39141414 20.12275567 19.46945827 20.21280497
  20.03633355 19.6776467  19.47943739 20.03566317 20.35720143 19.91298919
  19.47603813 19.87253543 19.8284111  19.85834213 19.55649544 20.17143853
  19.82439718 20.04576768 19.86381871 19.95256823 20.45270151 20.11959466
  29.45987571 20.49304762 19.44911239 19.86573203 20.33711239 20.00643353
  19.94000239 19.6772348  20.18867847 20.17857108 19.62082733 20.47074249
  19.87062172 19.94003834 19.71432566 19.97830062 19.52286927 19.73115681
  20.32866457 20.10858734]
[20.25122681 20.58927603 19.83877456 20.65386831 20.33820401 19.94085518
  19.51724939 20.02753754 20.09198568 20.61505876 19.94880314 19.81240268
  20.24680619 19.88760877 19.7381435  20.1546974  20.15627997 19.97609839
  19.71975532 20.1002081  20.08802651 19.68511224 19.90177478 20.34152453
  20.03714881 19.90199674 19.83200235 20.04956584 20.78060551 20.24476964
  20.49304762 29.47896023 19.79730296 19.92592453 20.66173662 20.28819576
  19.70126358 19.23240457 20.34720719 20.31682897 19.7219321  20.65249925
  20.22920294 20.37957135 19.99438506 20.08051063 19.5981799  20.06328099
  20.70431823 20.33758161]
[20.08002511 20.06481045 19.40134369 20.02654021 19.84840952 19.75141517
  19.58042168 19.69121441 20.16671912 20.17730536 19.27414673 19.39747983
  19.44250761 19.42170325 19.44191965 19.67253765 19.89065294 19.15350946
  19.31836839 19.69328963 19.88716389 19.48000445 19.23043514 19.5994578
  19.75838291 19.74130966 19.62794534 19.49766518 19.89349104 20.07520794
  19.44911239 19.79730296 28.9480012  19.78392912 19.7532322  19.9292551
  19.5276554  19.64273449 19.88356454 19.96404971 19.01953314 20.02367636
  20.01159142 19.67924772 19.50589121 19.51178417 19.29973093 19.88178424
  19.97385272 19.84903772]
[20.00422243 20.44266495 19.59868145 20.42928581 20.69819176 19.96207675
  19.9256898  19.9176821  20.31722094 20.69003027 19.75105061 19.95365774
  19.92236483 19.81268929 19.52704932 20.22895133 19.96068534 19.93273758
  19.44130566 20.16831867 20.17723722 19.99411313 19.59710768 19.98070065
  19.84904148 19.95539766 20.34555521 20.1034503  20.83379773 20.19091121
  19.86573203 19.92592453 19.78392912 29.84465939 20.38907279 20.41574576
  19.96157625 19.76823543 20.03477628 20.23471898 19.43841882 19.78102179
  20.53317328 19.91067059 19.65966224 20.31243048 19.33964142 20.0141209
  20.37509557 20.17730157]
[20.51766956 20.93854855 19.60611123 20.58228699 20.44781686 20.06519078
  20.0119455  20.22382482 20.30066554 20.69755482 19.87727423 20.40604512
  20.31498934 20.19502112 20.09712421 20.42881776 20.37319805 20.14533993
  19.61514863 20.37277126 20.63768727 20.31656351 19.97672086 20.53449218
  20.54106305 20.73999025 20.76694225 20.06920028 21.119922   20.47454876
  20.33711239 20.66173662 19.7532322  20.38907279 30.59363431 20.71017418
  20.15988411 19.67612194 20.45398993 20.6107852  19.99019621 20.68567277
  20.21363449 20.13775961 19.91972978 20.03523971 19.71733177 20.42648647
  20.66876502 20.62697428]
[20.879987   20.68320041 19.7296428  20.47050543 20.50835572 20.21014127
  19.81484642 20.52027994 20.36454044 20.7695819  19.7176274  20.31072213
  20.47023693 19.82661522 19.76644733 20.54404364 20.80743636 19.88949684
  19.7192679  19.77786262 20.16783771 20.34277501 19.9071482  20.1270403
  20.31000708 20.14785788 20.56336366 20.11699714 21.08190048 20.57353299
  20.00643353 20.28819576 19.9292551  20.41574576 20.71017418 30.62939683
  20.16855095 20.24276081 20.72114477 20.74276124 20.1405346  20.72829959
  20.2206654  20.34413136 19.86853499 20.27626109 19.77673272 20.36295174
  21.11263494 20.35551645]
[20.21440027 20.60558139 19.41620615 20.15905875 20.15274928 19.50678675
  19.83391198 19.69795053 20.2837433  20.19137748 19.82289991 19.7134924
  19.67171909 19.49028251 19.39466668 20.00169776 20.06078282 19.51110588
  19.45576423 20.13068827 20.20447237 19.97949729 19.49790707 19.87320914
  19.99254103 19.7993625  20.43636891 19.85959244 20.26486682 20.10698305
  19.94000239 19.70126358 19.5276554  19.96157625 20.15988411 20.16855095
  29.84434055 19.28757443 19.95590709 20.32006592 19.43156544 19.9902616
  19.99444361 20.13017041 19.47992261 19.93055468 19.43024489 19.94025579
  20.47007324 20.19833815]
[19.80126801 20.19544623 19.42381082 20.15600926 19.39567314 19.25433741
  19.3544577  19.26312704 19.78229549 19.56100212 19.2282881  19.56597466
  19.48671779 19.3015791  19.1221098  19.94858778 19.73178375 19.53449382
  19.26860511 19.80502138 19.77545157 19.6041893  19.23563456 19.62147868
  19.21744678 19.49268581 19.93812839 19.49455273 20.30654594 19.80439205
  19.6772348  19.23240457 19.64273449 19.76823543 19.67612194 20.24276081
  19.28757443 29.3919214  19.80235493 20.20957792 19.47275924 20.14262272
  19.52509712 19.32590439 19.27515517 19.46359434 19.5015895  19.51611194
  20.60973038 20.08466392]
[20.40104902 21.14606533 19.70164077 20.2116321  20.32382062 19.91101088
  19.66011288 19.98219991 20.17987507 20.69309632 19.66508255 20.1460719
  20.29404064 19.83146925 20.26570132 20.59744704 20.39341782 20.16606381
  19.54236526 20.35911456 19.95111086 20.21014389 19.53700156 20.19357613
  19.93753084 20.19284548 20.25184551 20.22480653 20.65819564 20.76990721
  20.18867847 20.34720719 19.88356454 20.03477628 20.45398993 20.72114477
  19.95590709 19.80235493 30.05631225 20.48145865 19.7223998  20.29416819
  20.13995486 20.17676469 19.85599735 20.5760626  19.5623957  20.10653069
  21.04969579 20.54964735]
[19.98789404 21.19885119 19.73212856 20.81830694 20.25833158 20.19271597
  19.9717655  20.16305924 20.82168813 20.66378549 19.82222521 20.50926409
  20.16669581 20.11985883 19.94791071 20.21720358 20.94366954 20.10370554
  19.78360879 20.57460525 20.2849864  20.38552754 19.7239331  20.50770077
  20.3852334  20.30041286 20.36959163 20.20941183 21.23629097 20.77548092
  20.17857108 20.31682897 19.96404971 20.23471898 20.6107852  20.74276124
  20.32006592 20.20957792 20.48145865 30.62698793 20.16644342 20.43092224
  20.38922225 20.2634314  20.15136742 20.20108118 19.76264953 20.26157227
  21.01964095 20.57071644]
[20.00935932 20.589762   19.46125225 20.11418983 19.90490991 19.88161406
  19.07670396 19.86166455 19.54699415 20.10582787 19.05464561 19.68367527
  19.62955527 19.62720477 19.13978095 19.93435883 19.72772635 19.37696083
  19.13411785 19.66762857 19.9880193  19.92709984 19.43611288 19.82771487
  19.65679217 19.86970721 19.62129199 19.54833074 20.2641313  20.18651355
  19.62082733 19.7219321  19.01953314 19.43841882 19.99019621 20.1405346
  19.43156544 19.47275924 19.7223998  20.16644342 29.01918341 19.68345143
  20.14130612 20.05259637 19.62856122 19.75803115 19.04439481 19.68735357
  20.29734453 20.19706337]
[20.84697283 20.88214539 19.66493203 20.31135221 20.59599977 19.99660877
  20.13420783 20.16325115 20.59133137 20.66786    20.26169372 20.17136335
  20.49118067 20.01272751 19.92615136 20.33583208 20.41826889 20.46326607
  19.82407353 20.60254953 20.48140195 20.24517021 19.94004024 19.92054928
  20.34507821 20.2696387  20.52179423 20.09003458 21.18122342 20.50561595
  20.47074249 20.65249925 20.02367636 19.78102179 20.68567277 20.72829959
  19.9902616  20.14262272 20.29416819 20.43092224 19.68345143 30.21731275
  20.36740262 20.27885601 20.07857529 20.12236614 20.1037378  20.1384192
  20.87892627 20.5124215 ]
[20.4527224  20.39970863 19.53173509 20.46166882 20.22783516 20.28574842
  19.95294503 20.37799622 20.39653033 20.26577207 19.99050159 19.95873074
  20.67668986 19.89273241 19.80808413 20.32831432 20.09175971 19.93410191
  19.47974008 20.41322005 20.09054878 19.88217951 19.50262376 20.13665041
  19.9912721  20.21408169 19.8122507  20.3181579  20.72320945 20.50996087
  19.87062172 20.22920294 20.01159142 20.53317328 20.21363449 20.2206654
  19.99444361 19.52509712 20.13995486 20.38922225 20.14130612 20.36740262
  29.6298682  20.26018669 20.15040626 20.14049385 19.61589806 19.96188234
  20.765714   20.43003785]
[20.12980948 20.77808819 19.16484747 20.1106861  20.3733673  20.18263274
  19.32792799 19.76714781 20.05357212 20.18723967 19.50038889 19.96937782
  20.20397303 19.50360129 19.48583097 20.35130578 20.3162073  19.880655
  19.6995535  20.20467919 20.40581496 19.87070893 19.69620459 19.90662475
  19.84736231 19.89852276 20.07656035 19.72829837 20.58054645 20.5440769
  19.94003834 20.37957135 19.67924772 19.91067059 20.13775961 20.34413136
  20.13017041 19.32590439 20.17676469 20.2634314  20.05259637 20.27885601
  20.26018669 29.25042926 19.56238326 19.38117255 19.40951313 19.88505245
  20.22217673 20.6536829 ]
[19.88645009 20.87696895 19.51109875 19.97000198 19.91509016 19.57643871
  19.55616124 19.59258937 19.63934421 19.78355835 19.64104783 19.57436938
  19.97892546 19.21346002 19.26273223 20.04690401 19.98208501 19.42799859
  19.17843967 19.7362279  19.97009127 19.80722047 19.47228689 19.97219531
  19.78561004 20.0627792  19.34662049 19.74249146 20.20876339 20.58673452
  19.71432566 19.99438506 19.50589121 19.65966224 19.91972978 19.86853499
  19.47992261 19.27515517 19.85599735 20.15136742 19.62856122 20.07857529
  20.15040626 19.56238326 29.30983005 19.69757947 19.0744167  19.65488853
  20.47430337 20.27752066]
[20.20472567 20.76361671 19.52397106 20.50626455 20.23513408 19.68318508
  19.60519305 20.11561262 19.86978617 20.17074001 19.48069833 19.98259531
  19.8812582  19.54033696 19.48871682 20.07448614 20.41836815 19.57055184
  19.79476754 19.77600698 19.98648844 19.83946665 19.63298731 19.65145011
  19.94053493 20.10436284 20.06492871 19.94292306 20.52715214 20.22824574
  19.97830062 20.08051063 19.51178417 20.31243048 20.03523971 20.27626109
  19.93055468 19.46359434 20.5760626  20.20108118 19.75803115 20.12236614
  20.14049385 19.38117255 19.69757947 29.49639944 19.36465377 20.34661046
  20.45573072 20.3604825 ]
[19.62936644 20.28976283 19.38708375 19.7996895  19.81830209 19.54460171
  18.97144315 19.26506871 19.86005933 19.81385818 18.93612642 19.33303926
  19.59481813 19.12093263 19.04875465 19.70994051 19.62859031 19.33167428
  19.29191664 19.55785329 19.51656425 19.35332604 19.013567   19.21325967
  19.36231474 19.77281738 19.37792114 19.55977548 20.24458627 19.98706584
  19.52286927 19.5981799  19.29973093 19.33964142 19.71733177 19.77673272
  19.43024489 19.5015895  19.5623957  19.76264953 19.04439481 20.1037378
  19.61589806 19.40951313 19.0744167  19.36465377 28.73858469 19.61426994
  20.04507944 19.6901141 ]
[20.56892556 20.49696246 19.36278456 20.14983934 20.00862863 19.8672299
  19.52231575 20.04834204 20.18287211 20.17964671 19.19567846 19.43743332
  20.32806772 19.83894514 19.70672097 20.32967049 20.05071703 19.99124371
  19.42686691 19.75015121 19.88130233 19.56068524 19.72974042 19.76237816
  19.68143245 20.05211678 19.88032908 19.79846703 20.46620215 20.12221154
  19.73115681 20.06328099 19.88178424 20.0141209  20.42648647 20.36295174
  19.94025579 19.51611194 20.10653069 20.26157227 19.68735357 20.1384192
  19.96188234 19.88505245 19.65488853 20.34661046 19.61426994 29.67993421
  20.3616913  19.93802654]
[20.86280196 21.48611528 20.02346482 21.07274575 20.8994072  20.25691918
  20.07498563 20.38689853 20.58094457 21.18889978 20.3090627  20.14255312
  20.55504291 20.36422229 20.2245812  20.699354   20.73043313 20.08052755
  19.89019195 20.65184087 20.66320802 20.63598265 20.34197606 20.53896514
  20.23036106 20.76741823 20.71313879 20.67031367 21.1123211  20.74694701
  20.32866457 20.70431823 19.97385272 20.37509557 20.66876502 21.11263494
  20.47007324 20.60973038 21.04969579 21.01964095 20.29734453 20.87892627
  20.765714   20.22217673 20.47430337 20.45573072 20.04507944 20.3616913
  31.04273542 20.9360906 ]
[20.51448568 21.25798465 19.90722266 20.47730481 20.12218898 20.23322526
  19.6985994  19.92486499 20.4005864  20.37417764 19.98096719 20.20094826
  20.2921584  19.87273236 20.15418623 20.52282666 20.6934925  19.85999816
  20.05239615 20.14537501 20.28477515 20.35500399 20.0399504  20.57202952
  20.13738932 19.96811519 20.62979074 20.26523387 20.78650012 20.69021639
  20.10858734 20.33758161 19.84903772 20.17730157 20.62697428 20.35551645
  20.19833815 20.08466392 20.54964735 20.57071644 20.19706337 20.5124215
  20.43003785 20.6536829  20.27752066 20.3604825  19.6901141  19.93802654
  20.9360906  30.44323653]
]