6777
50
10
24.54974252989958

[0.03372611 0.02343401 0.07722688 0.03140264 0.03223803 0.03470833
 0.07152754 0.07611094 0.03055791 0.02741716 0.08550002 0.04973183
 0.02740808 0.07415116 0.05803    0.05641926 0.06954041 0.07576052
 0.05465451 0.08022599 0.07174056 0.0876442  0.03712356 0.0761167
 0.0849526  0.03090581 0.02384368 0.04766327 0.08085671 0.08485238
 0.08866476 0.02501676 0.07872758 0.05991968 0.0903389  0.09367842
 0.03140304 0.07420991 0.07891991 0.05318686 0.06451857 0.08562793
 0.05877296 0.03906164 0.03801607 0.05540341 0.08101738 0.06255232
 0.0800867  0.06603877]

[[29.30491995 19.17855953 19.60533335 19.83456099 20.32609353 19.93316305
  19.46507254 20.15609195 19.59129156 19.94586758 19.59424288 19.64415481
  19.93269491 19.16047805 20.00977208 19.81155432 19.9563788  20.36249615
  19.45233531 19.65814764 19.80371097 19.55941402 19.56098441 19.51093145
  19.84082942 20.31417825 19.99557135 19.43990007 18.99122124 20.35736185
  19.70972053 19.62593807 19.43451462 19.88494475 20.12923771 19.68902498
  19.7801783  20.28793155 19.58032604 19.73945046 18.79940465 19.6523378
  19.79936602 19.40129963 19.57723726 19.82064793 19.47194524 19.16327759
  19.56810038 19.87478451]
[19.17855953 30.24788501 19.73296035 19.96345301 20.35507401 19.77285022
  19.75936605 20.28134529 20.16372881 20.21252235 19.56570929 19.92882227
  19.98094519 19.93565008 20.35784826 20.06394165 20.16129185 20.36435297
  20.03560913 19.46173098 20.404596   20.19002886 20.41426353 19.89484421
  19.79565792 20.19847451 20.37600098 19.838816   19.6673167  20.08215858
  20.1315703  19.9690639  19.54667958 20.46212491 19.99413544 19.72425877
  19.81966546 20.59979712 19.95083138 19.97529913 19.66219803 20.14856736
  20.37366059 19.69866294 19.85171153 19.48897381 20.05337289 19.46399305
  20.11033516 19.88432518]
[19.60533335 19.73296035 29.33270497 20.17989478 19.98313194 19.67922231
  19.40326104 19.78218635 19.44173509 20.08805638 19.36393454 19.77895532
  19.3509106  19.65279324 20.01286571 19.81743183 19.98487712 19.87247776
  19.79151097 19.72827129 19.93326343 19.58889136 19.76986524 19.70957786
  19.79588768 20.20290064 19.98372436 19.88253243 19.03553672 20.29478339
  19.53857525 19.58313719 19.59112485 19.68004123 19.74039468 19.43653205
  19.88214571 20.03646484 19.30211444 19.91215008 18.72780133 19.50455874
  19.87062264 19.89063915 19.54462874 19.54599664 19.91425782 19.19250792
  19.95087389 19.85015434]
[19.83456099 19.96345301 20.17989478 29.78989585 20.37962229 19.86187729
  19.6002438  20.2601876  20.01465841 20.19661751 19.88026826 19.60313986
  19.87266928 20.18400505 20.4961675  19.98186514 19.79561278 20.31654737
  20.3599518  20.05760368 20.22876098 19.94804835 20.15930283 20.28970432
  20.0761934  20.62325669 20.20226338 19.86255135 19.77350118 20.39047766
  20.19338508 19.93640049 20.08187918 19.98357057 20.32347655 20.10898206
  20.10397266 20.40129934 20.04497927 20.00809013 19.1829353  19.75359446
  20.34163685 20.19921269 19.90534074 20.07906745 20.51123358 19.32195417
  19.97739911 20.12633792]
[20.32609353 20.35507401 19.98313194 20.37962229 29.92019546 20.06501284
  19.49267199 20.57818804 19.99871203 20.37857183 19.89662348 19.84884577
  20.48780898 19.85691811 20.53549384 20.22142637 20.19281824 20.75796509
  20.00748695 20.42536733 20.50522979 20.4368703  20.12199347 20.12934422
  19.91014302 20.83638372 20.59826886 20.057056   19.46242276 20.35321212
  20.1761255  19.77563147 19.82529985 19.94010573 20.48266453 20.2138146
  20.04307702 20.36853886 20.16638728 20.47808295 19.7210154  20.39112644
  20.50848204 20.43781613 19.92856287 19.94554029 20.14826895 19.72465391
  20.12661115 20.41672359]
[19.93316305 19.77285022 19.67922231 19.86187729 20.06501284 29.2922037
  19.55058476 19.74505205 19.65765271 19.57246351 19.17192342 19.26642996
  19.87413445 19.4799651  20.10946674 19.69139073 19.69180754 19.98406325
  19.81539739 19.80472673 19.87101751 19.53537947 19.87260903 19.82279334
  19.68874436 20.46547433 19.9668033  19.52388562 19.11771693 20.13648433
  20.09996946 19.58555078 19.63980469 19.71361357 20.07318226 19.69273204
  19.63719234 19.72722986 19.63687042 19.90788325 19.25949669 19.77797844
  19.97153748 19.50393627 19.49207519 19.74751878 19.61111974 19.22377779
  20.20698601 20.04559976]
[19.46507254 19.75936605 19.40326104 19.6002438  19.49267199 19.55058476
  28.53659729 19.52311208 19.39623591 19.51456335 19.1078984  19.52538538
  19.25548911 19.39550485 20.01025661 19.70689495 19.21735862 19.71401664
  19.32541695 19.23222922 19.67950468 19.58123661 19.50042713 19.44681597
  19.43693802 20.13090204 19.89725428 19.56836193 18.88003494 19.60262326
  19.66581562 19.1256131  19.29974577 19.09494836 19.90230387 19.43282523
  19.69036098 19.83632882 19.15109654 19.51098966 19.1570809  19.5081607
  19.58523168 19.14826089 19.01486084 19.50105629 19.69269882 18.73543028
  19.54769528 19.51423605]
[20.15609195 20.28134529 19.78218635 20.2601876  20.57818804 19.74505205
  19.52311208 29.72478586 20.09509277 20.15630514 19.65108759 19.91946881
  20.13876081 20.21784612 20.38430506 19.90581174 19.9805307  20.59041482
  20.34602541 20.22332496 20.42442052 20.22180055 20.16843557 19.94081977
  20.30403565 20.49491125 20.52262254 19.704284   19.24670527 20.36030343
  20.41362682 19.84123557 20.09931525 20.00931798 20.49882212 20.16034515
  20.21371682 20.12924798 20.3030011  19.96532828 19.78917427 20.42182215
  20.22915338 19.93045431 19.90274107 19.88876758 20.13010496 19.7755085
  20.39900406 20.30376756]
[19.59129156 20.16372881 19.44173509 20.01465841 19.99871203 19.65765271
  19.39623591 20.09509277 29.39033187 19.90441955 19.25575065 19.63253166
  19.76996075 19.54967661 20.37104595 19.86938182 19.99365364 20.08877416
  20.00595064 19.42811907 20.10612333 19.98466859 19.87709884 19.47660043
  19.98178494 20.31359668 20.05156548 19.68450556 19.17936277 19.89570528
  20.16938211 19.44959271 19.41129031 19.45272039 19.82684617 20.17673537
  19.97715198 20.19769745 19.80588533 19.81734802 19.12270439 19.82413646
  19.65672143 19.80793607 19.78285422 19.36228227 20.06919092 19.29313794
  19.8707553  20.06329779]
[19.94586758 20.21252235 20.08805638 20.19661751 20.37857183 19.57246351
  19.51456335 20.15630514 19.90441955 30.15325299 19.78261529 20.26383403
  20.06060034 19.60510711 20.42938252 20.07571985 20.17958714 20.1662997
  20.23631658 20.10104356 20.45466091 20.34028952 20.03961652 20.11430664
  20.24616476 20.89951502 20.60189378 20.08864536 19.04703551 20.406176
  20.03690788 19.70945371 20.01008696 20.01690036 20.07211736 20.26269629
  19.92464559 20.17754019 19.66213111 20.22938764 19.37205675 20.33317216
  20.10641267 20.03157129 19.51519531 19.68868988 19.88342161 19.50511419
  20.18243976 20.2990579 ]
[19.59424288 19.56570929 19.36393454 19.88026826 19.89662348 19.17192342
  19.1078984  19.65108759 19.25575065 19.78261529 28.80175927 19.51105672
  19.48379314 19.77158757 19.76220041 19.66063622 19.52598045 20.150089
  19.65386472 19.72773988 19.92760084 19.26060748 19.62659242 19.58188379
  19.70991254 20.26214377 19.74103878 19.52275851 18.88969809 19.85234944
  19.29896114 19.33531045 19.65189162 19.61519591 19.51431679 20.03912736
  19.57871596 19.83252099 19.21083747 19.77624151 19.05615945 19.77173805
  19.59034285 19.41329741 19.06331328 19.50751486 19.58560818 18.81100021
  19.74090125 19.92339198]
[19.64415481 19.92882227 19.77895532 19.60313986 19.84884577 19.26642996
  19.52538538 19.91946881 19.63253166 20.26383403 19.51105672 29.94654522
  19.98345323 19.34116868 20.5412519  19.86412863 19.74128141 20.04558282
  19.48497434 19.61569483 19.87247813 19.97960027 19.86507167 19.68997524
  19.79099972 19.93651949 20.24382644 19.68678382 19.41224188 19.96672172
  20.47233835 19.52556167 19.73931535 19.64469299 19.99775437 19.92326962
  20.11050986 19.85033967 19.61709437 20.02180108 19.19510538 19.69542419
  19.56702841 19.70961866 19.50258094 19.91586711 19.97611746 19.17250914
  20.0877474  20.15054787]
[19.93269491 19.98094519 19.3509106  19.87266928 20.48780898 19.87413445
  19.25548911 20.13876081 19.76996075 20.06060034 19.48379314 19.98345323
  29.98603567 19.74387453 20.56259941 20.10048779 19.83219312 20.3137792
  19.85880419 19.91659451 20.36344449 19.48417169 19.80351387 19.76736106
  19.71770836 20.75634277 20.5617047  19.86486993 19.2483597  20.51180897
  20.1014508  19.53573548 19.71123547 20.08223965 19.63575716 20.11306234
  19.82071479 20.08442481 19.97817045 20.06842826 19.34014712 20.04671267
  19.93730788 19.5845351  19.47798433 19.73906323 19.93196039 19.59294441
  20.06542193 20.2368356 ]
[19.16047805 19.93565008 19.65279324 20.18400505 19.85691811 19.4799651
  19.39550485 20.21784612 19.54967661 19.60510711 19.77158757 19.34116868
  19.74387453 29.58222506 20.29008862 19.46712332 19.52980408 20.10231384
  20.18981404 19.58509709 20.02405212 19.91662445 19.55663189 19.70107611
  19.96478332 20.31937734 20.22764416 19.9504322  19.39470876 20.28764968
  20.04727015 19.36609524 19.55378636 19.73476593 19.3573426  19.75520233
  20.20687898 19.88075663 19.68118008 19.96567983 19.40593282 19.83989507
  19.68321546 19.86595187 19.46165439 19.54874806 20.13177488 19.21548332
  19.79760631 19.88608457]
[20.00977208 20.35784826 20.01286571 20.4961675  20.53549384 20.10946674
  20.01025661 20.38430506 20.37104595 20.42938252 19.76220041 20.5412519
  20.56259941 20.29008862 30.70618337 20.38559355 19.89458281 20.50607364
  20.58796869 20.44783362 20.62403448 20.57924149 19.96032492 20.24349883
  20.14571038 20.97792956 20.48894562 20.22258285 19.67097594 20.73651916
  21.01809779 20.12415783 19.92088784 20.03126086 20.46482779 20.16208899
  20.24927946 20.54439221 20.18551715 20.09086315 19.61986118 20.09527486
  20.62305092 20.43024694 19.92759043 20.11324175 20.27284792 19.65803102
  20.42292988 20.27360351]
[19.81155432 20.06394165 19.81743183 19.98186514 20.22142637 19.69139073
  19.70689495 19.90581174 19.86938182 20.07571985 19.66063622 19.86412863
  20.10048779 19.46712332 20.38559355 29.7099745  19.96368772 20.43698833
  19.79286801 19.49117666 20.25159866 19.76801752 19.83762536 19.69472763
  19.9990185  20.25710108 20.53472571 19.75917489 18.93017015 20.25992043
  19.76083044 19.88849655 19.68057462 19.74115382 20.11120976 19.86266084
  19.81235744 20.09827633 19.83955312 20.33186114 19.30280124 20.287666
  19.9094667  19.91604929 19.30116166 19.90392059 19.60681922 19.29960902
  19.92149333 20.35449039]
[19.9563788  20.16129185 19.98487712 19.79561278 20.19281824 19.69180754
  19.21735862 19.9805307  19.99365364 20.17958714 19.52598045 19.74128141
  19.83219312 19.52980408 19.89458281 19.96368772 29.57855274 20.506634
  20.06642782 19.53810994 20.36807346 19.96767536 19.89840566 19.89508419
  20.13659142 20.49231623 20.50340389 20.08624282 19.52173595 20.29705979
  19.88480907 19.69542899 19.93861159 19.97458077 19.84019722 20.1977279
  20.22099831 20.33202788 20.02052324 20.19221948 19.35703828 19.92630524
  19.98911246 20.00830939 19.77972559 19.60489178 20.29127975 19.43025533
  20.17623267 20.2016109 ]
[20.36249615 20.36435297 19.87247776 20.31654737 20.75796509 19.98406325
  19.71401664 20.59041482 20.08877416 20.1662997  20.150089   20.04558282
  20.3137792  20.10231384 20.50607364 20.43698833 20.506634   30.12255825
  19.99742275 20.10099645 20.38685459 19.96540355 20.40009152 20.09556919
  20.24568411 20.60274108 20.8111263  20.27484086 19.87879173 20.65911534
  20.47718282 19.75601613 20.17250584 19.91055744 20.34844799 20.05836368
  20.31626943 20.19085147 19.92622876 20.3560426  19.70519628 20.48856625
  20.11564827 20.24098032 20.02742966 20.13133018 20.28736009 19.75959305
  20.2139074  20.7208936 ]
[19.45233531 20.03560913 19.79151097 20.3599518  20.00748695 19.81539739
  19.32541695 20.34602541 20.00595064 20.23631658 19.65386472 19.48497434
  19.85880419 20.18981404 20.58796869 19.79286801 20.06642782 19.99742275
  30.37196667 19.88182457 20.24793107 20.21475393 19.72550775 19.88717403
  19.72498707 20.37202225 20.46618503 19.70463177 19.2187627  20.27795741
  20.39503319 20.16493826 20.02384234 20.20427462 20.08996096 19.81048571
  20.35153864 19.86371108 19.61449232 19.7033247  19.32106191 20.13625179
  19.76792759 19.64566359 19.59755689 19.68994216 20.1163292  19.35330157
  19.80760718 20.03684798]
[19.65814764 19.46173098 19.72827129 20.05760368 20.42536733 19.80472673
  19.23222922 20.22332496 19.42811907 20.10104356 19.72773988 19.61569483
  19.91659451 19.58509709 20.44783362 19.49117666 19.53810994 20.10099645
  19.88182457 29.96134919 19.96609225 19.89228941 19.59271701 19.96122517
  19.96583284 20.51360679 20.14899699 19.46782322 19.41298183 20.26876474
  20.13529216 19.45278879 19.53588335 19.71022035 19.83285245 19.67702623
  19.56099154 19.82450866 19.50854243 20.05691718 19.24678023 19.86518947
  19.99070387 19.89722379 19.4751443  19.41431745 20.00226771 19.55713932
  20.09163209 19.89540771]
[19.80371097 20.404596   19.93326343 20.22876098 20.50522979 19.87101751
  19.67950468 20.42442052 20.10612333 20.45466091 19.92760084 19.87247813
  20.36344449 20.02405212 20.62403448 20.25159866 20.36807346 20.38685459
  20.24793107 19.96609225 30.00522291 20.13702584 20.51892385 19.97558914
  20.44574869 21.17702548 20.58133088 19.99695585 19.3892877  20.588016
  20.42664707 19.97768402 19.86106179 20.09373169 20.24511601 20.16016085
  20.33729324 20.72328105 20.22785839 20.34131532 19.73123232 20.12475897
  19.89716926 20.54678793 19.78118123 20.07580165 20.19917198 19.27093431
  20.50014338 20.56023305]
[19.55941402 20.19002886 19.58889136 19.94804835 20.4368703  19.53537947
  19.58123661 20.22180055 19.98466859 20.34028952 19.26060748 19.97960027
  19.48417169 19.91662445 20.57924149 19.76801752 19.96767536 19.96540355
  20.21475393 19.89228941 20.13702584 29.69849912 19.92475253 19.78635779
  19.73820626 20.93661729 20.27153619 19.76638724 19.19771216 20.27325761
  20.06210827 19.39903228 19.62797771 20.04763604 20.06830667 20.05802856
  20.24079055 20.09034852 19.93418223 20.03435598 19.27770678 20.0294693
  19.84195557 20.17979399 19.35084699 19.81860594 19.951798   19.61838706
  20.05335603 20.02761658]
[19.56098441 20.41426353 19.76986524 20.15930283 20.12199347 19.87260903
  19.50042713 20.16843557 19.87709884 20.03961652 19.62659242 19.86507167
  19.80351387 19.55663189 19.96032492 19.83762536 19.89840566 20.40009152
  19.72550775 19.59271701 20.51892385 19.92475253 29.74490307 19.83402696
  19.91331794 20.44423223 20.40170402 19.752345   19.2497204  20.5959542
  20.17776805 19.40595373 19.66343574 20.18119256 20.14512614 19.89567244
  20.24287015 20.15403906 19.68555757 20.19875347 19.54993833 20.21792993
  20.17377765 19.84064627 19.91964258 19.74776026 19.78951239 19.36522336
  20.28554785 20.01206636]
[19.51093145 19.89484421 19.70957786 20.28970432 20.12934422 19.82279334
  19.44681597 19.94081977 19.47660043 20.11430664 19.58188379 19.68997524
  19.76736106 19.70107611 20.24349883 19.69472763 19.89508419 20.09556919
  19.88717403 19.96122517 19.97558914 19.78635779 19.83402696 29.48188316
  19.94370818 20.50470063 20.34349146 20.02292008 18.82006832 19.97959608
  20.05666126 19.5439522  19.54399722 19.71469766 20.09622039 20.15945918
  20.08745788 20.24515928 19.79918576 20.13260352 19.26480399 19.62730641
  19.9383632  19.53179916 19.47782805 19.57428283 20.51421224 19.2056872
  19.62875044 19.93553006]
[19.84082942 19.79565792 19.79588768 20.0761934  19.91014302 19.68874436
  19.43693802 20.30403565 19.98178494 20.24616476 19.70991254 19.79099972
  19.71770836 19.96478332 20.14571038 19.9990185  20.13659142 20.24568411
  19.72498707 19.96583284 20.44574869 19.73820626 19.91331794 19.94370818
  30.2412483  20.55388077 20.23213411 19.96981328 19.12186918 19.95443009
  20.2443037  19.88713747 19.99882868 19.8907685  20.26018967 20.07788361
  19.70631891 20.30355907 19.88165104 20.52019248 19.75003566 20.17916252
  19.97505708 19.54718359 19.88794793 19.90123145 20.29028893 19.9713629
  20.39873502 20.1825583 ]
[20.31417825 20.19847451 20.20290064 20.62325669 20.83638372 20.46547433
  20.13090204 20.49491125 20.31359668 20.89951502 20.26214377 19.93651949
  20.75634277 20.31937734 20.97792956 20.25710108 20.49231623 20.60274108
  20.37202225 20.51360679 21.17702548 20.93661729 20.44423223 20.50470063
  20.55388077 30.87996699 21.03102207 20.47193129 20.23465602 20.90934804
  20.67724144 19.99199964 20.34417266 20.78361169 20.89769189 20.45666261
  20.80024833 21.07927187 20.34479471 20.78351864 19.99331038 20.41558098
  20.65663267 20.42184301 19.99054095 20.71432422 20.41566845 19.91793431
  20.34810041 21.01293324]
[19.99557135 20.37600098 19.98372436 20.20226338 20.59826886 19.9668033
  19.89725428 20.52262254 20.05156548 20.60189378 19.74103878 20.24382644
  20.5617047  20.22764416 20.48894562 20.53472571 20.50340389 20.8111263
  20.46618503 20.14899699 20.58133088 20.27153619 20.40170402 20.34349146
  20.23213411 21.03102207 30.00992218 20.21998444 19.66105064 21.07065292
  20.22089307 20.06155784 20.22173305 20.63045605 20.16002402 20.22553488
  19.86599088 20.64976456 20.06744112 20.7425421  20.0407934  20.40627605
  20.21045132 20.21155096 19.8173145  20.14190466 20.66955459 19.97004952
  20.45996687 20.25066253]
[19.43990007 19.838816   19.88253243 19.86255135 20.057056   19.52388562
  19.56836193 19.704284   19.68450556 20.08864536 19.52275851 19.68678382
  19.86486993 19.9504322  20.22258285 19.75917489 20.08624282 20.27484086
  19.70463177 19.46782322 19.99695585 19.76638724 19.752345   20.02292008
  19.96981328 20.47193129 20.21998444 29.14089708 19.37562423 20.02445207
  19.91360587 19.26566605 19.46219737 19.66132566 19.78147007 19.72443241
  19.53581847 19.70174945 19.83587063 19.95435084 19.39078899 19.88810012
  19.75176973 19.31610465 19.5971375  19.36135352 20.13948856 19.17710435
  19.5298685  19.81945982]
[18.99122124 19.6673167  19.03553672 19.77350118 19.46242276 19.11771693
  18.88003494 19.24670527 19.17936277 19.04703551 18.88969809 19.41224188
  19.2483597  19.39470876 19.67097594 18.93017015 19.52173595 19.87879173
  19.2187627  19.41298183 19.3892877  19.19771216 19.2497204  18.82006832
  19.12186918 20.23465602 19.66105064 19.37562423 28.36931151 19.53769703
  19.78057021 18.82324893 19.77112943 19.1746348  19.48374011 19.33879273
  19.39491974 19.45372697 19.2201777  19.10501887 18.74183595 19.32680045
  19.46858131 19.41178643 19.10710411 19.24974587 19.97064394 19.09795943
  19.40824543 19.52955607]
[20.35736185 20.08215858 20.29478339 20.39047766 20.35321212 20.13648433
  19.60262326 20.36030343 19.89570528 20.406176   19.85234944 19.96672172
  20.51180897 20.28764968 20.73651916 20.25992043 20.29705979 20.65911534
  20.27795741 20.26876474 20.588016   20.27325761 20.5959542  19.97959608
  19.95443009 20.90934804 21.07065292 20.02445207 19.53769703 30.79785705
  20.32328964 19.8960522  20.15847555 20.72744353 20.43620146 20.14537293
  20.26568557 20.69486474 20.19566019 20.17444684 19.64285903 19.96228992
  20.08182001 20.12769925 19.92068034 20.24779455 20.40534267 19.67387724
  20.18351871 20.26150232]
[19.70972053 20.1315703  19.53857525 20.19338508 20.1761255  20.09996946
  19.66581562 20.41362682 20.16938211 20.03690788 19.29896114 20.47233835
  20.1014508  20.04727015 21.01809779 19.76083044 19.88480907 20.47718282
  20.39503319 20.13529216 20.42664707 20.06210827 20.17776805 20.05666126
  20.2443037  20.67724144 20.22089307 19.91360587 19.78057021 20.32328964
  30.29522134 19.8531414  20.13311817 20.15324221 20.2950691  20.23798825
  20.47873523 20.21524474 20.34188897 19.93676693 19.56470602 19.87932237
  20.04975059 19.962676   19.70922694 19.88577612 20.12703699 19.50505648
  20.13404256 20.20136959]
[19.62593807 19.9690639  19.58313719 19.93640049 19.77563147 19.58555078
  19.1256131  19.84123557 19.44959271 19.70945371 19.33531045 19.52556167
  19.53573548 19.36609524 20.12415783 19.88849655 19.69542899 19.75601613
  20.16493826 19.45278879 19.97768402 19.39903228 19.40595373 19.5439522
  19.88713747 19.99199964 20.06155784 19.26566605 18.82324893 19.8960522
  19.8531414  28.97568586 19.67510717 19.7656712  19.97059085 19.96323846
  19.66612419 19.97349695 19.46757268 19.61357175 19.55449858 19.65378728
  19.90274509 19.30091967 19.05862785 19.82070751 19.86875641 19.05520841
  19.6375883  20.03699399]
[19.43451462 19.54667958 19.59112485 20.08187918 19.82529985 19.63980469
  19.29974577 20.09931525 19.41129031 20.01008696 19.65189162 19.73931535
  19.71123547 19.55378636 19.92088784 19.68057462 19.93861159 20.17250584
  20.02384234 19.53588335 19.86106179 19.62797771 19.66343574 19.54399722
  19.99882868 20.34417266 20.22173305 19.46219737 19.77112943 20.15847555
  20.13311817 19.67510717 29.53496326 19.910197   19.7871932  19.62744554
  19.77356546 20.12283654 19.45135383 19.76015107 19.65699694 20.10490941
  19.68826955 19.62707781 19.80296301 19.67067166 20.15904828 19.43840022
  19.82994479 19.94043939]
[19.88494475 20.46212491 19.68004123 19.98357057 19.94010573 19.71361357
  19.09494836 20.00931798 19.45272039 20.01690036 19.61519591 19.64469299
  20.08223965 19.73476593 20.03126086 19.74115382 19.97458077 19.91055744
  20.20427462 19.71022035 20.09373169 20.04763604 20.18119256 19.71469766
  19.8907685  20.78361169 20.63045605 19.66132566 19.1746348  20.72744353
  20.15324221 19.7656712  19.910197   29.88974589 19.92257282 19.93808837
  19.91593512 20.19821084 19.48390305 19.72797691 19.65357821 20.35584121
  19.99923628 19.87777169 19.71333257 19.73266189 20.15238802 19.38928592
  20.39186813 19.83986841]
[20.12923771 19.99413544 19.74039468 20.32347655 20.48266453 20.07318226
  19.90230387 20.49882212 19.82684617 20.07211736 19.51431679 19.99775437
  19.63575716 19.3573426  20.46482779 20.11120976 19.84019722 20.34844799
  20.08996096 19.83285245 20.24511601 20.06830667 20.14512614 20.09622039
  20.26018967 20.89769189 20.16002402 19.78147007 19.48374011 20.43620146
  20.2950691  19.97059085 19.7871932  19.92257282 30.0863764  20.17116302
  19.96490309 20.10763023 20.15892161 20.23755245 19.84197664 19.97236323
  20.10338257 20.08178198 19.87524241 20.07828297 19.86647335 19.92708239
  20.10985792 20.08090128]
[19.68902498 19.72425877 19.43653205 20.10898206 20.2138146  19.69273204
  19.43282523 20.16034515 20.17673537 20.26269629 20.03912736 19.92326962
  20.11306234 19.75520233 20.16208899 19.86266084 20.1977279  20.05836368
  19.81048571 19.67702623 20.16016085 20.05802856 19.89567244 20.15945918
  20.07788361 20.45666261 20.22553488 19.72443241 19.33879273 20.14537293
  20.23798825 19.96323846 19.62744554 19.93808837 20.17116302 29.85290684
  19.90019985 20.29824686 20.25871506 20.03273246 19.6240783  20.12243101
  19.95955143 19.78683459 19.78772437 19.78049187 20.42767746 19.29280788
  19.81327365 20.05889784]
[19.7801783  19.81966546 19.88214571 20.10397266 20.04307702 19.63719234
  19.69036098 20.21371682 19.97715198 19.92464559 19.57871596 20.11050986
  19.82071479 20.20687898 20.24927946 19.81235744 20.22099831 20.31626943
  20.35153864 19.56099154 20.33729324 20.24079055 20.24287015 20.08745788
  19.70631891 20.80024833 19.86599088 19.53581847 19.39491974 20.26568557
  20.47873523 19.66612419 19.77356546 19.91593512 19.96490309 19.90019985
  29.78375319 20.28485399 20.20119463 19.97104419 19.35926299 19.81095065
  20.1065205  19.75545837 19.68549241 20.13475259 20.17646568 19.38158411
  20.38517098 20.23712846]
[20.28793155 20.59979712 20.03646484 20.40129934 20.36853886 19.72722986
  19.83632882 20.12924798 20.19769745 20.17754019 19.83252099 19.85033967
  20.08442481 19.88075663 20.54439221 20.09827633 20.33202788 20.19085147
  19.86371108 19.82450866 20.72328105 20.09034852 20.15403906 20.24515928
  20.30355907 21.07927187 20.64976456 19.70174945 19.45372697 20.69486474
  20.21524474 19.97349695 20.12283654 20.19821084 20.10763023 20.29824686
  20.28485399 30.15541564 19.75725774 20.25245877 19.52321895 20.10495616
  20.47085101 20.16113792 19.835742   19.95461505 20.44175694 19.33563039
  20.29537125 20.73143623]
[19.58032604 19.95083138 19.30211444 20.04497927 20.16638728 19.63687042
  19.15109654 20.3030011  19.80588533 19.66213111 19.21083747 19.61709437
  19.97817045 19.68118008 20.18551715 19.83955312 20.02052324 19.92622876
  19.61449232 19.50854243 20.22785839 19.93418223 19.68555757 19.79918576
  19.88165104 20.34479471 20.06744112 19.83587063 19.2201777  20.19566019
  20.34188897 19.46757268 19.45135383 19.48390305 20.15892161 20.25871506
  20.20119463 19.75725774 29.31476134 19.93460272 19.97708351 19.97769291
  19.50850532 19.92817142 19.55647045 19.42445077 20.11124292 19.35633845
  19.75124152 20.13768156]
[19.73945046 19.97529913 19.91215008 20.00809013 20.47808295 19.90788325
  19.51098966 19.96532828 19.81734802 20.22938764 19.77624151 20.02180108
  20.06842826 19.96567983 20.09086315 20.33186114 20.19221948 20.3560426
  19.7033247  20.05691718 20.34131532 20.03435598 20.19875347 20.13260352
  20.52019248 20.78351864 20.7425421  19.95435084 19.10501887 20.17444684
  19.93676693 19.61357175 19.76015107 19.72797691 20.23755245 20.03273246
  19.97104419 20.25245877 19.93460272 30.27839866 19.54782279 19.82209165
  19.90675858 19.92604423 19.69381538 19.9016832  20.08487695 19.62531026
  20.24906454 20.29918347]
[18.79940465 19.66219803 18.72780133 19.1829353  19.7210154  19.25949669
  19.1570809  19.78917427 19.12270439 19.37205675 19.05615945 19.19510538
  19.34014712 19.40593282 19.61986118 19.30280124 19.35703828 19.70519628
  19.32106191 19.24678023 19.73123232 19.27770678 19.54993833 19.26480399
  19.75003566 19.99331038 20.0407934  19.39078899 18.74183595 19.64285903
  19.56470602 19.55449858 19.65699694 19.65357821 19.84197664 19.6240783
  19.35926299 19.52321895 19.97708351 19.54782279 28.8888991  19.86738787
  19.58011068 19.50309564 19.070648   19.31890581 19.85012263 19.06399266
  19.48299616 19.94892952]
[19.6523378  20.14856736 19.50455874 19.75359446 20.39112644 19.77797844
  19.5081607  20.42182215 19.82413646 20.33317216 19.77173805 19.69542419
  20.04671267 19.83989507 20.09527486 20.287666   19.92630524 20.48856625
  20.13625179 19.86518947 20.12475897 20.0294693  20.21792993 19.62730641
  20.17916252 20.41558098 20.40627605 19.88810012 19.32680045 19.96228992
  19.87932237 19.65378728 20.10490941 20.35584121 19.97236323 20.12243101
  19.81095065 20.10495616 19.97769291 19.82209165 19.86738787 29.4887285
  19.75037112 19.88353937 19.52866491 19.89601918 20.20372969 19.40175508
  19.98893187 20.04995074]
[19.79936602 20.37366059 19.87062264 20.34163685 20.50848204 19.97153748
  19.58523168 20.22915338 19.65672143 20.10641267 19.59034285 19.56702841
  19.93730788 19.68321546 20.62305092 19.9094667  19.98911246 20.11564827
  19.76792759 19.99070387 19.89716926 19.84195557 20.17377765 19.9383632
  19.97505708 20.65663267 20.21045132 19.75176973 19.46858131 20.08182001
  20.04975059 19.90274509 19.68826955 19.99923628 20.10338257 19.95955143
  20.1065205  20.47085101 19.50850532 19.90675858 19.58011068 19.75037112
  29.21749984 19.99728271 19.64197515 19.98378744 19.9555539  19.593558
  20.11748683 20.41834287]
[19.40129963 19.69866294 19.89063915 20.19921269 20.43781613 19.50393627
  19.14826089 19.93045431 19.80793607 20.03157129 19.41329741 19.70961866
  19.5845351  19.86595187 20.43024694 19.91604929 20.00830939 20.24098032
  19.64566359 19.89722379 20.54678793 20.17979399 19.84064627 19.53179916
  19.54718359 20.42184301 20.21155096 19.31610465 19.41178643 20.12769925
  19.962676   19.30091967 19.62707781 19.87777169 20.08178198 19.78683459
  19.75545837 20.16113792 19.92817142 19.92604423 19.50309564 19.88353937
  19.99728271 29.53188931 19.44677154 19.90103392 19.88298039 19.05047745
  19.89676088 19.94249962]
[19.57723726 19.85171153 19.54462874 19.90534074 19.92856287 19.49207519
  19.01486084 19.90274107 19.78285422 19.51519531 19.06331328 19.50258094
  19.47798433 19.46165439 19.92759043 19.30116166 19.77972559 20.02742966
  19.59755689 19.4751443  19.78118123 19.35084699 19.91964258 19.47782805
  19.88794793 19.99054095 19.8173145  19.5971375  19.10710411 19.92068034
  19.70922694 19.05862785 19.80296301 19.71333257 19.87524241 19.78772437
  19.68549241 19.835742   19.55647045 19.69381538 19.070648   19.52866491
  19.64197515 19.44677154 29.26158748 19.11686147 19.85385524 19.10203842
  19.84453649 19.45996771]
[19.82064793 19.48897381 19.54599664 20.07906745 19.94554029 19.74751878
  19.50105629 19.88876758 19.36228227 19.68868988 19.50751486 19.91586711
  19.73906323 19.54874806 20.11324175 19.90392059 19.60489178 20.13133018
  19.68994216 19.41431745 20.07580165 19.81860594 19.74776026 19.57428283
  19.90123145 20.71432422 20.14190466 19.36135352 19.24974587 20.24779455
  19.88577612 19.82070751 19.67067166 19.73266189 20.07828297 19.78049187
  20.13475259 19.95461505 19.42445077 19.9016832  19.31890581 19.89601918
  19.98378744 19.90103392 19.11686147 29.81030668 19.85685001 18.81116233
  20.1376243  19.85300501]
[19.47194524 20.05337289 19.91425782 20.51123358 20.14826895 19.61111974
  19.69269882 20.13010496 20.06919092 19.88342161 19.58560818 19.97611746
  19.93196039 20.13177488 20.27284792 19.60681922 20.29127975 20.28736009
  20.1163292  20.00226771 20.19917198 19.951798   19.78951239 20.51421224
  20.29028893 20.41566845 20.66955459 20.13948856 19.97064394 20.40534267
  20.12703699 19.86875641 20.15904828 20.15238802 19.86647335 20.42767746
  20.17646568 20.44175694 20.11124292 20.08487695 19.85012263 20.20372969
  19.9555539  19.88298039 19.85385524 19.85685001 30.19679734 19.67053854
  20.53321661 20.56512476]
[19.16327759 19.46399305 19.19250792 19.32195417 19.72465391 19.22377779
  18.73543028 19.7755085  19.29313794 19.50511419 18.81100021 19.17250914
  19.59294441 19.21548332 19.65803102 19.29960902 19.43025533 19.75959305
  19.35330157 19.55713932 19.27093431 19.61838706 19.36522336 19.2056872
  19.9713629  19.91793431 19.97004952 19.17710435 19.09795943 19.67387724
  19.50505648 19.05520841 19.43840022 19.38928592 19.92708239 19.29280788
  19.38158411 19.33563039 19.35633845 19.62531026 19.06399266 19.40175508
  19.593558   19.05047745 19.10203842 18.81116233 19.67053854 28.89213231
  19.1134032  19.83778636]
[19.56810038 20.11033516 19.95087389 19.97739911 20.12661115 20.20698601
  19.54769528 20.39900406 19.8707553  20.18243976 19.74090125 20.0877474
  20.06542193 19.79760631 20.42292988 19.92149333 20.17623267 20.2139074
  19.80760718 20.09163209 20.50014338 20.05335603 20.28554785 19.62875044
  20.39873502 20.34810041 20.45996687 19.5298685  19.40824543 20.18351871
  20.13404256 19.6375883  19.82994479 20.39186813 20.10985792 19.81327365
  20.38517098 20.29537125 19.75124152 20.24906454 19.48299616 19.98893187
  20.11748683 19.89676088 19.84453649 20.1376243  20.53321661 19.1134032
  29.79900917 20.64678749]
[19.87478451 19.88432518 19.85015434 20.12633792 20.41672359 20.04559976
  19.51423605 20.30376756 20.06329779 20.2990579  19.92339198 20.15054787
  20.2368356  19.88608457 20.27360351 20.35449039 20.2016109  20.7208936
  20.03684798 19.89540771 20.56023305 20.02761658 20.01206636 19.93553006
  20.1825583  21.01293324 20.25066253 19.81945982 19.52955607 20.26150232
  20.20136959 20.03699399 19.94043939 19.83986841 20.08090128 20.05889784
  20.23712846 20.73143623 20.13768156 20.29918347 19.94892952 20.04995074
  20.41834287 19.94249962 19.45996771 19.85300501 20.56512476 19.83778636
  20.64678749 30.11050607]
]