9525
100
10
29.76740425339723

[0.0302972  0.03822576 0.02359236 0.08743326 0.09787682 0.05176219
 0.09768337 0.05908247 0.02957798 0.04027968 0.06083438 0.02983548
 0.06162702 0.09705359 0.04278001 0.08272224 0.02426925 0.02128357
 0.08305749 0.06360041 0.07633416 0.07772776 0.04606641 0.03459405
 0.07465142 0.04291969 0.03997871 0.06903427 0.08897499 0.03973012
 0.05931313 0.0628186  0.05052318 0.05529601 0.04834361 0.06876522
 0.05996859 0.06176272 0.06608866 0.09270865 0.04417929 0.02521509
 0.07217987 0.0843841  0.09126443 0.09513274 0.03837481 0.04383597
 0.05644134 0.0429668  0.04722345 0.0848137  0.09242894 0.04926987
 0.07874564 0.08092852 0.06697931 0.04150634 0.0399222  0.05027514
 0.09390987 0.03852675 0.08952278 0.08336081 0.06367669 0.09871361
 0.05451142 0.03616699 0.07414909 0.03627887 0.02836889 0.03092035
 0.02709572 0.07678351 0.05054458 0.07529902 0.04563329 0.02230544
 0.09223418 0.05816496 0.07401678 0.06911414 0.09141247 0.08228585
 0.09498844 0.02011382 0.07961818 0.09933168 0.09172231 0.08609273
 0.08418435 0.02972469 0.0990973  0.06915366 0.06380675 0.05195129
 0.03818353 0.04859235 0.08156761 0.02674677]

[[29.46089484 20.23689854 19.94202214 20.13748166 19.81591011 20.67910837
  19.99895895 20.01254572 20.00200892 19.81661421 19.56174176 18.9461572
  20.59569849 19.65216853 19.8474549  19.50029136 19.79083921 19.66607848
  20.00014013 19.82877872 19.60678885 20.31013124 19.66076143 19.57222395
  19.86157271 19.95251293 19.47177132 19.62340592 19.49189146 19.62088175
  20.17316598 19.90681912 19.99755036 19.95024625 19.3591093  20.40158454
  19.54259184 19.7202526  19.95615113 19.43758788 19.23118711 20.0550201
  19.40248819 19.40838497 19.71188519 20.15259006 19.91750654 19.36754645
  19.84930454 20.16990411 19.85098718 19.90350588 19.50475105 19.59672357
  19.42967227 19.53358145 19.95553145 19.95817015 19.97762523 20.60247149
  19.54586214 19.67310541 19.96179677 19.12646539 19.91944077 19.86592678
  19.51673283 20.48141966 19.08956642 19.74216468 19.61305917 19.5722023
  20.33932728 19.84342144 20.16550493 19.72149442 20.00305457 19.6558499
  20.01643568 19.71253589 19.92258788 20.00401649 19.8420462  20.18065544
  19.48411081 20.05540522 20.45823735 19.9150852  19.81497283 20.38328267
  19.30066671 19.48798305 20.43005886 19.36045249 20.33128355 19.40456769
  19.52128347 19.43597649 19.90470674 20.29794367]
[20.23689854 30.51855881 20.1807347  20.29275825 20.673302   20.71262912
  20.19422688 20.12075099 19.96097949 20.07047224 20.26229322 19.52155129
  20.65276663 19.8183946  20.0752157  20.36607787 20.17610477 19.77435364
  20.61998759 20.13456286 19.81878938 20.27832782 19.45837603 19.84696982
  19.89199115 20.05682504 19.727274   19.84716742 19.94128519 20.32526703
  20.17296201 20.15343186 20.20933185 20.49999031 19.78526368 20.63669331
  19.48530212 19.88096687 19.96853434 19.97213774 19.73803915 20.49823775
  19.60206375 19.68621826 20.25807751 20.22296652 20.61992824 19.19818087
  20.14533008 20.89128215 20.34055026 20.30601908 19.9544893  20.04919606
  19.84426084 19.83848895 20.05708895 20.11199921 20.2748241  20.63278774
  19.91407921 20.26230487 19.96473069 19.62536537 20.39866636 20.38021326
  19.85394199 20.87909925 19.29525889 20.24763365 19.52596637 20.05318197
  20.35372213 19.84073436 20.34894378 19.81674607 19.92908021 20.00956511
  20.2483623  20.25083886 20.51651102 20.35929702 20.37493236 20.31706959
  19.57462776 20.5852343  20.43675771 20.23548116 20.22619227 20.79905667
  19.29967984 20.13484883 20.37642653 19.37550056 20.52440053 20.08063099
  20.19251442 20.23544101 20.13762447 20.56451988]
[19.94202214 20.1807347  29.9822556  20.44205523 20.61975224 20.85255525
  20.86030547 20.16420553 20.13864505 20.22197518 20.20985219 19.59319699
  20.56876352 20.12473815 19.54298781 20.07683565 20.0970976  19.98983743
  20.29326853 20.21888023 19.86829511 20.67163177 19.7776271  19.34176355
  19.57376273 20.27696066 20.17964845 19.81608822 19.89076659 20.12492198
  20.41718179 20.06802555 20.10325573 20.44532801 19.57496351 20.68612747
  19.65563718 19.89534456 20.15768454 19.60540339 19.59879144 20.15384069
  19.81802844 19.63549475 19.83633638 19.92326838 20.5040932  19.25056967
  20.20569974 20.82079425 20.34196294 20.04490484 20.03098079 19.62730866
  19.85214883 20.16677522 19.95364533 19.92948391 19.87992533 20.63986028
  19.60345366 20.10222914 20.35504061 19.64777126 20.30259449 20.22116106
  20.17863778 20.39424341 19.38671489 20.12974265 19.53094609 20.39978922
  20.11190214 19.92905417 20.27985067 19.87785205 20.47189027 19.78968226
  20.26635464 20.0298699  20.44920445 20.41040111 20.16829825 20.31216339
  19.68580181 20.75257043 20.62515394 20.05838447 20.35361372 20.28515729
  19.67989765 19.99125667 20.46249399 19.73804746 20.6052719  20.08265607
  19.92422759 20.11861199 20.20333408 20.39389906]
[20.13748166 20.29275825 20.44205523 30.19865432 20.72284047 20.79139203
  20.68946752 20.44856609 20.19312957 20.28320368 19.93723038 19.66137597
  20.8225235  19.90255882 19.88806014 19.93216082 19.87892129 19.54264304
  20.08651953 19.78513155 20.06409781 20.52601567 19.82005703 19.92606678
  19.7435005  20.19921351 20.38898778 20.17729533 20.06517015 20.06040278
  20.04022428 20.17422408 20.32315188 20.47172811 19.39009491 20.70206429
  19.63280745 20.1164968  20.19206    19.7820423  20.04807168 20.47206153
  19.50357665 19.79647139 20.0573823  20.46246912 20.24229193 19.55263766
  20.09123887 20.60149695 19.76501858 19.95564842 19.68084992 19.79601754
  19.71264053 19.91053495 19.92998484 20.29189957 20.13356526 20.72863194
  20.19127901 19.92662056 20.34246242 19.78637807 20.19957414 19.91811212
  20.00269802 21.00937809 19.83768903 20.15418211 19.88874405 19.71801748
  20.29564443 20.18001754 20.14866691 20.01053372 20.41940319 20.15125975
  20.3485673  20.17015147 20.48641874 20.35070116 20.13139496 20.22022069
  19.89810085 20.94612663 20.12690761 20.28279628 20.5227954  20.39721591
  19.64073624 20.13902542 20.25282664 20.07057119 20.24734418 20.47781909
  19.85228169 20.03974934 20.49343397 20.47599429]
[19.81591011 20.673302   20.61975224 20.72284047 30.00093884 20.70989227
  20.7124538  20.2009336  20.32014743 19.98468623 19.85850825 20.15979359
  20.92929166 20.27991976 19.71364152 20.31951186 20.24529433 19.95020433
  20.4370769  20.87465997 19.94255726 20.77599898 19.81856249 19.92532933
  19.89153262 20.30155226 19.8308905  20.14423273 20.15174457 20.45823678
  20.73518867 20.58542497 20.25182656 20.63549591 19.98570404 21.02164423
  19.70103522 19.77158516 20.15920624 19.89382415 19.44634412 20.46504445
  20.1368291  20.1995241  20.0362729  20.58223401 20.81344297 19.64067757
  20.08381374 20.7809739  20.22438205 20.09516647 19.97335036 20.34329634
  20.29970746 19.8032949  19.92995307 20.08084728 19.88377974 20.64946426
  20.09096402 20.24970291 20.70876572 19.99656831 20.51545872 20.34793215
  19.93103489 21.26337297 19.88898132 20.64362537 19.80833533 20.28492564
  20.86204484 20.04351933 20.32041771 20.2974714  20.410369   20.3038972
  20.40607553 20.6101257  21.01560218 20.37795232 20.79940154 20.47318816
  20.03779545 20.53869016 20.37978828 20.45975487 20.15544299 20.71035601
  19.78372385 19.71224841 20.52700527 20.26060069 20.52728668 20.25006383
  19.91008286 19.92298116 20.3524461  20.67929168]
[20.67910837 20.71262912 20.85255525 20.79139203 20.70989227 31.01157878
  20.99762985 20.6067922  20.79569466 20.58417971 20.63914782 20.12690332
  20.98091805 20.33142742 20.5482624  20.54959842 20.56997854 20.54254014
  20.63606221 20.82032952 20.63979363 21.05477337 20.21160835 20.20349424
  20.31615238 20.85741862 20.71601871 20.53509543 20.59918856 20.624862
  20.7719733  20.7025604  20.81358832 20.97807329 20.25997148 21.66102562
  20.23723687 20.2433536  20.79214566 20.40765564 20.473383   20.83767236
  20.16207905 20.43214413 20.32726765 20.80672417 20.81944517 20.47894319
  20.96551339 21.18884284 20.81145302 20.76764479 20.461151   20.50053944
  20.35995285 20.34430735 20.44348441 20.66418749 20.65520872 21.06264666
  20.57174244 20.62110054 21.00171394 20.21306734 20.76370529 20.8623542
  20.36930912 21.08779373 19.62958386 20.93588099 20.10759395 20.62232706
  21.04963838 21.0264956  20.78160806 20.70921898 20.77788942 20.42109963
  21.21135812 20.75041776 21.04373178 20.55147568 20.75646737 20.92230567
  20.45104391 20.90056296 21.24655327 20.51221292 20.37508628 21.52647518
  20.08812876 20.73867375 20.9571354  20.41328732 20.69103278 20.74632248
  20.37773178 20.337849   20.91989762 20.68887305]
[19.99895895 20.19422688 20.86030547 20.68946752 20.7124538  20.99762985
  30.88827007 20.35948983 20.42881    20.22871536 20.2372519  19.65825439
  20.92663892 20.17266043 19.60332286 20.15215201 19.96716416 20.16485905
  20.60942864 20.48276095 20.27880602 20.86057873 20.08138146 20.01103914
  19.88023944 20.46182739 20.16644099 20.36786764 20.31547891 20.7482527
  20.65052266 20.56363519 20.47935287 20.73086286 19.93318819 21.17292687
  19.73720399 20.4225537  20.24632531 20.0373984  19.92496157 20.58960025
  19.89682013 20.38033504 19.91401516 20.44138393 20.65165005 19.71777289
  20.21231517 21.1304595  20.39231314 20.86506399 19.82569426 19.95602529
  20.33151517 20.11043466 20.21984819 20.45365387 20.07020226 20.96805213
  20.30729163 20.37030864 20.31839071 20.07584841 20.50092292 20.34145769
  20.2108455  20.86017414 19.77199761 20.16228332 20.21785464 20.56801412
  20.61475895 20.43903149 20.6684364  20.25460261 20.17553715 20.47258366
  20.63256096 20.48709459 20.58169436 20.39803133 20.3821043  20.7661006
  19.90794424 20.78905277 20.58787552 20.57657084 20.60098825 20.99355234
  19.94976134 20.16316949 20.80594895 19.86503559 20.3213621  19.97824945
  19.88474169 20.24189824 20.22258451 21.01348652]
[20.01254572 20.12075099 20.16420553 20.44856609 20.2009336  20.6067922
  20.35948983 30.35721881 19.74916613 19.89418168 20.1835227  19.70794073
  20.50247295 20.03733305 20.29782182 20.05737632 19.81265624 19.60793226
  20.22388598 20.05731514 20.03692676 20.03793833 19.66025505 19.66264782
  19.71135286 20.26005779 19.82063047 19.76594069 19.91435447 20.59812915
  20.07523494 20.15162165 20.42698718 20.48398245 19.57466443 20.28169946
  19.43091711 19.64083818 19.98443632 19.57250162 19.59106045 20.13806027
  19.41177666 19.37036762 19.5254769  20.29807537 20.24527362 19.40616037
  19.94769046 20.65809197 19.59121721 20.17804594 19.70013995 19.7824296
  19.29862482 19.63897318 19.58358317 20.03130189 19.94160209 20.74737836
  19.70644647 19.82627536 20.47513506 19.48740366 19.94120277 20.28361169
  19.8880947  20.13211117 19.10104318 20.15132938 19.43247316 19.81943329
  20.216887   19.97253098 19.93967831 20.10550285 20.08116292 19.73126768
  20.70413313 19.68453792 20.13396245 19.84145348 19.69697493 19.98369925
  19.61710945 20.42813515 20.13946469 20.22172654 19.8469304  20.76722241
  19.06551397 19.83639613 20.58332225 19.73911444 20.53790296 19.87694317
  19.36958148 19.93855889 20.01216503 20.55215316]
[20.00200892 19.96097949 20.13864505 20.19312957 20.32014743 20.79569466
  20.42881    19.74916613 30.13953023 19.90009802 20.29138064 19.48018152
  20.49105806 19.55050388 19.67168971 20.12225131 19.69126051 19.8733076
  20.13556916 20.01013963 19.91397137 20.28954803 20.06393923 19.27215387
  19.73395785 19.99461391 20.06104629 19.52274958 20.11531546 20.03350472
  20.40934926 20.40926973 19.81998552 20.37019183 19.82323688 20.50026039
  19.57851934 19.67723295 20.02224487 19.590162   19.8675977  20.30377753
  19.47839661 20.14689463 19.91912935 19.77010104 20.4401457  19.73372298
  20.19761917 20.45811454 20.093495   19.55292431 19.85878397 19.77545107
  19.86363543 19.47697057 19.57850907 19.81010769 19.94544561 20.20967707
  19.65833437 19.87974295 20.31955608 19.4460858  20.09342613 20.27480442
  19.6735598  20.23046508 19.43832127 19.85984401 19.79172082 20.04538305
  19.97510195 19.92377929 20.3486739  19.98610618 19.79630326 19.71677079
  20.17269234 19.74889402 20.1086288  20.1842375  19.90221056 20.1674632
  19.52490562 20.36458237 20.04742595 20.22668666 19.73653574 20.34077826
  19.09402602 19.89506938 20.31404106 19.71521585 20.06713685 20.07401507
  19.86023056 19.98269701 20.18332213 20.5965435 ]
[19.81661421 20.07047224 20.22197518 20.28320368 19.98468623 20.58417971
  20.22871536 19.89418168 19.90009802 29.48907911 19.6988715  19.18797936
  20.12260978 19.64782452 19.54456678 20.11089719 19.44986946 19.65137331
  20.47371707 20.09070641 19.74967401 20.04718851 19.52790772 19.19884747
  19.50773452 20.00917379 19.91101555 19.65791641 20.3544877  19.85502261
  20.54802965 19.929259   19.65270221 20.19817316 19.28141244 20.5829982
  19.85246063 19.7263205  19.81737442 19.58156755 19.61644259 20.1556039
  19.84301136 19.5362766  19.39215896 20.02156264 20.11624047 19.08997151
  20.02711827 20.47070685 19.66550966 19.91615301 19.21693104 19.97809989
  19.68537134 20.11120045 19.68561917 19.61601593 20.16351692 20.35961964
  19.44379731 19.50132041 20.34198129 19.49294962 20.12292863 20.05721985
  19.82041138 20.83777409 19.2292692  19.68833934 19.5157162  20.05808397
  20.14243085 19.74360037 20.38617517 19.97706006 19.89266021 19.98386167
  20.27445741 19.82470166 19.97589355 19.64297178 19.95720994 19.78641643
  19.50463182 19.92141149 19.89158022 20.01742572 19.94612209 19.98301149
  19.31342207 19.72347828 20.29667544 19.45948183 20.25493054 19.9702279
  19.21673681 20.11078912 19.73903263 20.4975358 ]
[19.56174176 20.26229322 20.20985219 19.93723038 19.85850825 20.63914782
  20.2372519  20.1835227  20.29138064 19.6988715  29.88094442 18.99631913
  20.36340418 19.82794535 19.40937679 19.93919994 19.65685417 19.19432121
  20.22639269 20.17335985 19.82527566 20.54658057 19.38278236 19.65659285
  19.38997562 19.89649012 19.47430519 19.31593046 19.91224895 20.22689819
  20.05445235 19.69957163 20.03396435 19.87619313 19.6003406  20.86840112
  19.57219749 19.62318706 19.94144593 19.54887936 19.30522316 20.17044581
  19.81795894 19.79425978 19.60577119 20.00508908 20.49733717 19.03983807
  20.19162878 20.31692321 19.89385104 20.00393753 20.01490399 19.58510963
  19.82754701 19.43180626 19.93781287 19.78933234 19.94537006 20.53180163
  19.73386526 20.17145904 19.93204613 19.30203185 20.09886375 19.88147724
  19.80178213 20.7142977  19.00826978 19.87581416 19.23860355 20.23129042
  20.10556283 19.79852402 20.03379546 19.90658697 20.26073324 19.54963344
  20.3622699  20.08399882 20.24391373 20.00308844 19.87236473 20.0450615
  19.66199652 20.4292401  20.43570683 20.36736506 20.1596458  20.64101319
  19.40856568 19.28866801 19.97323542 19.66484101 20.10505783 19.80635635
  20.03424504 19.89334198 19.90717315 20.43593204]
[18.9461572  19.52155129 19.59319699 19.66137597 20.15979359 20.12690332
  19.65825439 19.70794073 19.48018152 19.18797936 18.99631913 28.72397686
  19.94780082 19.31618439 19.22224398 19.69983168 19.13664153 19.10650973
  19.59601054 19.59061549 18.86183917 19.80032725 19.17100471 18.99461112
  18.89244906 19.7607632  19.58412252 19.17111335 19.17974485 19.62648686
  19.75599277 19.67825223 19.17737406 20.08823829 19.26080069 19.73059072
  18.92664953 19.19500776 19.56681694 19.08061029 18.92188045 19.52357927
  18.64363997 19.05973856 18.95709024 19.64961053 19.62976863 18.90684466
  19.39286983 19.46554592 19.68381713 19.09682368 19.0929836  18.98845743
  19.06441187 18.81362418 18.91988994 19.16760101 18.98949661 19.85088423
  18.90247519 18.79179985 20.0073664  18.80583476 19.56682104 19.57005613
  19.4874332  19.84590508 19.16065679 19.38057118 19.25527602 19.11270689
  19.58619556 19.50602077 19.213791   19.44116988 19.57079464 19.16816424
  19.87241807 19.73973555 19.78863743 19.47368558 19.4255228  19.38330358
  18.91922061 19.63307444 19.48900041 19.03803968 19.20227201 19.76630773
  18.86992307 19.15648436 19.3244596  18.94280752 19.86445581 18.89465358
  19.20678273 19.13244145 19.50401038 20.00008419]
[20.59569849 20.65276663 20.56876352 20.8225235  20.92929166 20.98091805
  20.92663892 20.50247295 20.49105806 20.12260978 20.36340418 19.94780082
  30.49751105 20.10053465 20.06753269 20.5282223  20.47040715 20.29712582
  20.89364851 20.32584924 20.38349483 20.914079   20.32055842 19.74355145
  20.293215   20.32614467 20.43185049 19.96344964 20.04327126 20.57896526
  20.91607557 20.20716119 20.77082683 20.77160172 19.8289494  20.89342116
  19.91994891 20.33278873 20.23037709 20.2644853  20.20450812 20.66985108
  19.87112533 20.51390602 19.87380722 20.50515433 20.95220592 20.2381153
  20.59016991 21.13750767 20.48724122 20.53891199 20.37508636 20.04261252
  20.40386975 19.89629912 20.37361147 20.46891031 20.66818072 20.86867101
  20.3845287  20.40182904 20.49687827 19.83259595 20.18459218 20.68722889
  20.35946162 20.80305118 19.8947685  20.69976974 20.14261057 20.39643476
  20.73313829 20.31716704 20.29615654 20.6451469  20.75293243 20.32749641
  20.86223379 20.38603026 20.42285533 20.6727041  20.64358291 20.50995092
  20.37970242 20.83790978 20.4718878  20.79345051 20.64171737 20.61110809
  19.91003186 19.99839012 20.79150408 20.25434429 20.82069239 20.21194854
  19.89724011 20.13836656 20.81388351 21.15751794]
[19.65216853 19.8183946  20.12473815 19.90255882 20.27991976 20.33142742
  20.17266043 20.03733305 19.55050388 19.64782452 19.82794535 19.31618439
  20.10053465 28.98396958 19.56941965 19.45630244 19.75352144 19.4938838
  19.94808559 19.97519125 19.31399556 20.03823196 19.53754648 19.34230355
  19.35095256 19.96336094 19.70173969 19.75634695 19.86095461 20.13898731
  19.95827469 19.8522207  19.82454681 20.05180202 19.3142011  20.16719113
  19.38249685 19.74684808 20.02440699 19.32837851 19.59399076 20.07206585
  19.32021533 19.39393398 19.18043555 20.19583233 20.28700843 19.51025151
  19.66281398 20.05901316 19.95908013 19.56699309 19.48226376 19.93762818
  19.3530419  19.42819276 19.45227488 20.06395103 19.74496589 20.22891704
  19.85401931 19.88103775 19.92958795 19.31991794 19.93598106 19.95679707
  19.72903747 20.42831549 19.07130432 19.70608724 19.50267372 19.5948163
  20.08246639 19.83402501 19.7567575  19.87549417 20.0143817  19.55157189
  19.86185571 19.79550231 20.17860157 19.47582885 19.97291203 20.07131177
  19.38163375 19.99375952 19.84924488 19.95363863 19.56787551 20.34545128
  19.37266627 19.64986644 20.38432196 19.49965483 20.14417064 19.42590859
  19.6392658  19.62152454 19.8941706  20.47379465]
[19.8474549  20.0752157  19.54298781 19.88806014 19.71364152 20.5482624
  19.60332286 20.29782182 19.67168971 19.54456678 19.40937679 19.22224398
  20.06753269 19.56941965 29.0565878  19.56282269 19.74704553 19.2244471
  19.89203147 19.87907215 19.31160258 20.06137364 19.38407198 19.1340011
  19.38664905 19.63152618 19.60070228 19.52811254 19.5687637  19.71411292
  20.2939988  19.58719236 19.73844704 20.43803448 19.50285981 20.48427073
  19.41393591 19.7439276  19.77544952 19.32527626 19.19357018 19.90815387
  19.37232274 19.29392456 19.26202913 19.73355983 20.11216391 19.31179511
  20.06688228 20.0189302  19.79439418 19.54906459 19.36733481 19.41546504
  19.57103126 19.39811563 19.27446653 19.37707072 19.98372822 20.22401908
  19.72428327 19.41234716 19.81054442 19.11962354 19.894696   19.72944727
  19.77744561 20.08554755 19.0263579  19.57444939 19.60895232 19.4010785
  19.82622481 19.6250122  19.58137517 19.84218245 20.27263846 19.44721429
  20.11869948 20.02878628 20.0769455  19.29638218 19.72189917 20.16666073
  19.3545511  20.06311138 20.12205412 19.65121097 19.43235229 20.14540802
  18.87916766 19.45478991 19.98012859 19.60453095 19.96025076 19.53921721
  19.37469718 19.51323368 19.34338504 20.28550423]
[19.50029136 20.36607787 20.07683565 19.93216082 20.31951186 20.54959842
  20.15215201 20.05737632 20.12225131 20.11089719 19.93919994 19.69983168
  20.5282223  19.45630244 19.56282269 30.02620623 19.74884621 20.03942815
  20.56239037 19.81726483 19.80807735 20.66985763 19.66641648 19.5541994
  19.7528953  19.99539706 20.18839069 19.6102603  19.79582492 20.29746775
  20.10257728 20.19090523 20.0502878  20.45075427 20.06717883 20.69109308
  19.33127218 19.80325832 19.77002639 19.41658799 19.4054194  20.58324991
  19.54652441 19.86703107 19.80978126 19.85537049 20.1968322  19.73497875
  20.01363406 20.36774517 20.08829468 19.98754644 19.68387261 19.90098853
  19.57540878 19.99668197 19.73863198 19.6968889  20.1535371  20.52775404
  19.84718733 19.87301687 20.44241065 19.23468861 20.16806005 20.14963542
  19.91194103 20.34718749 19.34172963 19.63673218 19.28531718 19.90383648
  20.16813838 19.75071649 20.32992302 20.00222787 20.07184953 19.79852598
  20.25429424 20.09399703 20.2287249  19.917934   20.01237684 19.75294184
  19.83704574 20.18821132 20.19630034 20.32889939 19.58994488 20.15848237
  19.27656838 20.05416974 20.25591072 19.79040296 20.34394097 19.59396296
  20.15498254 19.96863576 20.11545008 20.50564397]
[19.79083921 20.17610477 20.0970976  19.87892129 20.24529433 20.56997854
  19.96716416 19.81265624 19.69126051 19.44986946 19.65685417 19.13664153
  20.47040715 19.75352144 19.74704553 19.74884621 29.3428124  19.57573051
  19.74359355 20.26932489 19.47172105 20.10158248 19.38490553 19.12997478
  19.56020329 19.65693326 19.5703665  19.5050444  19.88866147 19.8494493
  20.33952441 19.73182245 19.82722307 20.10319148 19.61529453 20.42440891
  19.10859294 19.47371507 19.9465249  19.62703665 19.37894332 20.13640794
  19.32569012 19.45388119 19.3291615  19.84944506 20.04823517 19.36675063
  19.73671573 20.04293993 19.67816847 19.25126395 19.1486592  19.31522927
  19.45598594 19.23000638 19.79413775 19.81507578 19.59314331 20.02786849
  19.4391742  19.47333689 20.08143667 19.31140409 19.99942782 19.97790982
  19.44810257 20.011266   18.88753891 19.79091991 19.23532598 19.54459852
  19.82513288 19.69117015 19.95798907 19.23782585 19.77172167 19.40924747
  20.2396483  19.59954478 20.09992582 19.78532218 19.83840768 19.7055875
  19.58218033 20.17111529 20.32166579 19.94731506 19.44818245 19.92198599
  19.20821774 19.70182018 20.06353888 19.70531137 20.00287757 19.07959239
  19.81188672 19.51736106 19.58352768 19.87113584]
[19.66607848 19.77435364 19.98983743 19.54264304 19.95020433 20.54254014
  20.16485905 19.60793226 19.8733076  19.65137331 19.19432121 19.10650973
  20.29712582 19.4938838  19.2244471  20.03942815 19.57573051 29.35097828
  19.879299   19.66425596 19.66918247 20.28395643 19.13756032 19.30181505
  19.32433301 19.51966909 20.20236115 19.51790896 20.06331585 20.21656972
  19.96064593 19.78070446 19.96884239 20.42025069 19.38097228 20.19010803
  19.37871638 19.90911578 19.77017158 19.41762884 19.21018993 20.21115352
  19.15398153 19.46342534 19.81482643 19.27624015 19.751984   19.59219016
  19.78245776 20.22014053 19.79877794 19.81545266 19.78040872 19.649468
  19.43500093 19.57950173 19.31488562 19.74787153 19.64443726 20.32536729
  19.83226824 19.74138326 20.10292601 19.29265421 19.88871353 20.21021578
  19.49222546 20.04256309 19.39508458 19.62482535 19.53104529 19.53428148
  19.84978909 20.04173576 20.34659769 19.66985647 19.71433895 19.48398064
  20.17144039 19.57596314 19.798079   19.44558446 20.271403   19.79413567
  19.60583595 20.07819483 20.24411966 19.97229938 19.90238145 20.37979036
  19.29639371 19.58386388 20.09529583 19.66364765 20.49287564 19.3785185
  19.3556644  19.47873568 20.26044262 20.28333974]
[20.00014013 20.61998759 20.29326853 20.08651953 20.4370769  20.63606221
  20.60942864 20.22388598 20.13556916 20.47371707 20.22639269 19.59601054
  20.89364851 19.94808559 19.89203147 20.56239037 19.74359355 19.879299
  29.99838095 20.14077062 19.75349135 20.6737581  19.47857248 19.77617396
  20.07345726 20.16411525 20.26880928 19.88190916 19.77101734 20.1961225
  20.83139484 20.06316527 20.17029013 20.46455715 19.9939108  20.89073316
  19.85570972 19.8726356  20.00260027 20.07550068 20.34127841 20.38280732
  20.0263878  20.37245504 19.79453533 20.38542878 20.52074293 19.95919084
  20.23389488 20.63768394 20.53055633 19.94217198 19.88268389 19.8614556
  19.84642721 19.55611008 19.92460011 19.87063678 20.34187298 20.68636281
  19.85936707 19.74653347 20.3076677  19.96415782 20.32623101 20.44319932
  19.92525687 20.87286256 19.91267759 20.16353574 19.68900753 19.97936518
  20.25259595 19.81116841 20.35360554 20.55486483 20.09577571 19.99998178
  20.90969006 20.28029001 20.58609703 19.87598221 20.58177912 20.21846412
  19.85601311 20.51664555 20.22270042 20.10132354 20.30658375 20.71978752
  19.59331234 20.45696438 20.34584494 20.01744818 20.62444373 19.84019755
  19.56538548 19.89144243 20.12923173 20.91805021]
[19.82877872 20.13456286 20.21888023 19.78513155 20.87465997 20.82032952
  20.48276095 20.05731514 20.01013963 20.09070641 20.17335985 19.59061549
  20.32584924 19.97519125 19.87907215 19.81726483 20.26932489 19.66425596
  20.14077062 29.86493128 19.90673707 19.87209326 19.58228519 19.80835115
  19.6319943  19.93464797 19.93568089 19.87728815 20.28164077 20.18963352
  20.328745   20.31442128 20.3279457  20.44710485 20.01262839 20.98691884
  19.68429478 20.02655947 20.35654962 19.59966238 19.49903083 20.31238649
  19.84898436 19.72706682 19.82960038 19.90462128 20.0368331  19.70606603
  20.04867281 20.42096243 20.13444389 19.5452877  19.94136425 20.27277116
  19.52864633 19.90103626 19.9941475  19.98330351 20.18501678 20.39241018
  19.5464688  20.07051598 20.3810785  20.09875868 20.39312185 20.391374
  20.06536071 20.52553378 19.64192535 20.11626304 19.54925864 20.25279707
  20.30405233 19.89874142 20.64668861 20.07866881 19.99497061 19.88091673
  19.84335066 20.48779137 20.56484835 20.02480707 20.44257349 20.12814058
  19.57866777 20.32737976 20.4029162  19.9761933  20.01661085 20.71275567
  19.42389926 19.9977692  20.28636069 19.57094438 20.78077978 19.71511531
  19.68192351 19.87006541 20.15579217 20.47275164]
[19.60678885 19.81878938 19.86829511 20.06409781 19.94255726 20.63979363
  20.27880602 20.03692676 19.91397137 19.74967401 19.82527566 18.86183917
  20.38349483 19.31399556 19.31160258 19.80807735 19.47172105 19.66918247
  19.75349135 19.90673707 29.09285473 20.07973553 19.33456373 19.34528993
  19.46408253 19.97664901 19.67987167 19.33047672 19.52867306 19.70149023
  19.92419797 20.09411037 19.9124603  20.13341417 19.10211467 20.4094696
  19.55855293 19.57924633 19.82893112 19.62059426 19.85820406 19.74128804
  19.48449794 19.25021497 19.71241939 19.6212343  19.85980715 19.18482714
  19.77089516 20.31384673 20.14135308 19.92371451 19.49860505 19.87456298
  19.4903702  19.34468735 19.56127828 19.57296228 19.87833781 20.30412755
  19.89713459 19.77535729 19.76630043 19.35312048 20.02464501 19.70340472
  19.3565194  20.27677938 19.35728221 19.86402359 19.63373124 19.6214622
  20.24492716 19.63486268 19.70784008 19.86760818 20.03513769 19.95927517
  20.22102453 19.71226022 19.928778   19.52438321 19.8605801  19.71469907
  19.50674765 20.20828575 19.95116653 19.93581283 20.18887035 20.17654646
  19.11192108 19.66012914 19.53778344 19.50649073 19.813642   19.23833149
  19.46923416 19.80868185 20.01386397 20.21106001]
[20.31013124 20.27832782 20.67163177 20.52601567 20.77599898 21.05477337
  20.86057873 20.03793833 20.28954803 20.04718851 20.54658057 19.80032725
  20.914079   20.03823196 20.06137364 20.66985763 20.10158248 20.28395643
  20.6737581  19.87209326 20.07973553 30.27566866 19.67875947 19.92051941
  20.2583242  20.82761246 20.35125778 20.10277092 20.00942101 20.58640783
  20.27890549 20.32039827 20.29447519 20.80085909 19.8080331  20.8916528
  19.76513476 19.98328488 20.29755556 20.2707486  20.34373219 20.312103
  20.02638221 20.10500827 20.11676458 20.26187056 20.61982249 19.85215886
  20.45151835 20.89462291 20.31916345 19.81427438 19.87383088 20.22562398
  20.27202493 19.88416571 20.22764192 20.22354594 20.22499305 20.97164097
  19.90695213 20.22290738 20.45012531 19.46406149 20.20760401 20.53352985
  20.35356943 20.55069651 19.80511031 20.07599955 19.90973113 20.46211282
  20.41665439 20.08519125 20.31486947 20.47041838 20.13499673 20.08681972
  20.61399213 20.50022259 20.84995435 20.05919719 20.42216166 20.4587605
  19.5441294  20.54844119 20.45189942 20.58252827 20.32009333 20.86892267
  19.53149045 20.03651107 20.52063274 20.01189306 20.5302789  19.79157221
  20.21329452 20.16769774 20.58352579 20.86933095]
[19.66076143 19.45837603 19.7776271  19.82005703 19.81856249 20.21160835
  20.08138146 19.66025505 20.06393923 19.52790772 19.38278236 19.17100471
  20.32055842 19.53754648 19.38407198 19.66641648 19.38490553 19.13756032
  19.47857248 19.58228519 19.33456373 19.67875947 29.31146837 19.39492512
  19.08898574 19.61046409 19.35950294 19.77211792 19.41332356 19.63318804
  19.84063235 19.72983484 19.76153563 19.73944741 19.10961589 20.04261487
  19.15459407 19.15554376 19.77398397 19.05959608 19.28128576 20.08447956
  19.32861859 19.52035267 19.08386707 19.70306462 20.2646363  19.11064786
  19.94152157 20.22751369 19.93378228 19.84394286 19.66408047 19.57986996
  19.48978251 19.16855823 19.25639378 19.7305411  19.80510887 20.11240014
  19.44085616 19.86996336 19.74980383 19.11769986 19.75490315 19.84314214
  19.36404071 20.041576   19.08925745 19.74518143 19.47464016 19.45983925
  19.53708012 19.55008534 19.72376017 19.71224244 19.73856807 19.47881522
  19.71861051 19.89071807 19.72490382 19.44183368 19.62179066 19.59900532
  19.35494403 19.78991687 19.97664304 19.74148525 19.45393333 19.83614405
  18.5283201  19.51263592 20.0348714  19.58335531 20.09946515 19.43903199
  19.23272807 19.27551083 19.78116382 20.0262288 ]
[19.57222395 19.84696982 19.34176355 19.92606678 19.92532933 20.20349424
  20.01103914 19.66264782 19.27215387 19.19884747 19.65659285 18.99461112
  19.74355145 19.34230355 19.1340011  19.5541994  19.12997478 19.30181505
  19.77617396 19.80835115 19.34528993 19.92051941 19.39492512 28.98396211
  18.90182687 19.68374555 19.41550128 19.25249166 19.24119009 19.98833755
  19.75544485 19.58168834 19.74476259 19.87066762 19.19155485 20.28995283
  18.93625951 19.36262025 19.76337336 19.06643425 19.24541217 19.54507368
  19.16652286 19.4402115  19.13568967 19.91029552 19.76266464 18.81124875
  19.47675973 19.90019527 19.69847741 19.50064851 19.32059818 19.120013
  19.69220436 19.2676982  19.27038228 19.3975681  19.56940326 20.25854523
  19.18334038 19.60151348 19.58596544 19.26169023 19.44499688 19.97885478
  19.22079207 20.10904498 19.20092963 19.7772381  19.42306252 19.60003683
  20.01679691 19.66744319 19.61333228 19.63490997 19.73732947 19.10586414
  19.89426436 19.72723539 19.94725702 19.55257898 19.30803726 19.99132971
  18.94703231 20.14855955 19.91649349 19.58446641 19.79766825 19.74778379
  18.89684334 19.62319575 19.67094464 19.39927238 19.56874966 18.94502966
  19.2478135  19.59535012 19.58318147 19.97887811]
[19.86157271 19.89199115 19.57376273 19.7435005  19.89153262 20.31615238
  19.88023944 19.71135286 19.73395785 19.50773452 19.38997562 18.89244906
  20.293215   19.35095256 19.38664905 19.7528953  19.56020329 19.32433301
  20.07345726 19.6319943  19.46408253 20.2583242  19.08898574 18.90182687
  29.04336214 19.4186981  19.49684647 19.07104554 19.37076268 19.87219992
  19.74140493 20.31768702 19.64959927 20.12553914 18.98288455 20.13457551
  19.16636075 19.53506917 19.48380245 18.98252346 19.66815766 19.95676749
  19.15480519 19.15089241 19.17618885 19.73622772 19.5865469  19.06118434
  19.88616462 19.96935812 19.64676819 19.51746242 19.43964321 19.36171545
  18.9472554  19.59458254 19.28203974 19.4435985  19.72599675 19.98984906
  19.5759702  19.61353034 20.05586304 18.7605162  19.5349406  19.87467113
  19.21755583 20.3924528  18.77819257 19.75804398 19.40528722 19.38258805
  19.76530794 19.36483032 19.54720847 19.73868041 19.72168184 19.30579894
  19.81205609 19.94983318 19.73220914 19.43283015 19.34383511 19.40439328
  19.41244298 20.35791957 19.99097925 19.53835728 19.69254128 19.71960724
  18.84889034 19.36351666 19.71966915 19.09414372 19.70998729 19.30363799
  19.02267185 19.37263496 19.47898856 19.9656094 ]
[19.95251293 20.05682504 20.27696066 20.19921351 20.30155226 20.85741862
  20.46182739 20.26005779 19.99461391 20.00917379 19.89649012 19.7607632
  20.32614467 19.96336094 19.63152618 19.99539706 19.65693326 19.51966909
  20.16411525 19.93464797 19.97664901 20.82761246 19.61046409 19.68374555
  19.4186981  29.89799293 19.98571322 19.77964481 19.80186902 20.11511527
  20.23236088 20.24466191 20.22302307 20.35973733 19.63838124 20.82981475
  19.54715563 19.86405354 20.25472347 19.74654285 19.544251   20.23934227
  19.50521784 19.61723485 19.71392097 19.96045254 20.22360304 19.47145082
  19.96656475 20.78460066 19.88861332 19.86536786 19.93959795 19.92013187
  20.00857908 19.70922191 19.95410567 20.04423411 19.91289629 20.50231852
  19.88554527 20.08251609 20.34161524 19.28465029 20.19998275 20.1782675
  19.4716511  20.97104902 19.68510667 20.30248323 19.75746454 20.14884178
  20.27826584 20.05761997 20.15802054 19.92696899 20.18864518 19.7339634
  20.38807189 20.21554384 19.88971043 19.73222124 20.37571458 20.01976934
  19.56519769 20.40361908 20.30194714 20.24079337 20.13676021 20.46176659
  19.60882047 19.65210771 20.17517938 19.88532697 20.44370735 19.64242775
  19.83631901 20.2380322  20.05850065 20.11346015]
[19.47177132 19.727274   20.17964845 20.38898778 19.8308905  20.71601871
  20.16644099 19.82063047 20.06104629 19.91101555 19.47430519 19.58412252
  20.43185049 19.70173969 19.60070228 20.18839069 19.5703665  20.20236115
  20.26880928 19.93568089 19.67987167 20.35125778 19.35950294 19.41550128
  19.49684647 19.98571322 29.373518   19.59482106 19.67277047 20.03287411
  20.2004608  20.09201964 20.17579422 20.52950702 19.45760387 20.21800412
  19.51120294 19.71434905 20.00768972 19.47001748 19.67861571 20.11412511
  19.4797395  19.76582236 19.72082767 20.03130477 19.88912138 19.71609652
  19.85000056 20.3498712  19.97023169 20.10013591 19.62944299 19.78191735
  19.49858376 19.9344436  19.85099234 19.89234551 19.46963841 20.76434801
  19.57059611 19.68137488 20.22828437 19.42925563 20.02528307 20.32058738
  19.59992292 20.37905485 19.25411219 19.70336464 19.20388327 20.10282721
  20.02820872 19.68843458 20.05213658 20.06475262 19.88314158 19.97728349
  20.22946995 19.88973139 20.0715129  20.00147186 19.916762   20.02738718
  19.79642631 20.27016894 20.12654524 19.91996956 19.90626354 20.42523988
  19.50329064 19.78743944 20.48582179 19.79677524 20.11205367 19.88464149
  19.44304861 19.33371184 20.04225039 20.52449128]
[19.62340592 19.84716742 19.81608822 20.17729533 20.14423273 20.53509543
  20.36786764 19.76594069 19.52274958 19.65791641 19.31593046 19.17111335
  19.96344964 19.75634695 19.52811254 19.6102603  19.5050444  19.51790896
  19.88190916 19.87728815 19.33047672 20.10277092 19.77211792 19.25249166
  19.07104554 19.77964481 19.59482106 29.43418204 19.53777825 19.73983278
  19.74550029 19.58538216 19.86424706 20.21512986 19.26592727 20.32641704
  19.48060634 19.25314162 19.86345925 19.3311496  19.24830004 19.84455779
  19.07536924 19.56356874 19.20270507 19.81481448 19.96217295 19.17687786
  19.38117162 20.22511646 19.72168033 20.20509466 19.73561528 19.26804942
  19.67366304 19.04850422 19.43618079 19.51625279 19.90063108 20.28466744
  19.51997759 19.89138161 19.72204158 19.26596844 19.88341512 19.79266575
  19.31342691 20.40106045 19.133541   19.74801953 19.22245651 19.85717795
  19.74771641 19.56503297 19.67601819 19.61162089 19.65356642 19.03672481
  19.96004717 19.69282163 19.94594883 19.54530721 19.96176711 19.74247022
  19.38201928 20.25157762 19.78884854 19.65258646 19.0955641  19.96340196
  19.50946699 19.1901847  19.76284033 19.10095384 19.87087941 19.16021536
  19.68749357 19.28069195 20.05484735 19.82785062]
[19.49189146 19.94128519 19.89076659 20.06517015 20.15174457 20.59918856
  20.31547891 19.91435447 20.11531546 20.3544877  19.91224895 19.17974485
  20.04327126 19.86095461 19.5687637  19.79582492 19.88866147 20.06331585
  19.77101734 20.28164077 19.52867306 20.00942101 19.41332356 19.24119009
  19.37076268 19.80186902 19.67277047 19.53777825 29.53692012 19.96783645
  20.07986925 20.08709168 19.88176786 20.24093728 19.45483986 20.3786422
  19.62670352 19.60032793 20.01409385 19.27632156 19.34257164 20.08604502
  19.58256605 19.76800871 19.71672594 20.07713159 20.54017042 19.18297714
  19.98860106 20.27000261 19.68680001 19.32925921 20.02997557 19.70736052
  19.32455593 19.84839936 19.89978683 19.71551909 19.97274577 20.14843961
  19.92301683 19.88700706 19.88478401 19.4195621  19.6959519  19.53469232
  19.59453921 20.62804116 19.34412973 19.98558606 19.53999495 20.04146364
  19.85663654 20.00901618 19.91010852 19.97997778 20.05441193 19.8576519
  20.6717481  19.74626547 19.90477587 19.7564119  20.03507481 19.4998109
  19.65854668 20.65243946 20.20223325 20.14404709 19.74582198 20.54712424
  19.19631738 19.28171569 20.13775335 19.31368806 19.90862472 19.80316535
  19.73665989 19.58872974 19.71244654 20.24121754]
[19.62088175 20.32526703 20.12492198 20.06040278 20.45823678 20.624862
  20.7482527  20.59812915 20.03350472 19.85502261 20.22689819 19.62648686
  20.57896526 20.13898731 19.71411292 20.29746775 19.8494493  20.21656972
  20.1961225  20.18963352 19.70149023 20.58640783 19.63318804 19.98833755
  19.87219992 20.11511527 20.03287411 19.73983278 19.96783645 29.79088039
  19.92674852 20.03096928 19.90490384 20.5991779  19.81990266 20.60417037
  19.96012479 19.73182777 20.18371554 19.71454815 19.78379925 20.53704547
  19.64702828 20.13228065 20.04197962 20.23780282 20.19253153 19.53532932
  20.37625561 20.53827548 20.33427893 20.20089936 20.04488822 20.02789039
  20.12215772 19.75924733 20.03602468 19.75854516 20.11142892 20.48898368
  19.60261438 19.97987376 20.64687347 19.68778935 20.13221766 20.39537104
  20.05951985 20.8530577  19.74995973 20.36942932 19.53841819 19.74670346
  20.15764845 20.29077656 19.98425308 20.21430898 20.52909137 19.92789611
  20.67444957 19.98648062 20.69491948 19.88394604 20.12182984 20.42781236
  19.76909655 20.5005274  20.60370487 20.43752822 20.0699335  20.44447224
  19.76906352 19.90055806 20.56749653 20.24151042 20.51392034 19.59790797
  20.03368591 19.62504691 20.16074182 20.51787447]
[20.17316598 20.17296201 20.41718179 20.04022428 20.73518867 20.7719733
  20.65052266 20.07523494 20.40934926 20.54802965 20.05445235 19.75599277
  20.91607557 19.95827469 20.2939988  20.10257728 20.33952441 19.96064593
  20.83139484 20.328745   19.92419797 20.27890549 19.84063235 19.75544485
  19.74140493 20.23236088 20.2004608  19.74550029 20.07986925 19.92674852
  30.02791429 20.34654783 20.41009345 20.75968829 20.25526762 20.62080073
  19.70387094 20.19269605 20.49731287 20.03760987 19.67030856 20.65695764
  20.16289074 19.81559047 20.09930341 20.17555971 20.39191243 19.7110575
  20.44597841 20.99766223 20.16043515 20.21801714 20.17719365 19.9931927
  19.56236287 19.61543361 20.02855539 20.37949688 20.3908218  20.61472201
  20.37143175 20.21590205 20.23234901 19.68716662 20.32038598 20.26698024
  19.99733091 20.63418403 19.63685531 20.51759676 19.81678692 20.14813608
  20.2276919  20.03698727 20.53964028 20.10315746 20.36613127 19.9648668
  20.5976702  20.06497657 20.26348022 20.26878304 20.6236355  20.42355705
  20.28532676 20.3559093  20.36182495 20.71594065 20.37852479 20.33260781
  19.47695026 20.34236515 20.14188636 19.98324071 20.30729359 19.96479283
  19.78546558 19.81998694 20.1803516  20.77985625]
[19.90681912 20.15343186 20.06802555 20.17422408 20.58542497 20.7025604
  20.56363519 20.15162165 20.40926973 19.929259   19.69957163 19.67825223
  20.20716119 19.8522207  19.58719236 20.19090523 19.73182245 19.78070446
  20.06316527 20.31442128 20.09411037 20.32039827 19.72983484 19.58168834
  20.31768702 20.24466191 20.09201964 19.58538216 20.08709168 20.03096928
  20.34654783 30.22636811 20.09789658 20.57299258 19.71742387 20.50698432
  19.81428613 19.89270512 20.24694444 19.67855843 19.81816326 20.29222384
  19.72585    19.59965345 19.85122774 19.65682641 20.16267953 19.72848022
