4771
50
10
20.463512489249137

[0.02163343 0.0710266  0.04405713 0.05670453 0.0499751  0.02850229
 0.07105495 0.09605577 0.09794303 0.02499181 0.06530196 0.08864412
 0.02855199 0.07952837 0.04570788 0.06231602 0.06309263 0.04505744
 0.07821433 0.08586079 0.08364491 0.07362156 0.08573099 0.0765637
 0.04347178 0.05367382 0.07895106 0.08216508 0.0738715  0.06017673
 0.07935656 0.02242704 0.03227897 0.03027885 0.09895767 0.03509774
 0.02746475 0.07065276 0.09128017 0.05058374 0.05167604 0.02248859
 0.07226361 0.03772528 0.05280294 0.03460216 0.096114   0.03161932
 0.03552841 0.04264715]

[[29.73089787 19.61287816 19.57631844 20.27731792 19.71343772 20.41910341
  20.29383553 20.36593136 19.44333596 20.20525196 19.67325586 19.67302683
  20.30030199 20.19866931 20.11925034 19.47824111 20.72694224 20.20470362
  19.75972956 19.75400164 19.97781957 20.34145512 19.88346938 20.04811021
  19.61513607 19.86477186 20.47077226 20.21555774 19.41652908 19.56245202
  20.50476198 19.79380478 19.63806935 20.34786997 19.71911266 19.98863438
  19.9171321  20.29435484 19.77119858 20.00784196 20.73522968 19.85462889
  20.22810226 19.33173793 19.53127342 19.64014751 20.02174811 19.64600157
  19.67747063 20.17759067]
[19.61287816 28.88593221 19.78314562 20.17720595 19.71692256 19.81706545
  19.89437987 20.09231544 19.68215375 19.74584737 19.3229419  19.98219605
  20.22117291 20.32300503 20.26497908 19.81417016 20.25518135 20.29881388
  19.72837501 19.48594536 19.9002077  20.59765539 19.78779754 19.97268744
  19.49011329 19.54558302 20.08535098 20.30153312 19.6955566  20.23119705
  19.99216615 19.90063523 19.87273038 20.2504465  19.61990906 19.79571751
  19.562466   20.15304427 19.78660151 19.69088028 20.62071746 20.28634388
  19.65889067 19.38113897 19.50687319 19.66101216 19.75353975 19.55396101
  19.83669405 19.69615465]
[19.57631844 19.78314562 29.55836537 20.13989274 20.02784351 19.69854009
  19.83099992 20.1309404  19.79126793 19.98126934 19.65697637 19.95659972
  19.7008576  20.46601305 19.94120456 19.3881726  20.2518594  20.12086182
  19.29206268 19.55374047 19.81755709 19.54385568 20.06720997 19.61875925
  19.38923883 19.91276119 20.40812445 19.88250519 19.60162059 19.52294754
  20.12280858 19.89885533 19.55802266 20.09573321 19.53187208 19.82937799
  19.6416396  19.6409794  19.54857363 19.91867984 20.06197841 20.30108275
  19.85434455 19.06187756 19.63822798 19.32608514 19.84257593 19.32258578
  19.73689115 19.89100866]
[20.27731792 20.17720595 20.13989274 30.78563341 20.29393071 20.56076986
  20.49297983 20.64676592 20.13754205 20.24379559 20.28891952 20.47615957
  20.94907481 20.78778316 20.4631719  20.17966789 20.42856157 20.77884921
  19.60204855 20.03856069 20.10125028 20.59721141 20.73555279 20.51201511
  20.01521868 20.29936218 20.926488   20.55021973 19.99675543 20.33908638
  20.4324966  19.97974845 20.20361511 20.47661426 20.39751284 20.31223155
  19.99396556 20.53998808 20.33854811 19.9464894  21.07291711 20.64109236
  20.33645213 20.03371646 20.1373678  19.79814233 20.26835484 19.89511272
  19.81908659 20.46516133]
[19.71343772 19.71692256 20.02784351 20.29393071 28.91539414 19.99361059
  20.20988575 19.92120274 19.7858541  19.71725967 19.46718105 19.93057667
  20.34947243 20.09815264 19.98986408 19.86335758 20.0446035  20.00639363
  19.78764724 19.34837908 19.89510904 19.78280003 19.65351687 19.68938372
  19.14971179 19.59024787 20.57864313 20.09448473 19.29528784 19.88653123
  20.09531205 19.50744575 19.33279351 20.43060879 19.51938265 19.69655875
  20.08202486 19.66728672 19.81565827 19.92564311 20.08833219 19.89979448
  19.96230644 19.65034793 19.22200189 19.13774308 19.97702192 19.05086947
  19.64465944 19.90205857]
[20.41910341 19.81706545 19.69854009 20.56076986 19.99361059 30.24976419
  20.71305428 20.55045118 20.04737002 20.21714019 20.56933676 20.59520975
  20.61640581 20.60054406 20.22459663 20.02795428 20.9899578  20.65209987
  20.27271233 20.09477461 20.50000608 20.53756391 20.1673611  19.93053767
  19.94074212 20.20258078 20.76559157 20.70607526 19.92339364 20.07251455
  20.71024398 20.00540823 20.21017886 20.54584378 19.79519658 20.06256122
  19.9422291  20.25006164 20.20301181 20.10600119 21.11825449 20.49573914
  20.16247008 19.72834322 19.68697439 19.54653638 20.29641014 19.93506667
  20.26021121 20.22742215]
[20.29383553 19.89437987 19.83099992 20.49297983 20.20988575 20.71305428
  29.77131999 20.54320639 20.01301822 19.9958084  20.23087284 19.88545433
  20.73980657 20.64487542 20.40391335 19.55188579 20.51857182 20.64010936
  20.21130828 19.60622543 20.21893032 20.81884327 20.16734672 20.16767631
  19.71119104 20.05197388 20.78591515 20.59223162 19.73206271 20.15676227
  20.4527762  20.20472401 19.93480295 20.54465712 20.18314554 19.72031516
  20.02032679 20.52492182 19.95603715 20.37437837 20.44535704 20.53312607
  20.25686566 20.02663799 19.6506225  19.84089619 20.39062216 19.48218225
  19.71543821 20.20670859]
[20.36593136 20.09231544 20.1309404  20.64676592 19.92120274 20.55045118
  20.54320639 30.27890011 20.06561469 20.46310193 20.49624136 20.24449932
  20.66812667 21.09385103 20.22175338 19.81528093 20.87580453 20.44662717
  20.34110102 20.24709482 20.11845578 20.94989891 20.48066178 20.09867079
  19.91796301 20.27719841 20.78555942 20.7027463  19.64742904 20.40878366
  20.95661883 20.58310288 20.12321351 20.68730656 20.1800816  20.4199776
  20.51042576 20.57023734 20.31426847 20.23397275 21.15586421 20.78449975
  20.29208216 19.72949441 19.85666726 19.76814327 20.62427287 19.54500521
  20.06472561 20.25021762]
[19.44333596 19.68215375 19.79126793 20.13754205 19.7858541  20.04737002
  20.01301822 20.06561469 29.29012394 19.78051545 19.76029298 19.78830518
  20.14256814 20.18541828 19.94321915 19.95230606 20.41994467 19.89894284
  19.75365482 19.30476326 20.04367497 20.23191979 20.08886855 19.70831686
  19.37417022 19.67951    20.78807778 20.07017342 19.59794063 19.7817294
  20.44006683 20.22032927 19.49377693 20.02480418 19.5775981  19.53254292
  19.81343378 19.97438075 19.95501232 19.57266475 20.61313958 20.18030115
  20.31470525 19.45658826 19.4054749  19.37625119 20.15675636 19.43260911
  19.84037387 19.76875339]
[20.20525196 19.74584737 19.98126934 20.24379559 19.71725967 20.21714019
  19.9958084  20.46310193 19.78051545 29.65854926 19.90301029 19.97526165
  20.26898676 20.65685166 20.11135271 19.71198678 20.52134713 20.30338601
  20.15988738 19.70718047 19.78043419 20.1740562  20.20739594 20.07975866
  19.763444   19.60151453 20.68633022 20.45231047 19.83424312 19.56762018
  20.23408675 20.13875888 20.01102817 20.62416884 19.89713209 19.80713418
  19.83658246 20.2088373  20.2442282  20.1556269  20.59495134 20.30597094
  19.81118926 19.34117061 19.75218067 19.73383681 20.16086235 19.69527205
  20.07592611 20.25027692]
[19.67325586 19.3229419  19.65697637 20.28891952 19.46718105 20.56933676
  20.23087284 20.49624136 19.76029298 19.90301029 29.82851783 20.00881176
  20.54475492 20.10680468 20.07790376 19.64804109 20.7580003  20.30843353
  19.68279369 19.75389051 19.95375137 20.33530975 20.13719551 19.86948575
  19.41257157 19.8506707  20.6939454  20.52108481 19.76960253 20.00972667
  20.34618134 19.73232315 19.99045467 20.4835648  19.62786722 19.71269999
  20.00958902 19.96516692 20.05718427 20.16213855 20.68074145 20.32755411
  20.47550987 19.42031968 19.49610455 19.53862848 19.98691109 19.57421434
  19.81680404 20.15336397]
[19.67302683 19.98219605 19.95659972 20.47615957 19.93057667 20.59520975
  19.88545433 20.24449932 19.78830518 19.97526165 20.00881176 30.12128368
  20.86105162 20.94326983 20.73534611 19.92918468 20.6274426  20.36647576
  20.2690175  20.17328658 20.01651836 20.84113731 19.94505398 19.98215877
  19.59829798 20.15356182 20.62490748 20.3036767  20.02641624 19.82650818
  20.45706584 20.15981474 19.93720919 20.59287765 20.22631996 19.90811092
  19.84062146 20.22903314 20.41607981 20.00771806 21.02490027 20.47088037
  20.45964024 19.48935287 19.67263643 19.49261123 20.24264435 19.46467736
  19.98500429 20.0336664 ]
[20.30030199 20.22117291 19.7008576  20.94907481 20.34947243 20.61640581
  20.73980657 20.66812667 20.14256814 20.26898676 20.54475492 20.86105162
  30.55411941 20.88050846 20.6963358  20.3258583  20.88081181 20.71077866
  20.58163828 20.09508149 20.5830073  20.47625151 20.63216209 20.38996578
  20.23646903 20.42606719 20.67296643 20.54617481 20.27926259 20.13300619
  20.89334917 20.14469585 20.4045865  21.01878494 20.34926894 20.06249061
  19.94599487 20.76270229 20.32047842 20.24639733 21.02756062 20.61199164
  20.76564228 19.70556907 20.31953175 19.75049917 20.90064759 19.74415719
  19.97514871 20.42181246]
[20.19866931 20.32300503 20.46601305 20.78778316 20.09815264 20.60054406
  20.64487542 21.09385103 20.18541828 20.65685166 20.10680468 20.94326983
  20.88050846 30.68778844 20.86248294 20.20207326 21.30679213 20.73777814
  20.5497741  20.51697978 20.31434753 20.68055968 20.53419465 20.46545668
  20.16667222 20.13884195 21.10232586 20.90217618 20.56601419 20.2830026
  20.91380349 20.67030485 20.24196437 20.58277015 20.65077996 20.44947498
  20.65969906 20.77028996 20.39321999 20.59633559 21.38379187 21.08525472
  20.61970566 19.7407542  19.84914214 19.87972473 20.74045649 20.02302631
  20.15055764 20.51179599]
[20.11925034 20.26497908 19.94120456 20.4631719  19.98986408 20.22459663
  20.40391335 20.22175338 19.94321915 20.11135271 20.07790376 20.73534611
  20.6963358  20.86248294 30.47653687 20.05962355 20.64547687 20.86364819
  19.95820751 20.20224299 20.0247432  20.57314664 20.16268297 20.37519171
  20.29463761 20.3881719  20.57425257 20.53634945 20.17720791 19.94392322
  20.66537105 20.48180549 19.76281871 20.62586559 20.29734494 19.99512207
  19.7561249  20.5518478  20.28940443 20.18803178 20.73033709 20.70373846
  20.69699294 19.86229878 20.13227262 19.7990991  20.33115253 19.74901075
  20.0290714  20.49310083]
[19.47824111 19.81417016 19.3881726  20.17966789 19.86335758 20.02795428
  19.55188579 19.81528093 19.95230606 19.71198678 19.64804109 19.92918468
  20.3258583  20.20207326 20.05962355 29.26522193 20.1183349  20.02225358
  19.23197525 18.96606363 19.52007561 20.29004796 19.35772116 19.43508088
  19.14141364 19.5781261  20.1509253  20.4547692  19.52358554 19.44209524
  20.51582087 19.7942411  19.69627125 20.03410315 19.4894401  19.72056101
  19.74615843 19.79504804 19.59904179 19.69370315 20.26947317 20.04811958
  19.81107636 19.31933275 19.02312764 19.05658012 20.15905532 19.21605552
  19.62163167 19.82150112]
[20.72694224 20.25518135 20.2518594  20.42856157 20.0446035  20.9899578
  20.51857182 20.87580453 20.41994467 20.52134713 20.7580003  20.6274426
  20.88081181 21.30679213 20.64547687 20.1183349  31.14452005 21.0651495
  20.38360771 20.33552117 20.51086327 20.64112712 20.53840516 20.58933629
  20.03472807 20.31361882 20.82642276 20.67832283 20.41736148 20.50716889
  21.14387983 20.69752692 20.21824427 21.0336763  20.64269241 20.16765136
  20.59484421 20.32663646 20.13748524 20.44927254 21.1809954  20.80594372
  20.86925605 19.50108849 20.15820062 19.94328046 20.51483694 20.07945111
  20.38088471 20.62251747]
[20.20470362 20.29881388 20.12086182 20.77884921 20.00639363 20.65209987
  20.64010936 20.44662717 19.89894284 20.30338601 20.30843353 20.36647576
  20.71077866 20.73777814 20.86364819 20.02225358 21.0651495  30.66070784
  20.554829   20.01133082 20.35749156 20.59386195 20.5863525  20.58291787
  20.15620557 20.17007709 20.8089868  20.65706845 20.19809926 20.55115785
  21.1701027  20.37993184 20.02005804 20.93097081 20.00912438 20.00534771
  20.40320693 19.83188834 20.32362212 20.64744548 20.9199065  20.65085678
  20.53837652 20.0478221  20.51324529 19.79930019 20.70995988 20.14868311
  20.27758974 20.49871726]
[19.75972956 19.72837501 19.29206268 19.60204855 19.78764724 20.27271233
  20.21130828 20.34110102 19.75365482 20.15988738 19.68279369 20.2690175
  20.58163828 20.5497741  19.95820751 19.23197525 20.38360771 20.554829
  29.78342858 19.90427428 19.76465134 20.355553   19.76508296 19.9403298
  19.92220764 19.67640957 20.28276223 20.1803946  19.95768364 20.00083569
  20.17349965 20.10249913 19.85173278 20.21091485 19.69332771 19.58951922
  19.91120863 19.80428478 20.19320483 20.19656806 20.64928983 20.75578255
  19.95125518 19.43912861 19.78123458 19.37030443 20.00427941 19.41263051
  20.01247397 19.97313358]
[19.75400164 19.48594536 19.55374047 20.03856069 19.34837908 20.09477461
  19.60622543 20.24709482 19.30476326 19.70718047 19.75389051 20.17328658
  20.09508149 20.51697978 20.20224299 18.96606363 20.33552117 20.01133082
  19.90427428 29.14623851 19.67260427 20.33156759 19.96822926 19.6074882
  19.13739365 19.94333711 20.1768676  20.2352306  19.50138711 19.65357301
  19.95912084 20.2296905  19.71876132 20.29238495 19.9165899  19.59539315
  19.53178487 19.58543269 20.15309775 19.9761717  20.4343307  20.4207833
  19.66778856 19.56265139 19.54610211 19.40674775 19.86834138 19.33358153
  19.55609168 19.8025632 ]
[19.97781957 19.9002077  19.81755709 20.10125028 19.89510904 20.50000608
  20.21893032 20.11845578 20.04367497 19.78043419 19.95375137 20.01651836
  20.5830073  20.31434753 20.0247432  19.52007561 20.51086327 20.35749156
  19.76465134 19.67260427 29.87034785 20.08511956 20.30625829 19.92943093
  19.84077494 19.62080274 20.72874424 20.00885272 19.86110875 19.66510555
  20.49974098 20.18504867 19.99341428 20.27355099 19.48168191 19.86650288
  20.10338331 20.02104432 20.24023765 20.05798793 20.66428503 20.21812256
  19.7685037  19.41203808 19.62937148 18.904892   19.50575032 19.69716602
  19.98681644 19.63230505]
[20.34145512 20.59765539 19.54385568 20.59721141 19.78280003 20.53756391
  20.81884327 20.94989891 20.23191979 20.1740562  20.33530975 20.84113731
  20.47625151 20.68055968 20.57314664 20.29004796 20.64112712 20.59386195
  20.355553   20.33156759 20.08511956 30.0777878  20.86787991 20.19717943
  19.89087325 19.86467151 21.0428111  20.4759366  20.18691392 19.93681223
  20.68404346 20.61674117 20.48615202 20.84211845 20.30305635 19.90973777
  20.28039738 20.53561031 20.56850732 20.40212302 21.13678645 20.66601336
  20.40361423 19.55489209 19.93618174 19.9117315  20.63602737 19.71278189
  20.17627734 20.16754911]
[19.88346938 19.78779754 20.06720997 20.73555279 19.65351687 20.1673611
  20.16734672 20.48066178 20.08886855 20.20739594 20.13719551 19.94505398
  20.63216209 20.53419465 20.16268297 19.35772116 20.53840516 20.5863525
  19.76508296 19.96822926 20.30625829 20.86787991 29.89246057 20.42731897
  19.77448385 20.09030121 20.05851691 20.20095085 19.95568467 19.93001183
  20.34905691 19.74310434 19.73334302 20.88061141 20.01902364 20.04420553
  20.07801662 20.08921808 19.89261388 20.0863301  20.80397824 20.04971139
  20.15002109 19.67414738 19.86685664 19.49574211 19.85381797 19.41044809
  19.83131607 20.21241546]
[20.04811021 19.97268744 19.61875925 20.51201511 19.68938372 19.93053767
  20.16767631 20.09867079 19.70831686 20.07975866 19.86948575 19.98215877
  20.38996578 20.46545668 20.37519171 19.43508088 20.58933629 20.58291787
  19.9403298  19.6074882  19.92943093 20.19717943 20.42731897 29.76360807
  19.81335579 19.9319964  20.25244345 20.42565537 19.71131137 19.80113998
  20.26312422 20.03798433 19.73942147 20.66663788 19.73836563 19.91813657
  20.00166866 19.84771666 20.25717174 19.95897941 20.30863295 20.33089068
  20.4005267  19.66735488 19.7165513  19.74593626 19.93277253 19.77632607
  19.5723319  20.0532956 ]
[19.61513607 19.49011329 19.38923883 20.01521868 19.14971179 19.94074212
  19.71119104 19.91796301 19.37417022 19.763444   19.41257157 19.59829798
  20.23646903 20.16667222 20.29463761 19.14141364 20.03472807 20.15620557
  19.92220764 19.13739365 19.84077494 19.89087325 19.77448385 19.81335579
  28.4116673  19.65241448 20.10109487 19.92282984 19.5555816  19.36152615
  20.10897646 19.58252324 19.46478562 20.27870469 19.38411598 19.56356343
  19.33500516 19.86606053 19.46650225 19.6501109  20.54313633 20.00795834
  19.69070516 19.23236453 19.74590269 19.19233671 19.84061284 19.58698155
  19.38580031 19.89736238]
[19.86477186 19.54558302 19.91276119 20.29936218 19.59024787 20.20258078
  20.05197388 20.27719841 19.67951    19.60151453 19.8506707  20.15356182
  20.42606719 20.13884195 20.3881719  19.5781261  20.31361882 20.17007709
  19.67640957 19.94333711 19.62080274 19.86467151 20.09030121 19.9319964
  19.65241448 29.433598   20.3677439  20.10679631 19.30138885 19.64724766
  20.18057992 20.10545552 19.81154218 20.16758736 19.63626988 19.4672123
  20.29480814 20.31973468 19.82019457 20.11532041 20.96606865 20.11448987
  19.7280003  19.47392224 19.18443362 19.3291716  19.77915367 19.41049717
  19.93373542 20.17541802]
[20.47077226 20.08535098 20.40812445 20.926488   20.57864313 20.76559157
  20.78591515 20.78555942 20.78807778 20.68633022 20.6939454  20.62490748
  20.67296643 21.10232586 20.57425257 20.1509253  20.82642276 20.8089868
  20.28276223 20.1768676  20.72874424 21.0428111  20.05851691 20.25244345
  20.10109487 20.3677439  30.77316465 20.61759206 20.44292046 20.19710748
  20.99264824 20.5792515  20.538819   20.81750843 20.4684621  20.11013262
  20.06305067 20.39095074 20.48465492 20.56920303 21.10508297 20.86218711
  20.44062573 20.00369394 19.86871898 20.06628102 20.57466335 20.08321216
  20.3718487  20.55558088]
[20.21555774 20.30153312 19.88250519 20.55021973 20.09448473 20.70607526
  20.59223162 20.7027463  20.07017342 20.45231047 20.52108481 20.3036767
  20.54617481 20.90217618 20.53634945 20.4547692  20.67832283 20.65706845
  20.1803946  20.2352306  20.00885272 20.4759366  20.20095085 20.42565537
  19.92282984 20.10679631 20.61759206 30.44814081 20.08522906 20.07930618
  20.82478947 20.28526867 20.17088287 20.700994   20.09286213 20.34566824
  20.07362783 20.17679726 20.53836978 20.52767602 21.00406917 20.58415495
  20.14279075 19.88824247 20.12215295 19.72936496 20.18157435 19.58258648
  20.28052279 20.17651874]
[19.41652908 19.6955566  19.60162059 19.99675543 19.29528784 19.92339364
  19.73206271 19.64742904 19.59794063 19.83424312 19.76960253 20.02641624
  20.27926259 20.56601419 20.17720791 19.52358554 20.41736148 20.19809926
  19.95768364 19.50138711 19.86110875 20.18691392 19.95568467 19.71131137
  19.5555816  19.30138885 20.44292046 20.08522906 29.77957101 19.65408363
  20.41359847 19.79509374 19.71591717 20.16017653 20.05422222 19.85801949
  19.91812671 20.00045599 19.53767461 20.03079407 20.4856453  20.00243091
  19.94795582 19.06657008 19.72389932 19.13872596 19.83345312 19.10613496
  19.4016776  19.68160078]
[19.56245202 20.23119705 19.52294754 20.33908638 19.88653123 20.07251455
  20.15676227 20.40878366 19.7817294  19.56762018 20.00972667 19.82650818
  20.13300619 20.2830026  19.94392322 19.44209524 20.50716889 20.55115785
  20.00083569 19.65357301 19.66510555 19.93681223 19.93001183 19.80113998
  19.36152615 19.64724766 20.19710748 20.07930618 19.65408363 29.6885893
  20.32224823 19.83063379 19.58740529 20.38244982 19.84515946 19.4700351
  19.65243959 19.91067489 19.77653401 20.15777838 20.44326955 20.20809166
  19.63601329 19.56883144 19.58977209 19.84801171 20.15685509 19.32961779
  19.90707136 19.41363566]
[20.50476198 19.99216615 20.12280858 20.4324966  20.09531205 20.71024398
  20.4527762  20.95661883 20.44006683 20.23408675 20.34618134 20.45706584
  20.89334917 20.91380349 20.66537105 20.51582087 21.14387983 21.1701027
  20.17349965 19.95912084 20.49974098 20.68404346 20.34905691 20.26312422
  20.10897646 20.18057992 20.99264824 20.82478947 20.41359847 20.32224823
  30.60550702 20.90090513 20.32577332 20.88605613 20.17550928 20.18124402
  20.17434923 20.27753203 20.16151871 20.34010606 20.71649147 20.6453394
  20.50891662 19.70646902 19.95537498 19.71043586 20.3948986  20.06280687
  20.72587435 20.64937295]
[19.79380478 19.90063523 19.89885533 19.97974845 19.50744575 20.00540823
  20.20472401 20.58310288 20.22032927 20.13875888 19.73232315 20.15981474
  20.14469585 20.67030485 20.48180549 19.7942411  20.69752692 20.37993184
  20.10249913 20.2296905  20.18504867 20.61674117 19.74310434 20.03798433
  19.58252324 20.10545552 20.5792515  20.28526867 19.79509374 19.83063379
  20.90090513 29.80914688 19.9336296  20.33880301 19.97985229 19.58161452
  19.99291201 20.29176784 20.09365027 20.11954739 20.43098332 20.30903505
  19.80135565 19.24010845 19.53950279 19.52234081 20.34127829 19.6765822
  20.14919002 20.19016701]
[19.63806935 19.87273038 19.55802266 20.20361511 19.33279351 20.21017886
  19.93480295 20.12321351 19.49377693 20.01102817 19.99045467 19.93720919
  20.4045865  20.24196437 19.76281871 19.69627125 20.21824427 20.02005804
  19.85173278 19.71876132 19.99341428 20.48615202 19.73334302 19.73942147
  19.46478562 19.81154218 20.538819   20.17088287 19.71591717 19.58740529
  20.32577332 19.9336296  29.63520845 20.58271824 19.77994706 19.39568962
  19.77048903 20.3159059  19.85567383 19.92687685 20.35635258 20.02150551
  19.7226195  19.42515227 19.43241009 19.35469662 19.93898983 19.72991844
  19.90608576 19.8927701 ]
[20.34786997 20.2504465  20.09573321 20.47661426 20.43060879 20.54584378
  20.54465712 20.68730656 20.02480418 20.62416884 20.4835648  20.59287765
  21.01878494 20.58277015 20.62586559 20.03410315 21.0336763  20.93097081
  20.21091485 20.29238495 20.27355099 20.84211845 20.88061141 20.66663788
  20.27870469 20.16758736 20.81750843 20.700994   20.16017653 20.38244982
  20.88605613 20.33880301 20.58271824 30.90250279 20.4293145  20.38073892
  20.17986981 20.50969447 20.4664014  20.41951413 20.97499728 20.50162806
  20.43199884 19.95041578 20.2038026  20.00679719 20.60277989 20.14352615
  20.14793393 20.49316569]
[19.71911266 19.61990906 19.53187208 20.39751284 19.51938265 19.79519658
  20.18314554 20.1800816  19.5775981  19.89713209 19.62786722 20.22631996
  20.34926894 20.65077996 20.29734494 19.4894401  20.64269241 20.00912438
  19.69332771 19.9165899  19.48168191 20.30305635 20.01902364 19.73836563
  19.38411598 19.63626988 20.4684621  20.09286213 20.05422222 19.84515946
  20.17550928 19.97985229 19.77994706 20.4293145  29.8136125  19.72001312
  19.64799918 20.09007039 19.65210965 19.92895087 20.65968169 20.19692156
  19.90194543 19.58934263 19.58377313 19.60421166 20.12320601 19.1188921
  19.6100137  19.78089759]
[19.98863438 19.79571751 19.82937799 20.31223155 19.69655875 20.06256122
  19.72031516 20.4199776  19.53254292 19.80713418 19.71269999 19.90811092
  20.06249061 20.44947498 19.99512207 19.72056101 20.16765136 20.00534771
  19.58951922 19.59539315 19.86650288 19.90973777 20.04420553 19.91813657
  19.56356343 19.4672123  20.11013262 20.34566824 19.85801949 19.4700351
  20.18124402 19.58161452 19.39568962 20.38073892 19.72001312 29.27497719
  19.88904288 20.01731352 19.78368186 19.70421879 20.48295912 20.22671862
  20.00070112 19.39611265 19.52917168 19.5405698  20.05821377 19.54919184
  19.95832696 19.79032869]
[19.9171321  19.562466   19.6416396  19.99396556 20.08202486 19.9422291
  20.02032679 20.51042576 19.81343378 19.83658246 20.00958902 19.84062146
  19.94599487 20.65969906 19.7561249  19.74615843 20.59484421 20.40320693
  19.91120863 19.53178487 20.10338331 20.28039738 20.07801662 20.00166866
  19.33500516 20.29480814 20.06305067 20.07362783 19.91812671 19.65243959
  20.17434923 19.99291201 19.77048903 20.17986981 19.64799918 19.88904288
  29.61702759 20.15171491 20.03094452 19.99851922 20.60420756 20.16846765
  19.94950536 19.71790617 19.50327552 19.59861279 19.91579297 19.75384943
  19.88928864 20.09573207]
[20.29435484 20.15304427 19.6409794  20.53998808 19.66728672 20.25006164
  20.52492182 20.57023734 19.97438075 20.2088373  19.96516692 20.22903314
  20.76270229 20.77028996 20.5518478  19.79504804 20.32663646 19.83188834
  19.80428478 19.58543269 20.02104432 20.53561031 20.08921808 19.84771666
  19.86606053 20.31973468 20.39095074 20.17679726 20.00045599 19.91067489
  20.27753203 20.29176784 20.3159059  20.50969447 20.09007039 20.01731352
  20.15171491 29.89319367 20.14611648 20.24858002 20.62380476 20.46994994
  20.15378223 19.47229245 19.41217395 19.58804949 19.98223542 19.55402545
  20.22348511 20.26463913]
[19.77119858 19.78660151 19.54857363 20.33854811 19.81565827 20.20301181
  19.95603715 20.31426847 19.95501232 20.2442282  20.05718427 20.41607981
  20.32047842 20.39321999 20.28940443 19.59904179 20.13748524 20.32362212
  20.19320483 20.15309775 20.24023765 20.56850732 19.89261388 20.25717174
  19.46650225 19.82019457 20.48465492 20.53836978 19.53767461 19.77653401
  20.16151871 20.09365027 19.85567383 20.4664014  19.65210965 19.78368186
  20.03094452 20.14611648 30.05508486 20.08544843 20.47008136 20.66516729
  20.0743845  19.63023832 19.6869389  19.40501787 20.52363637 19.80470708
  19.76621516 20.1189903 ]
[20.00784196 19.69088028 19.91867984 19.9464894  19.92564311 20.10600119
  20.37437837 20.23397275 19.57266475 20.1556269  20.16213855 20.00771806
  20.24639733 20.59633559 20.18803178 19.69370315 20.44927254 20.64744548
  20.19656806 19.9761717  20.05798793 20.40212302 20.0863301  19.95897941
  19.6501109  20.11532041 20.56920303 20.52767602 20.03079407 20.15777838
  20.34010606 20.11954739 19.92687685 20.41951413 19.92895087 19.70421879
  19.99851922 20.24858002 20.08544843 29.52090849 20.82657993 20.19868604
  20.47470748 19.99693594 19.74713018 19.30649767 20.55191915 19.6922138
  20.00573578 19.87726926]
[20.73522968 20.62071746 20.06197841 21.07291711 20.08833219 21.11825449
  20.44535704 21.15586421 20.61313958 20.59495134 20.68074145 21.02490027
  21.02756062 21.38379187 20.73033709 20.26947317 21.1809954  20.9199065
  20.64928983 20.4343307  20.66428503 21.13678645 20.80397824 20.30863295
  20.54313633 20.96606865 21.10508297 21.00406917 20.4856453  20.44326955
  20.71649147 20.43098332 20.35635258 20.97499728 20.65968169 20.48295912
  20.60420756 20.62380476 20.47008136 20.82657993 30.79278302 20.70881414
  20.63201523 19.69201848 20.29834654 20.01733435 20.51270887 20.39865181
  20.18021076 20.35340072]
[19.85462889 20.28634388 20.30108275 20.64109236 19.89979448 20.49573914
  20.53312607 20.78449975 20.18030115 20.30597094 20.32755411 20.47088037
  20.61199164 21.08525472 20.70373846 20.04811958 20.80594372 20.65085678
  20.75578255 20.4207833  20.21812256 20.66601336 20.04971139 20.33089068
  20.00795834 20.11448987 20.86218711 20.58415495 20.00243091 20.20809166
  20.6453394  20.30903505 20.02150551 20.50162806 20.19692156 20.22671862
  20.16846765 20.46994994 20.66516729 20.19868604 20.70881414 30.00033257
  20.10747651 19.74430986 19.61326161 20.01207501 20.53447173 19.58481901
  20.03121895 20.77650487]
[20.22810226 19.65889067 19.85434455 20.33645213 19.96230644 20.16247008
  20.25686566 20.29208216 20.31470525 19.81118926 20.47550987 20.45964024
  20.76564228 20.61970566 20.69699294 19.81107636 20.86925605 20.53837652
  19.95125518 19.66778856 19.7685037  20.40361423 20.15002109 20.4005267
  19.69070516 19.7280003  20.44062573 20.14279075 19.94795582 19.63601329
  20.50891662 19.80135565 19.7226195  20.43199884 19.90194543 20.00070112
  19.94950536 20.15378223 20.0743845  20.47470748 20.63201523 20.10747651
  29.79094048 20.09907134 19.57478214 19.94963875 20.26448377 19.62619071
  19.78886255 20.27993979]
[19.33173793 19.38113897 19.06187756 20.03371646 19.65034793 19.72834322
  20.02663799 19.72949441 19.45658826 19.34117061 19.42031968 19.48935287
  19.70556907 19.7407542  19.86229878 19.31933275 19.50108849 20.0478221
  19.43912861 19.56265139 19.41203808 19.55489209 19.67414738 19.66735488
  19.23236453 19.47392224 20.00369394 19.88824247 19.06657008 19.56883144
  19.70646902 19.24010845 19.42515227 19.95041578 19.58934263 19.39611265
  19.71790617 19.47229245 19.63023832 19.99693594 19.69201848 19.74430986
  20.09907134 28.80101223 19.24916913 19.13723034 19.78441065 19.27740729
  19.15920014 19.55373801]
[19.53127342 19.50687319 19.63822798 20.1373678  19.22200189 19.68697439
  19.6506225  19.85666726 19.4054749  19.75218067 19.49610455 19.67263643
  20.31953175 19.84914214 20.13227262 19.02312764 20.15820062 20.51324529
  19.78123458 19.54610211 19.62937148 19.93618174 19.86685664 19.7165513
  19.74590269 19.18443362 19.86871898 20.12215295 19.72389932 19.58977209
  19.95537498 19.53950279 19.43241009 20.2038026  19.58377313 19.52917168
  19.50327552 19.41217395 19.6869389  19.74713018 20.29834654 19.61326161
  19.57478214 19.24916913 29.25854642 18.87267255 19.50810557 19.41389639
  19.21774747 19.93343827]
[19.64014751 19.66101216 19.32608514 19.79814233 19.13774308 19.54653638
  19.84089619 19.76814327 19.37625119 19.73383681 19.53862848 19.49261123
  19.75049917 19.87972473 19.7990991  19.05658012 19.94328046 19.79930019
  19.37030443 19.40674775 18.904892   19.9117315  19.49574211 19.74593626
  19.19233671 19.3291716  20.06628102 19.72936496 19.13872596 19.84801171
  19.71043586 19.52234081 19.35469662 20.00679719 19.60421166 19.5405698
  19.59861279 19.58804949 19.40501787 19.30649767 20.01733435 20.01207501
  19.94963875 19.13723034 18.87267255 28.92036466 19.71677521 18.98148654
  19.35231086 19.8753111 ]
[20.02174811 19.75353975 19.84257593 20.26835484 19.97702192 20.29641014
  20.39062216 20.62427287 20.15675636 20.16086235 19.98691109 20.24264435
  20.90064759 20.74045649 20.33115253 20.15905532 20.51483694 20.70995988
  20.00427941 19.86834138 19.50575032 20.63602737 19.85381797 19.93277253
  19.84061284 19.77915367 20.57466335 20.18157435 19.83345312 20.15685509
  20.3948986  20.34127829 19.93898983 20.60277989 20.12320601 20.05821377
  19.91579297 19.98223542 20.52363637 20.55191915 20.51270887 20.53447173
  20.26448377 19.78441065 19.50810557 19.71677521 30.01919186 19.47956214
  20.00625319 20.01616961]
[19.64600157 19.55396101 19.32258578 19.89511272 19.05086947 19.93506667
  19.48218225 19.54500521 19.43260911 19.69527205 19.57421434 19.46467736
  19.74415719 20.02302631 19.74901075 19.21605552 20.07945111 20.14868311
  19.41263051 19.33358153 19.69716602 19.71278189 19.41044809 19.77632607
  19.58698155 19.41049717 20.08321216 19.58258648 19.10613496 19.32961779
  20.06280687 19.6765822  19.72991844 20.14352615 19.1188921  19.54919184
  19.75384943 19.55402545 19.80470708 19.6922138  20.39865181 19.58481901
  19.62619071 19.27740729 19.41389639 18.98148654 19.47956214 28.98113663
  19.05954426 19.51287073]
[19.67747063 19.83669405 19.73689115 19.81908659 19.64465944 20.26021121
  19.71543821 20.06472561 19.84037387 20.07592611 19.81680404 19.98500429
  19.97514871 20.15055764 20.0290714  19.62163167 20.38088471 20.27758974
  20.01247397 19.55609168 19.98681644 20.17627734 19.83131607 19.5723319
  19.38580031 19.93373542 20.3718487  20.28052279 19.4016776  19.90707136
  20.72587435 20.14919002 19.90608576 20.14793393 19.6100137  19.95832696
  19.88928864 20.22348511 19.76621516 20.00573578 20.18021076 20.03121895
  19.78886255 19.15920014 19.21774747 19.35231086 20.00625319 19.05954426
  29.41488183 19.86206737]
[20.17759067 19.69615465 19.89100866 20.46516133 19.90205857 20.22742215
  20.20670859 20.25021762 19.76875339 20.25027692 20.15336397 20.0336664
  20.42181246 20.51179599 20.49310083 19.82150112 20.62251747 20.49871726
  19.97313358 19.8025632  19.63230505 20.16754911 20.21241546 20.0532956
  19.89736238 20.17541802 20.55558088 20.17651874 19.68160078 19.41363566
  20.64937295 20.19016701 19.8927701  20.49316569 19.78089759 19.79032869
  20.09573207 20.26463913 20.1189903  19.87726926 20.35340072 20.77650487
  20.27993979 19.55373801 19.93343827 19.8753111  20.01616961 19.51287073
  19.86206737 30.21175397]
]