4609
100
10
21.86179079267306

[0.04044384 0.03010692 0.02535157 0.08647402 0.04492746 0.04441147
 0.03817742 0.09872855 0.06732114 0.06208546 0.02323395 0.06435885
 0.08451411 0.09791401 0.04755843 0.06701149 0.02745842 0.05552196
 0.05482884 0.031508   0.06365597 0.0781008  0.04597831 0.0256995
 0.0645624  0.09130234 0.03091146 0.07873632 0.02710602 0.03864974
 0.04869588 0.09931099 0.08331939 0.02075957 0.0212869  0.05458157
 0.09067382 0.02545899 0.09927896 0.05418294 0.02217225 0.05210758
 0.02613196 0.04040419 0.08176327 0.02725773 0.07622709 0.03526073
 0.04280918 0.0622798  0.0469039  0.0808335  0.07830866 0.02051416
 0.0876601  0.025761   0.07813822 0.04973019 0.07674741 0.09863556
 0.03095711 0.08659003 0.06999113 0.05730566 0.02813875 0.09451707
 0.0934312  0.09419689 0.04666362 0.07549009 0.02932376 0.04285036
 0.08058125 0.05856673 0.09459255 0.06187871 0.0749013  0.08965555
 0.06005621 0.04508058 0.07106857 0.04764538 0.03257037 0.05432399
 0.05196892 0.08213349 0.09677111 0.05454323 0.08357748 0.06313744
 0.0855044  0.03729829 0.04347658 0.08693461 0.047868   0.07751638
 0.08182808 0.05908328 0.02829902 0.05635321]

[[29.64310636 19.90144035 20.12236768 19.8853683  19.11518718 20.10363949
  20.22308927 19.73523865 19.4991076  19.69128213 20.17562126 19.80318797
  20.23954699 20.06886515 20.19645083 19.60613204 19.67866167 19.99988036
  19.5142448  19.68503899 20.6110148  19.77510884 19.39030156 20.48989844
  20.20419816 19.87373927 19.53370699 19.81929315 19.41707458 20.33582897
  19.68302828 20.17385077 20.11450642 19.84489831 19.69279869 20.12456009
  20.19542511 20.17311734 19.91747275 19.68483311 19.85982899 19.4361747
  19.8277211  19.99898135 20.37497639 19.35359934 19.86199868 20.05873479
  19.54842861 20.04409896 19.64480564 19.47710304 20.00358341 19.70892672
  19.79238236 19.70804329 19.5229532  19.99791662 19.39562495 20.11193712
  19.98768795 20.50511202 19.68708657 19.34823623 19.85693939 20.35487165
  19.77984523 19.36405382 20.154941   20.18081062 19.95876825 19.76526346
  19.96682433 20.38856731 19.81533926 20.16177323 19.7597989  19.83787915
  20.26032247 19.86470172 20.04780202 19.49864862 19.84676645 20.6350848
  19.73450836 19.59867164 20.0273784  20.34995484 19.51324622 19.43076004
  19.62618687 19.85403372 19.99260408 19.65640988 19.56552419 19.98338548
  19.28553314 19.75565369 20.59245784 19.56894344]
[19.90144035 29.22599657 19.9439894  19.31082823 19.41145014 19.59275877
  20.11424174 20.06273503 19.79863091 19.58420736 20.02997928 19.94828923
  20.00600433 20.14785557 20.04321924 19.93723556 19.85909373 19.92766261
  19.59364653 19.63279476 20.16933559 20.0610934  19.39709059 20.31525439
  20.18176845 20.25710575 19.37584682 19.5061877  19.06735906 20.41098481
  19.9100728  20.28186621 20.11715951 19.41856857 19.98666621 19.54019075
  20.1352361  20.36912244 20.35630195 20.01922095 19.98023404 19.70929579
  19.91429495 20.16668314 20.08036012 19.83387536 19.80211244 20.09481476
  19.55194942 19.86155021 20.58187504 19.68709713 20.22034125 19.87892965
  19.38744296 20.06673697 19.50556074 20.27825412 19.42008523 20.37440311
  20.18639456 20.27703195 19.63678213 19.29729642 19.91205994 20.34349762
  19.94819232 19.60256966 20.2216065  20.41947692 20.27346342 19.60734349
  20.25798419 19.89635169 20.07902173 20.05032094 20.17449149 19.80475179
  19.99253564 19.41712712 20.25782579 19.94285295 19.97216558 20.95087961
  19.63037553 19.59226767 19.92343752 20.38359039 19.48739142 19.35826691
  19.77552351 19.55226263 20.59805813 19.77633417 19.2175688  19.9191441
  19.26239215 19.9002631  20.13579489 19.70025022]
[20.12236768 19.9439894  30.05754208 20.18036815 19.58762945 20.12472775
  20.55972057 19.99673906 19.80196515 19.80698202 20.73616691 20.25684284
  20.65009587 20.28472483 20.60764725 20.28803056 19.79219839 20.30133607
  19.61848981 20.06808714 21.00737428 20.44946364 19.56372287 20.47458497
  20.60554049 20.65916509 20.05978664 20.05487362 19.97651749 20.86328981
  20.32735443 20.25818302 20.42266633 20.3162049  20.56577165 19.88260044
  20.31937928 20.44595596 20.35323111 20.2296502  19.85105668 19.68346328
  20.44064998 20.0553684  20.55285989 19.99888734 20.19909367 20.20332393
  19.8452082  20.33993214 20.59940822 19.97778043 20.52539967 20.01745762
  19.82240935 20.01674246 19.66198336 20.75216604 19.80459341 20.53800236
  20.29406278 20.36038802 20.22316107 19.52724592 20.53130669 20.76488484
  20.37599457 19.88662662 20.27838121 20.70740342 20.54759166 19.91129737
  20.40023585 20.74340222 20.28465383 20.29099866 20.09986237 20.20695917
  20.79059824 20.1523785  20.61263733 20.16726444 20.0706036  21.11355113
  19.992075   20.16862954 20.56789498 20.69635668 19.88640078 19.660208
  20.08464534 19.98729622 20.57854094 19.88385921 19.70382749 20.25905625
  19.72687775 20.29158767 20.38678469 20.19238749]
[19.8853683  19.31082823 20.18036815 29.00222764 19.02188197 19.85236335
  19.95099091 19.35356169 19.27558502 19.47938484 19.77299081 19.71149122
  20.23107176 19.68518726 19.74582005 19.86408805 19.52176706 19.81390258
  19.48024513 19.5650949  19.89939957 20.4032805  19.36420776 19.80270826
  19.89046513 19.904489   19.24834908 19.48196589 19.42721548 20.55906601
  19.60776675 19.71253949 20.08691701 20.1305761  19.62597408 19.79852928
  20.09549002 20.09013892 20.1767842  20.09309633 19.77320163 19.16150667
  19.82550184 20.0172511  20.11624169 19.63991633 19.76815403 19.9347602
  19.19104172 19.91984089 20.10139246 19.27463792 19.83674645 19.59979867
  19.40687534 19.99948849 19.78739987 20.48765721 19.63961401 20.38750246
  20.33558486 20.25593775 19.53158982 19.30907954 19.90655164 20.08819004
  19.89425805 19.56344917 19.96019489 19.93701269 19.71569956 19.47069496
  19.74584483 19.9829372  19.81136495 19.96712663 19.6762839  19.65718583
  19.87781906 19.58983388 19.79060578 19.69936442 19.68382133 20.68497737
  19.6884347  19.63009587 20.11247426 19.99939782 19.11737779 19.48373786
  19.75931619 19.56262338 20.4625217  19.20203003 19.51237584 19.80968205
  19.58641271 20.04549906 20.05418434 19.34164709]
[19.11518718 19.41145014 19.58762945 19.02188197 28.50402401 19.21003212
  19.24904694 19.33081418 18.99809264 18.89773333 19.31120416 18.82151537
  19.57853548 19.52667797 19.29138229 19.29115607 19.06349516 19.40299021
  19.37442599 19.09215111 19.59409193 19.61831828 18.84246162 19.30153549
  19.69578117 19.39753562 18.78298176 19.54910239 19.1621701  19.60994203
  19.47258689 19.57044186 19.77679478 19.17093307 19.21994966 19.33418658
  19.86040572 19.65777995 19.51337134 19.38173583 19.6608489  19.06779215
  19.18775771 19.74496005 19.62685547 19.38085666 19.17376936 19.07193475
  18.81751697 19.45211722 19.61223214 19.20457031 19.87156593 19.31341766
  19.36968363 19.71057818 19.00659786 19.79745579 18.83834839 19.56550469
  19.6601577  19.8626014  19.30515208 18.96837083 19.17915149 19.41333268
  19.47816005 19.20921207 19.31410091 19.68072974 19.32683346 19.28470534
  19.80721444 19.90213454 19.55803895 19.30847968 19.37295368 19.61155191
  19.43986764 19.17515329 19.51333695 19.12812303 19.36410739 20.4680345
  18.98489494 19.77523071 19.56569862 19.90812471 18.86993367 18.57429526
  19.46974786 18.8611479  19.42585069 18.77403041 19.25552069 19.50284467
  18.87812652 18.99565782 19.62161739 19.37454254]
[20.10363949 19.59275877 20.12472775 19.85236335 19.21003212 29.96705216
  20.12832527 19.5189762  19.67676207 19.64479608 19.80289476 19.57052982
  20.39802198 19.82848022 20.06774185 20.06474528 19.61017304 20.17792096
  19.61263156 19.64152121 20.36978984 19.99996269 19.31334349 19.8933083
  20.49215867 19.95211996 19.33901501 19.88444503 19.55700181 20.79871108
  20.03469272 20.03598952 20.03748398 20.22314894 20.13511878 20.05247705
  20.26021745 19.96028811 20.22175508 20.22457555 19.88052952 19.75731674
  19.81024365 20.08545823 20.47164947 20.02495852 20.05752215 20.3812955
  19.7156966  20.06575581 19.92381077 19.54443236 19.85686016 19.93862304
  19.44923373 20.2623941  19.67643454 20.19270452 19.69001921 20.65730027
  20.31904937 20.45383034 19.63724451 19.52334781 19.63916977 20.10840566
  20.20709064 19.72467545 20.13950586 20.20883193 20.06256091 19.87466936
  20.26347785 20.11873524 20.11174799 20.33476822 20.2207095  19.94679807
  19.73263032 19.2215414  19.74571282 19.57137768 19.88618222 20.71743686
  19.96900279 19.68795936 20.2809828  20.52684667 19.30658238 19.48131905
  19.99757295 19.49789071 20.1122248  19.87275671 19.47511577 20.07018951
  20.1016464  19.71532741 20.51027787 19.51839203]
[20.22308927 20.11424174 20.55972057 19.95099091 19.24904694 20.12832527
  29.72237056 19.85785335 19.44294434 19.68118747 20.31978159 20.24751594
  19.93275365 20.21218429 19.77593934 20.57509971 20.05740311 20.16619616
  19.43654184 19.92699261 20.14025904 20.24564823 19.43026897 20.28491938
  20.2381238  20.22722226 19.6847184  19.86587489 19.9727164  20.3365962
  19.93158506 19.93515839 20.40845407 20.12563764 20.20188581 19.71515586
  19.92382396 19.9840734  20.30427995 20.22052105 20.14845289 19.87713047
  19.93134726 20.41362613 20.73471655 19.90919611 20.11782316 20.06599085
  19.74118486 19.63300108 20.27012669 19.87681407 20.08993317 20.02110055
  19.32801304 20.14176051 19.31736864 20.67009478 19.84410539 20.15930625
  20.49585679 20.64969676 19.76232435 19.59365872 20.32720497 20.23409994
  20.15442368 19.76662085 20.15965109 20.35214339 20.05681752 20.44262563
  19.95238847 20.67119022 20.15231416 20.18478864 20.12507724 19.68843367
  20.39025315 19.69840382 20.43130323 20.15477668 20.18865181 20.6060954
  19.92649962 19.7775222  20.04408019 20.7114127  19.64477944 19.44312767
  20.04256913 19.94132404 20.59093945 19.74892801 19.7518968  20.31815576
  19.82469137 19.95666232 20.35429315 19.92269857]
[19.73523865 20.06273503 19.99673906 19.35356169 19.33081418 19.5189762
  19.85785335 29.48598002 19.63185684 19.2754442  20.04644655 19.68455151
  19.96549663 19.74286397 20.42710652 19.98964875 19.59398975 20.1973031
  19.57596264 19.89948022 19.90779477 20.08725047 19.16834131 20.05393396
  20.08015231 19.70107432 19.6667286  19.82523021 19.44437833 20.52910521
  19.79391913 20.27243419 19.99463022 19.89661791 19.9103202  19.77839567
  19.84730774 20.03183369 20.10635307 19.98586318 19.83055359 19.83246364
  19.80488624 20.04561367 20.14092507 19.94590429 20.08882422 19.65499115
  19.19976187 19.70713434 20.20106827 19.78105119 20.26480362 20.08877684
  19.55892712 19.90571205 19.46201037 20.45263009 19.1003243  20.35620088
  20.31341568 20.19987497 19.71658553 19.29867843 20.21909689 20.07041735
  20.19557636 19.66444861 20.06041912 20.08190054 19.76495402 19.66511648
  20.47238398 20.16653271 20.06185284 19.93418099 19.94570528 19.91371796
  20.26383107 19.65139397 19.87659439 19.30679826 19.5099135  21.02789353
  19.88280544 19.35428672 19.84844531 20.03238954 19.48605478 19.59090773
  19.66310164 19.32607109 20.22999904 19.84035752 19.60455296 19.65902912
  19.6683097  19.73694495 20.09497344 19.63287286]
[19.4991076  19.79863091 19.80196515 19.27558502 18.99809264 19.67676207
  19.44294434 19.63185684 28.90969796 19.15313632 19.7632383  19.20035681
  19.83967071 19.55530584 19.64058083 19.57957698 19.41381717 19.35510375
  19.51929084 19.4529418  19.63881156 19.44075779 18.72431144 19.8637469
  19.43921666 19.72597773 19.13737971 19.49580968 19.32485968 19.93469793
  19.47848636 19.5487135  19.80997115 19.33216374 19.50974214 19.43884272
  19.78194025 19.63180159 19.77110183 19.16893333 19.48692531 19.07152595
  19.23187285 19.93249702 20.15639226 19.09699581 19.30321778 19.4806462
  19.07233537 19.461812   19.53064004 19.06413113 19.59253357 19.20892537
  19.21735335 19.3636827  19.29095959 19.87046281 18.99207905 19.85240874
  19.7793321  20.07467984 19.03735343 18.88804699 19.23910505 19.45244383
  19.58211953 19.13614941 19.50611205 19.56358444 19.51697951 19.18007595
  19.83379552 19.30173214 19.522115   19.59869826 19.46999421 19.725662
  19.72266045 19.0320581  19.88079419 19.46578569 19.86885035 20.28159431
  19.26798072 19.1423867  19.77001999 19.62254132 19.29163544 19.01133138
  19.24945175 19.0915283  19.7981135  19.11795482 19.22468741 19.58148494
  19.30261387 19.17701459 20.14229949 19.3389081 ]
[19.69128213 19.58420736 19.80698202 19.47938484 18.89773333 19.64479608
  19.68118747 19.2754442  19.15313632 28.86878776 19.77202893 19.3770866
  19.67707179 19.36753215 19.3200554  19.59534881 19.34736873 19.3230703
  19.15651431 19.25430422 19.75037062 19.85100348 19.10272163 19.47857639
  19.50238209 19.40763178 18.99201762 19.74374377 18.99895083 20.32799508
  19.0257777  19.283724   19.6961358  19.61934167 19.19411151 19.36741214
  19.39999756 19.96951133 19.62974967 19.58912858 19.83739548 19.05753981
  19.02714516 19.69931542 19.86988936 19.4742005  19.49286136 19.54724448
  18.8919483  19.52967006 19.72899806 19.0861292  19.52886045 19.3456731
  19.11888862 19.43048384 18.96311421 20.03661905 18.89044833 20.19209097
  19.64376236 19.96583501 19.64381451 19.07130094 19.30321284 19.65465503
  19.88652894 19.30082885 19.63015767 19.81878509 19.21798128 19.33032685
  20.17637971 19.47530485 19.84942498 20.07029462 19.25686219 19.52771163
  19.21941369 19.60642368 19.66372129 19.34849787 19.46587582 20.35269421
  19.26004453 19.22792572 19.64757005 19.8751753  19.220543   18.87422072
  19.54899414 19.08713086 19.92934308 19.31563974 19.17582368 19.68759697
  19.41531665 19.08571404 19.50116467 19.3453277 ]
[20.17562126 20.02997928 20.73616691 19.77299081 19.31120416 19.80289476
  20.31978159 20.04644655 19.7632383  19.77202893 30.23234469 20.27983421
  20.08633087 19.91139945 20.56172212 20.08791589 19.69255169 20.10795222
  19.89292781 20.04177745 20.45316316 20.19545901 19.55372028 20.17041272
  20.40157367 20.48361218 19.74687794 20.11782487 19.88558023 20.92103325
  20.39283463 20.63466004 20.19337642 19.90700011 20.02947839 20.07515111
  20.19967081 20.44080595 20.48410174 20.02885839 20.2370409  20.07915364
  19.86047308 20.58487773 20.65648714 19.68637964 20.15685776 19.91119644
  19.68231472 20.53100817 20.55805223 19.47510251 20.40403316 19.77583862
  19.70157249 20.35649854 19.73152923 20.17399935 19.64969509 20.52250526
  20.59241813 20.81291175 20.23798558 19.41084235 20.11835621 20.52549851
  19.77608982 19.95857969 20.15820878 20.38891952 20.30019764 19.95224486
  20.37708764 20.49469545 20.52951846 20.07202895 20.0940083  20.06204956
  20.45133289 19.75665438 20.26545563 19.88468252 20.0963967  21.04068239
  19.91581845 20.00086447 20.48317697 20.61957634 20.00875415 19.34574345
  20.11410985 19.90003707 20.96710506 20.13818562 19.59255927 20.43079666
  19.86122616 20.25328564 20.55521859 20.12209238]
[19.80318797 19.94828923 20.25684284 19.71149122 18.82151537 19.57052982
  20.24751594 19.68455151 19.20035681 19.3770866  20.27983421 29.46976395
  20.33472607 20.06783731 20.1106268  19.61133994 19.66580875 19.99260585
  19.41558117 19.45727251 19.96129365 20.02239842 19.13224779 20.08199629
  19.92767901 19.75944911 19.56270591 19.58522263 20.05210042 20.33969323
  19.73651738 20.03465238 20.00191008 20.06415983 19.69421663 19.74615567
  19.84066202 19.85631099 20.5057434  19.80319082 20.0673813  19.80754296
  20.24769389 20.29098643 20.43672111 19.66025918 19.96136796 19.80223967
  19.69363006 19.95828948 20.38992178 19.31139863 20.15953729 19.78667214
  19.61829624 19.58438342 19.70380688 20.47424335 19.386294   20.22801068
  20.29985773 20.28714625 19.4884522  19.20267801 19.67371118 20.263284
  20.21127445 19.17342093 19.87616149 20.19701924 19.88469225 19.3357143
  19.73627959 19.81856006 19.98357415 20.03881517 19.75143822 19.93149886
  19.97020696 19.46784474 19.75222703 20.00347711 19.87733774 20.59854981
  19.67855977 19.869194   20.50979152 20.17848866 19.29689773 19.36949892
  19.57928989 19.53307746 20.13695605 19.68229339 19.3757242  20.06561567
  19.76333318 19.91931583 19.89430425 20.05008105]
[20.23954699 20.00600433 20.65009587 20.23107176 19.57853548 20.39802198
  19.93275365 19.96549663 19.83967071 19.67707179 20.08633087 20.33472607
  29.97807846 20.71182024 20.20372535 20.16951481 19.95768359 20.42545829
  19.6311958  19.62746546 20.26522347 20.45495775 19.54631413 20.56724765
  20.54582754 20.0268088  19.84436363 20.27938017 19.93244572 20.69859393
  20.11348036 20.30894399 20.60868088 19.87918831 20.19238173 20.05991036
  20.19686078 20.33519617 20.32687553 19.86927551 20.3667999  19.82595025
  20.30381884 20.48307124 20.61024387 19.8351674  20.10885972 20.01470441
  19.74491342 20.32317973 20.28355276 19.56389758 20.10118102 19.82209588
  19.86096603 20.3624642  19.59928816 20.589455   19.74151589 20.79706714
  20.395003   20.30803696 19.72306447 19.43900565 19.86226931 20.1774697
  19.93301123 19.49424438 20.12665544 20.23013029 19.70080126 19.9042096
  20.38330694 20.32920608 20.24148415 20.27506985 20.26123416 20.07944243
  20.34266659 19.75563143 20.18512547 20.37960409 19.96119629 20.90795931
  19.97148296 20.24051571 20.15765986 20.31093044 19.53359701 19.40160342
  20.08305702 19.88211366 20.43102188 19.7971788  19.63530147 19.88129028
  19.88356203 20.40373063 20.48995247 19.62442213]
[20.06886515 20.14785557 20.28472483 19.68518726 19.52667797 19.82848022
  20.21218429 19.74286397 19.55530584 19.36753215 19.91139945 20.06783731
  20.71182024 29.84499212 20.04107777 19.84886663 19.74561503 19.81948014
  19.76638058 19.80191324 20.4034821  20.22951682 19.63403187 20.24806375
  20.05959029 20.06656125 19.50114825 19.79050955 19.66644725 20.84696119
  19.85467279 20.21560732 20.13110036 20.13044856 19.73690887 19.91786443
  19.61315411 20.00354756 20.35699285 19.9397411  20.22693029 19.46374904
  20.17130277 20.20640794 20.32396718 19.7738485  20.02863235 19.83954864
  19.915592   19.96444542 20.34393373 19.66357776 20.31297311 20.09324357
  19.67071487 19.89755171 19.79910081 20.52788016 19.42251177 20.32071646
  20.32101036 20.18003604 19.72696167 19.77794073 19.71559143 20.47241832
  19.99361226 19.68809874 20.01746707 20.14028112 20.15077843 20.26751496
  20.38075208 20.21805861 20.07234998 19.93850186 19.89578791 20.01060415
  20.08951056 19.32794989 19.907086   20.08758872 20.15916458 20.63715239
  19.73462413 19.96734538 20.13120493 20.51547272 19.86487036 19.52707301
  19.80189667 19.64077749 20.39187112 19.49638777 19.69846467 20.04384622
  19.36216828 20.05691164 20.32727046 20.02193782]
[20.19645083 20.04321924 20.60764725 19.74582005 19.29138229 20.06774185
  19.77593934 20.42710652 19.64058083 19.3200554  20.56172212 20.1106268
  20.20372535 20.04107777 29.78118209 19.86432599 19.73103079 20.02879257
  19.98563397 20.03655675 20.24924042 20.21074771 19.76851106 20.02804379
  20.5441747  20.01262032 19.8295617  19.86050972 19.76430736 20.65259875
  19.96770762 20.17169045 20.5101327  20.05852283 19.99339768 19.77835223
  20.20750584 20.09366936 20.2394431  19.99768586 20.0330797  20.25359913
  19.44645359 19.95222037 20.62204511 20.01647146 20.16040117 19.69601101
  19.49883724 20.23264964 20.25107918 19.78480361 20.16716228 19.82393819
  19.89764059 20.39187207 19.26283287 20.46135434 19.46227574 20.43792872
  20.19781665 20.57035937 19.96803658 19.75015094 19.7822942  20.61424826
  20.1052091  19.48042705 20.14308227 19.87102269 19.86051785 19.91345171
  20.43067236 20.30568137 19.72026134 20.05598875 20.01146849 20.3535534
  20.60585963 19.51244197 20.20020486 19.49396574 19.95407885 21.20431233
  19.9812571  20.12430656 20.22087657 20.05447225 19.64556566 19.76474669
  20.01394347 19.83529799 20.32147081 19.68831633 19.91921242 20.35660682
  19.77026638 19.76075924 20.27266427 19.84509538]
[19.60613204 19.93723556 20.28803056 19.86408805 19.29115607 20.06474528
  20.57509971 19.98964875 19.57957698 19.59534881 20.08791589 19.61133994
  20.16951481 19.84886663 19.86432599 29.89715067 20.01847685 20.20664756
  19.23753799 19.98359433 20.1313798  20.21588279 19.00759865 20.02911866
  19.79533925 20.10076123 19.45311326 19.60356137 19.60638455 20.65635243
  19.87226814 20.07414482 20.23831526 19.79377724 20.12445808 19.80104648
  20.14849484 20.32204942 20.45225741 19.88672434 20.28577396 19.64342387
  19.56340845 19.96426456 19.95427073 20.09375873 19.67341033 19.75264008
  19.57431014 19.99036091 20.29519317 19.68446655 19.99940897 20.0806095
  19.35573382 19.80391158 19.23351626 20.39808134 19.45987861 19.96002627
  20.50410827 20.3545387  19.76319053 19.27482169 19.88754963 20.04570496
  19.90411639 19.48408996 20.08980251 19.7799956  20.16373522 19.88933426
  20.09289186 20.19430514 19.84983802 19.88805041 20.08308514 19.98115018
  20.22331432 19.87657667 20.11377046 19.95448707 19.86279282 20.52623819
  19.81040536 19.50229244 20.05906068 20.18031689 19.24953715 19.29547211
  19.88317291 19.57011538 20.28656238 19.50681384 19.46039041 19.87254819
  19.59345243 19.57453485 19.91481981 19.54654108]
[19.67866167 19.85909373 19.79219839 19.52176706 19.06349516 19.61017304
  20.05740311 19.59398975 19.41381717 19.34736873 19.69255169 19.66580875
  19.95768359 19.74561503 19.73103079 20.01847685 30.01773591 19.63786282
  19.4978437  19.50581735 19.771645   19.33890607 19.06025105 19.82409034
  19.74481445 19.88409346 19.67805733 19.65123825 19.37676058 20.47986001
  19.75606785 19.81863572 20.11315554 19.66607891 19.51412543 19.52246465
  19.70213692 19.84976029 19.95276172 20.0166061  19.83291964 19.81651406
  19.71233684 20.14698498 20.29997489 19.69330784 19.83688681 20.14490285
  19.21614565 19.57974446 19.90015125 19.56708813 19.79172893 19.76451757
  19.31603132 19.73908391 19.47966111 19.90699478 19.36560616 20.29101957
  20.27424206 20.30171261 19.6156476  19.00923379 19.59284835 19.75595786
  19.77671873 19.82609799 19.87909531 20.19567619 19.81480832 19.96622281
  20.28037061 19.87604316 19.99120547 19.82148319 19.74242021 19.79121854
  19.95688819 19.08515727 19.63852912 19.67174919 19.9365061  20.65359226
  19.40717524 19.56184929 19.81211828 20.15539971 19.02761906 19.22516867
  19.52681717 19.38753947 20.19235266 19.50228807 19.40397681 19.59205805
  19.28773031 19.7684446  20.33530758 19.36050705]
[19.99988036 19.92766261 20.30133607 19.81390258 19.40299021 20.17792096
  20.16619616 20.1973031  19.35510375 19.3230703  20.10795222 19.99260585
  20.42545829 19.81948014 20.02879257 20.20664756 19.63786282 29.78973719
  19.48607617 19.63642537 19.98437029 20.12928901 19.49786319 20.38746365
  20.33491415 20.19647977 19.51559639 20.10119518 19.55178694 20.57690346
  19.99315855 20.193843   20.08661741 19.9352351  20.29518939 20.05127867
  20.20713763 20.15891401 20.54102099 20.17266995 20.0624668  19.92706716
  20.07032844 20.10337051 20.63233993 20.27625448 20.07088592 20.16964006
  19.40468834 20.26496965 19.99686198 19.25052642 19.61959346 19.87970761
  19.89127603 20.20838931 19.49445428 20.0452729  19.37870577 20.63183374
  20.13912655 20.47163064 19.93043272 19.51520046 19.93069103 20.21903136
  20.11211218 19.50051902 20.16058801 20.00615869 20.09482946 19.79541781
  20.34818181 20.27459827 20.22927995 20.23479194 19.93507876 20.08115365
  20.38334078 19.64731145 19.85813527 19.96263238 19.80714602 20.89827424
  19.64795595 19.98585879 20.0112255  20.55486463 19.29262392 19.54209562
  20.04470584 19.52034588 20.37227941 19.89880053 19.55350821 20.19357262
  19.37130596 19.66402159 19.95764858 20.04129925]
[19.5142448  19.59364653 19.61848981 19.48024513 19.37442599 19.61263156
  19.43654184 19.57596264 19.51929084 19.15651431 19.89292781 19.41558117
  19.6311958  19.76638058 19.98563397 19.23753799 19.4978437  19.48607617
  29.17255964 19.63235645 19.63462124 19.84895691 18.92518608 20.24449909
  19.69822237 19.4641561  19.06132117 20.00816091 19.35100108 19.95378054
  19.88001186 19.76055526 19.68677124 19.71214711 19.73247473 19.52971558
  19.75380394 19.84482185 19.51385217 19.63541201 19.83495705 19.55733273
  19.81213385 19.95150049 19.92922575 19.66987072 19.86092249 19.54639737
  19.21251421 19.6491634  19.903767   19.3782015  19.90875917 19.31486278
  19.5659635  19.48546456 19.496474   19.8784756  19.16119253 20.14415222
  20.20735032 20.0769463  19.35907755 19.26544579 19.52651818 19.76465555
  19.80278742 19.47457265 19.93552461 19.73798341 19.68336592 19.51165675
  20.26968366 20.07762323 19.7622447  19.67454701 19.5918924  19.84826175
  19.77137557 19.14349245 19.71895979 19.59946386 19.72601498 20.42227477
  19.2210576  19.60469716 19.9751247  19.99999909 18.90049105 18.97903091
  19.47885345 19.27515981 19.89861677 19.20844369 19.20892209 19.7212473
  19.02871443 19.92559733 20.34642945 19.60834272]
[19.68503899 19.63279476 20.06808714 19.5650949  19.09215111 19.64152121
  19.92699261 19.89948022 19.4529418  19.25430422 20.04177745 19.45727251
  19.62746546 19.80191324 20.03655675 19.98359433 19.50581735 19.63642537
  19.63235645 29.24449268 20.1406607  19.69672377 18.98787926 19.7557534
  19.92207238 19.72571325 19.66294514 19.71562704 19.63100686 20.07267528
  19.39697725 19.79651261 19.9525367  19.8322601  19.69033034 19.53539702
  19.81029417 19.63465749 19.79357782 19.15702857 19.6002473  19.78298041
  19.7396115  19.77918634 20.17283394 19.2680561  19.45977431 19.35925632
  19.28386014 19.68653433 19.25496768 19.23162797 19.56205398 19.60980605
  19.3671088  19.94759075 19.34978523 19.93620754 19.02118779 19.64230777
  19.70369345 20.1905951  19.59076709 19.34559367 19.87705818 19.4097162
  19.8054436  19.66561883 19.86417144 20.02479575 19.45426264 19.79964307
  20.00757826 20.04183039 19.871084   20.08692651 19.55905324 19.67508102
  19.86739138 19.49761802 19.82621453 19.78944643 19.82936735 20.70689221
  19.2597838  19.76466873 19.97167347 19.95403543 19.26902902 19.510975
  19.60520573 19.03639041 20.54096322 19.20460049 19.46702643 19.99995313
  19.2103771  19.67075984 19.8123106  19.27174489]
[20.6110148  20.16933559 21.00737428 19.89939957 19.59409193 20.36978984
  20.14025904 19.90779477 19.63881156 19.75037062 20.45316316 19.96129365
  20.26522347 20.4034821  20.24924042 20.1313798  19.771645   19.98437029
  19.63462124 20.1406607  29.78144021 20.29873403 19.53707987 19.87890839
  20.49247375 20.24747    19.83737602 19.96329777 19.48787932 20.76667743
  20.48314512 20.05658153 20.48526362 20.38063091 19.92094657 20.3474453
  19.90456136 20.53169472 20.36453959 20.17078245 19.86213303 20.14740977
  20.19852453 20.38493187 20.67530352 19.97926186 19.82011907 19.78363802
  19.70076458 20.12214005 20.41259591 19.74565247 20.41423248 19.92226992
  19.62999247 20.55756981 19.53951367 20.61379156 19.31721587 20.48097613
  20.38893362 20.74449216 20.01986084 19.22712944 20.20418717 20.45893696
  19.99892792 19.72029124 20.20218643 20.60429749 20.12832345 19.98965516
  20.30075578 20.36096069 20.71091457 20.60377164 20.2511415  19.96998815
  20.48902632 19.96457881 20.2193935  19.87902022 20.46834999 20.9537761
  19.85670138 19.72943317 20.7116142  20.99663014 19.73009059 19.61444839
  20.10277246 20.27196263 20.09564098 19.86630998 19.74751609 20.50514641
  19.81120945 20.26037507 20.20592578 19.92729767]
[19.77510884 20.0610934  20.44946364 20.4032805  19.61831828 19.99996269
  20.24564823 20.08725047 19.44075779 19.85100348 20.19545901 20.02239842
  20.45495775 20.22951682 20.21074771 20.21588279 19.33890607 20.12928901
  19.84895691 19.69672377 20.29873403 30.20522018 20.05854004 20.33318441
  20.59835585 20.33893851 19.78220826 19.69227312 19.58306005 20.67073278
  20.1290067  20.07579254 20.09884557 20.29905735 19.99874209 19.82707448
  19.9538782  20.52916416 20.55715203 20.03293457 20.19317928 20.3041313
  19.99312789 20.34788001 20.44925187 20.1286429  20.35234839 19.54276264
  19.78012787 20.21532763 20.48684864 19.71724834 20.16319711 19.83980152
  19.78564028 20.19623653 19.47013613 20.24080569 19.89772773 20.46548654
  20.59791774 20.50410941 19.91475214 19.31737959 19.58378484 20.40772299
  20.01976325 19.77038441 20.21491642 20.36936505 20.05139625 20.03565791
  20.25065822 20.6591799  20.42623614 20.22626744 20.27799075 19.97986358
  20.3471788  19.776273   20.22555194 20.05568465 20.09927484 20.6962975
  19.91256719 20.26583565 19.94795218 20.11539613 19.55682788 19.45740062
  20.18993552 20.09844889 20.57932736 19.77671765 19.57624327 20.10581553
  19.39812795 20.23183163 20.11049142 20.10336106]
[19.39030156 19.39709059 19.56372287 19.36420776 18.84246162 19.31334349
  19.43026897 19.16834131 18.72431144 19.10272163 19.55372028 19.13224779
  19.54631413 19.63403187 19.76851106 19.00759865 19.06025105 19.49786319
  18.92518608 18.98787926 19.53707987 20.05854004 29.08077629 19.26822808
  19.80207943 19.70508679 19.38647687 19.42225414 18.97912433 20.01113879
  19.31035078 19.36192152 19.51403324 19.59711214 19.53376939 19.30999884
  19.23721036 19.56119846 19.58767558 19.56251825 19.45850868 19.19665578
  19.16042022 19.74952312 19.70526368 19.08902138 19.33754552 19.2844852
  18.94888468 19.77894443 19.72773471 19.03249403 19.24228625 19.35316089
  18.91280333 19.4143044  18.77927831 19.64329588 19.15350658 19.94426747
  19.90243354 20.23899947 19.31703265 19.08436355 19.51504514 19.58883531
  19.38460827 19.43608063 19.58517688 19.91947263 19.3238173  19.54858797
  19.31165338 19.19400263 19.71773596 19.33153999 19.44673554 19.79125044
  19.59010701 18.93949892 19.683174   19.3883849  19.43579946 20.27998176
  19.2231484  19.04528602 19.80866756 19.56568453 19.15435336 19.16120714
  19.57738414 19.01806757 20.15603658 18.96340257 18.8470574  19.82130374
  19.1395125  19.39643048 19.58768722 18.89991896]
[20.48989844 20.31525439 20.47458497 19.80270826 19.30153549 19.8933083
  20.28491938 20.05393396 19.8637469  19.47857639 20.17041272 20.08199629
  20.56724765 20.24806375 20.02804379 20.02911866 19.82409034 20.38746365
  20.24449909 19.7557534  19.87890839 20.33318441 19.26822808 29.61100435
  20.32645269 20.2330789  19.55827415 20.5232178  19.84188221 20.63036511
  20.47240789 20.2365743  20.62474204 20.06852457 20.40875332 19.8659033
  19.88977894 20.34698442 20.59665961 20.17323884 19.91892034 20.05529696
  19.84558833 20.20450271 20.53191231 20.09148531 20.10278999 20.59370028
  19.87715387 20.13472369 20.41302108 19.60455373 20.39112866 20.39209867
  19.70317405 19.89072849 19.58004929 20.26308047 19.53012154 20.62209928
  20.53862732 20.55001602 20.17144427 19.79081285 19.98207248 20.31919893
  20.04453088 20.15867906 20.39724853 20.62008222 20.34338214 19.68507114
  20.5706207  20.96177265 20.25606548 20.18463501 20.33708969 20.24488714
  20.44878262 19.77901348 19.97509197 20.22795433 20.19586757 20.72777687
  20.33832408 20.34378474 20.20794779 20.47271742 19.47953919 19.39044243
  20.27193816 19.89596519 20.53207163 19.51648666 19.7409914  20.37749096
  19.65120694 20.12353463 20.77709675 20.47662541]
[20.20419816 20.18176845 20.60554049 19.89046513 19.69578117 20.49215867
  20.2381238  20.08015231 19.43921666 19.50238209 20.40157367 19.92767901
  20.54582754 20.05959029 20.5441747  19.79533925 19.74481445 20.33491415
  19.69822237 19.92207238 20.49247375 20.59835585 19.80207943 20.32645269
  29.90687475 20.2289794  19.69120602 20.35384414 19.79672256 21.04546226
  20.52871102 20.37321291 20.67779426 20.41770989 20.26875112 20.20697361
  20.46647848 20.17745744 20.51520723 19.93073904 20.18266192 19.8722843
  20.08113001 20.12885514 20.5682429  19.86531603 19.873831   20.08091825
  19.43106709 20.0450512  20.54069539 19.79727316 19.80293459 20.05626016
  19.97068476 20.24674539 20.27403759 20.36520276 19.75163071 20.90589856
  20.62449081 20.69580119 20.1021347  19.42598868 19.98805175 20.51888381
  20.27393678 19.74299367 20.50569448 20.54415893 20.35493476 19.97338774
  20.34510254 20.32355862 20.55461545 20.12453253 20.41036204 20.01863226
  20.06192651 19.82335844 20.08100954 19.76126426 20.28734858 21.08702876
  20.03491308 20.34394076 20.25520024 20.66063443 19.81829243 19.82662783
  19.86744274 19.91832675 20.39699327 19.65243398 20.02373401 20.82653065
  19.6090071  20.36399468 20.15037248 20.24561091]
[19.87373927 20.25710575 20.65916509 19.904489   19.39753562 19.95211996
  20.22722226 19.70107432 19.72597773 19.40763178 20.48361218 19.75944911
  20.0268088  20.06656125 20.01262032 20.10076123 19.88409346 20.19647977
  19.4641561  19.72571325 20.24747    20.33893851 19.70508679 20.2330789
  20.2289794  29.72276155 19.31837209 20.16974703 19.94180037 20.78085108
  19.90363749 20.26711578 20.28970712 20.3574372  20.39690709 19.7618957
  20.15650054 20.14527072 20.23364146 19.86914165 20.41763617 20.03035181
  20.08349567 20.20039367 20.61785759 19.82957179 20.087824   20.33848564
  19.52570739 20.07084085 20.17201552 19.54142267 20.13482229 20.14824067
  19.76242693 19.94033207 19.56394272 20.13887641 19.66920589 20.48600838
  20.31264717 20.68836027 19.79171653 19.80338142 19.59036938 20.40257945
  20.2777377  20.10337334 20.33725555 20.2411417  19.94867764 20.07271524
  20.2722283  20.03079454 19.92911485 20.16585281 20.21698537 20.27760408
  20.3051449  19.42503388 20.1517737  19.77186001 19.9715988  20.85425319
  20.17528225 19.74669138 20.27633014 20.409889   19.66635187 19.42721631
  20.23444987 19.90962451 20.57634816 19.91565159 19.69117759 20.20752466
  19.5647513  19.95741738 20.23496539 20.04041824]
[19.53370699 19.37584682 20.05978664 19.24834908 18.78298176 19.33901501
  19.6847184  19.6667286  19.13737971 18.99201762 19.74687794 19.56270591
  19.84436363 19.50114825 19.8295617  19.45311326 19.67805733 19.51559639
  19.06132117 19.66294514 19.83737602 19.78220826 19.38647687 19.55827415
  19.69120602 19.31837209 28.81700725 19.50647165 19.15158818 20.02210946
  19.75708881 19.66004396 20.01380149 19.68185032 19.50723684 19.3978986
  19.61361772 20.03538644 19.8753132  19.33556369 19.49576772 19.57560089
  19.48522283 19.74004844 20.03061669 19.2414254  19.53603802 19.73174848
  19.443924   19.38899864 19.76410862 19.03680983 19.96146642 19.54128911
  19.18748174 20.02464631 18.92861983 20.12161145 19.12966404 20.14397945
  19.79441263 19.96368308 19.09956994 19.07426201 19.84723295 19.89835747
  19.71974102 19.42239508 19.63020755 19.63695763 20.01080449 19.56407285
  19.56406959 20.05202134 19.81069914 19.83410118 19.26049871 19.87737051
  19.84751848 19.2127445  19.73008768 19.41753805 19.63691789 20.60902966
  19.49843882 19.44984461 19.87435318 19.7147365  19.3271618  19.29909984
  19.59971012 19.05723337 20.16611833 18.99610604 19.13308997 19.37102649
  19.42221581 19.77781075 19.93901755 19.3075349 ]
[19.81929315 19.5061877  20.05487362 19.48196589 19.54910239 19.88444503
  19.86587489 19.82523021 19.49580968 19.74374377 20.11782487 19.58522263
  20.27938017 19.79050955 19.86050972 19.60356137 19.65123825 20.10119518
  20.00816091 19.71562704 19.96329777 19.69227312 19.42225414 20.5232178
  20.35384414 20.16974703 19.50647165 29.96860818 19.50200251 20.61616109
  19.77531514 20.20201174 20.22623056 20.13502895 20.0741361  19.91617786
  19.47732649 20.01511174 20.13904093 20.13344219 20.12138321 19.87083783
  19.5799798  19.96683873 20.40704371 19.90417317 20.1791007  20.36484099
  19.33719426 20.0318767  19.91894764 19.75469101 20.21768648 19.74465887
  19.47394279 19.9992968  19.72891197 19.86703821 19.48046276 19.98322176
  19.88635919 20.30102909 19.60217595 19.44263103 19.83338442 19.87864051
  19.85784115 19.55769036 19.91739247 20.04133614 20.0157914  19.86119993
  20.1991747  20.14794502 20.16725345 20.04839103 19.96998194 20.0481377
  20.05645286 19.20577616 19.84333628 19.64608418 19.62215205 20.84250489
  19.63535525 19.80139275 20.10823526 20.1019584  19.22833862 19.13495726
  19.84174859 19.74041293 20.22377874 19.6978399  19.60940821 19.6373193
  19.64386769 19.87807176 20.15779195 19.8401299 ]
[19.41707458 19.06735906 19.97651749 19.42721548 19.1621701  19.55700181
  19.9727164  19.44437833 19.32485968 18.99895083 19.88558023 20.05210042
  19.93244572 19.66644725 19.76430736 19.60638455 19.37676058 19.55178694
  19.35100108 19.63100686 19.48787932 19.58306005 18.97912433 19.84188221
  19.79672256 19.94180037 19.15158818 19.50200251 29.17002931 20.07715288
  19.45598205 19.86990698 20.26034731 19.50687996 19.67877221 19.51426931
  19.83168761 19.66388367 19.73553341 19.44500613 20.14627892 19.56509263
  19.46285093 19.56727549 20.06738921 19.72888657 19.55977571 19.86462537
  19.17254828 19.75435458 19.52019953 19.16976832 19.72078355 19.32797932
  19.5477094  19.94959324 19.40856117 19.81385542 18.78688251 20.11202499
  19.78634188 20.09371618 19.41924171 19.15068022 19.27553564 19.64105108
  19.61125986 19.43063252 19.73544869 19.84798058 19.54987008 19.74771191
  20.26868013 19.61979251 19.72836269 19.37185775 19.28459127 19.44446343
  19.99740382 19.56246349 19.64342145 19.57270887 19.65125036 20.25071448
  19.54760598 19.4616184  19.27680115 19.81558436 19.46784212 18.91987406
  19.60442859 19.34422563 19.78547092 19.12826156 19.03204493 19.78500548
  19.21555969 19.80309593 19.91968939 19.74132843]
[20.33582897 20.41098481 20.86328981 20.55906601 19.60994203 20.79871108
  20.3365962  20.52910521 19.93469793 20.32799508 20.92103325 20.33969323
  20.69859393 20.84696119 20.65259875 20.65635243 20.47986001 20.57690346
  19.95378054 20.07267528 20.76667743 20.67073278 20.01113879 20.63036511
  21.04546226 20.78085108 20.02210946 20.61616109 20.07715288 30.81243803
  20.55003423 20.60415798 20.32441842 20.45826003 20.65729288 20.31594056
  20.43929835 20.90191968 20.78664345 20.73197549 20.32707238 20.73072299
  20.36406327 20.71963121 20.9567345  20.3808073  20.87596874 20.58146983
  20.09058585 20.56997573 20.40077223 19.80520068 20.48721336 20.55657278
  20.2793388  20.88707243 20.48434592 21.2251095  19.69984857 21.26550668
  20.84255643 20.65203618 20.56524386 19.95543538 20.60427293 20.69336588
  20.48132786 20.21067071 20.38740419 20.6720114  20.5619536  20.4220585
  20.92570974 20.57250417 20.59906873 20.54386569 20.32130126 20.66188817
  20.47925989 20.46049203 20.72692597 20.1712643  20.86569968 21.43098717
  20.49940629 20.42704204 20.85529428 21.00630571 19.80750723 19.9745471
  20.42683067 20.16694745 21.14301035 20.3232016  20.30389384 20.56576926
  20.24983354 20.26395    20.89894485 20.48404977]
[19.68302828 19.9100728  20.32735443 19.60776675 19.47258689 20.03469272
  19.93158506 19.79391913 19.47848636 19.0257777  20.39283463 19.73651738
  20.11348036 19.85467279 19.96770762 19.87226814 19.75606785 19.99315855
  19.88001186 19.39697725 20.48314512 20.1290067  19.31035078 20.47240789
  20.52871102 19.90363749 19.75708881 19.77531514 19.45598205 20.55003423
  30.04665532 20.1781647  20.34570552 19.9451894  20.18466401 19.97785795
  20.3370645  20.29828552 20.3849115  20.17675563 20.32075594 20.07815406
  20.31064143 20.08691022 20.23265105 20.20855238 19.81130741 20.00903077
  19.59213869 20.32731852 19.9234993  19.69866694 19.98505147 19.71307481
  19.84006023 20.20072901 19.44487069 20.51617392 19.3623914  20.36172534
  20.38811612 20.45660121 19.62350852 19.22873339 19.96177856 20.29632738
  19.94667389 19.85656695 20.44268155 20.3307419  19.99728097 19.6505092
  20.55078746 20.49721595 20.05374339 19.84842981 19.91279283 19.92290434
  20.24126133 19.71028533 19.71496102 19.72644047 19.59108323 20.63292
  19.96374059 19.97716992 20.45123623 20.03402478 19.71672506 19.35704589
  19.52284016 19.72819082 20.61657743 19.95332074 19.34515823 20.25022174
  19.72197166 20.29723392 20.39579878 19.63296543]
[20.17385077 20.28186621 20.25818302 19.71253949 19.57044186 20.03598952
  19.93515839 20.27243419 19.5487135  19.283724   20.63466004 20.03465238
  20.30894399 20.21560732 20.17169045 20.07414482 19.81863572 20.193843
  19.76055526 19.79651261 20.05658153 20.07579254 19.36192152 20.2365743
  20.37321291 20.26711578 19.66004396 20.20201174 19.86990698 20.60415798
  20.1781647  30.22800712 20.06600574 20.17254154 20.39638986 19.79776084
  20.33738531 20.44521265 20.38711536 19.93665953 20.33626419 20.28944485
  20.01157254 20.43455017 20.62354293 19.76927237 20.04259945 20.1096247
