6878
50
10
30.517330659983326

[0.03667023 0.06587202 0.0588955  0.0980575  0.08706484 0.02092388
 0.08340618 0.0409017  0.03258558 0.09308421 0.08147224 0.05335332
 0.04558236 0.08084235 0.09495312 0.08618327 0.08624814 0.07766432
 0.05389994 0.05372044 0.04331801 0.08078721 0.08802732 0.08740057
 0.02097231 0.09593671 0.09142589 0.06258218 0.03580502 0.04265869
 0.02763665 0.08523694 0.06229854 0.07214214 0.02269823 0.09927095
 0.03905789 0.03644008 0.09125284 0.03489685 0.02327271 0.06397632
 0.0619619  0.09288487 0.03239711 0.03120546 0.02883777 0.0718138
 0.0724844  0.08669645]

[[29.51589797 19.16218055 20.41437612 20.05770654 20.22433848 20.36835694
  19.6533726  20.43550122 19.57807388 20.17153952 20.13799216 19.80847207
  19.90423507 20.13482175 19.24856351 20.41114056 20.25038371 19.66090786
  19.90760285 19.99779406 19.74655708 19.79780835 19.78613336 19.9631313
  20.58497458 19.87840505 19.91187684 19.95157631 19.8661589  19.49184862
  20.20354619 19.77698707 19.79035878 19.71892684 19.4919929  20.12802415
  20.0505189  19.40505232 19.55764405 20.05685547 19.76875536 20.03755236
  19.4141983  20.24011971 19.44679337 19.74642932 19.90579898 20.2563644
  20.06983214 19.81386843]
[19.16218055 28.59832595 19.51865471 19.46946068 19.22752809 20.43475143
  19.14129829 19.68717717 19.02907802 19.49753151 19.94723296 19.18272639
  19.18848826 19.74687582 18.8913577  20.12812485 19.86781172 19.45665089
  19.40668855 19.84505067 19.26197326 19.4386618  19.38211819 19.54071792
  20.09026123 19.32326031 19.72479725 19.66620377 19.19954181 19.35612957
  19.4941147  19.49381908 19.46781976 19.67451999 18.56079493 19.72635178
  19.22591431 18.85582357 19.62998885 19.72837809 19.65906639 19.65656413
  19.02911843 19.52166062 18.67849383 19.09268352 19.31160082 19.89478845
  19.68149996 19.46427816]
[20.41437612 19.51865471 30.3261315  20.52107177 20.44551095 21.17845934
  20.38970343 20.84559181 19.7956557  20.85430142 20.36118008 19.77851523
  20.18560816 20.36293511 19.93075491 20.84499251 20.94376727 20.28146242
  20.35538004 20.56255319 20.18253795 20.3516895  20.31209326 20.27583706
  20.9120333  19.94032165 20.88726349 20.29898342 20.21884009 20.25218184
  20.46582864 20.17770466 20.37680581 20.14167467 20.31084195 20.26283938
  20.45244037 19.7386462  20.49224397 20.1888956  20.18451333 20.05993522
  20.14348112 20.83559644 19.81453688 20.20084855 20.28716516 20.46165221
  20.6151909  20.3730766 ]
[20.05770654 19.46946068 20.52107177 29.97176692 20.51120621 20.13494574
  20.09367798 20.18007798 19.98027087 20.51604308 20.17688493 19.77714353
  20.1690366  20.23192126 19.6954297  20.50576332 20.73894468 19.74999297
  20.14710138 20.26882953 19.88471735 20.08995731 20.30517901 20.25133459
  20.7188874  20.63772221 20.57632936 20.51086306 19.78112534 19.89553011
  20.54459841 20.00456346 19.99532606 19.81058906 19.4395493  20.25433292
  19.99247427 19.85909676 20.35534871 20.45168261 20.26189887 20.02184258
  19.85389473 20.25697776 19.79126342 19.64324532 20.20322761 20.44290779
  20.40319879 20.18100216]
[20.22433848 19.22752809 20.44551095 20.51120621 30.17434261 20.78072571
  19.8899283  20.63470897 20.21882294 20.42733019 20.36181935 19.88877959
  20.01971612 20.35648084 19.81559357 20.54697088 20.45667235 20.44727787
  20.08918842 20.69915537 20.17855689 19.48283327 19.85617657 20.33688011
  20.75591876 20.35800233 20.96633636 20.04969935 20.36045709 20.12131846
  20.36076401 20.15609934 20.00727189 19.96578627 19.7627803  20.30043114
  20.11087574 19.73336857 20.2549404  19.91512385 20.14983015 20.24194381
  19.29639887 20.7230051  19.89131526 19.96008306 19.8624769  20.35550273
  20.39576021 20.053318  ]
[20.36835694 20.43475143 21.17845934 20.13494574 20.78072571 31.25435983
  20.37856396 20.95459479 20.37764914 21.07320628 21.30923585 20.20789091
  20.10716233 20.64498261 20.31489905 20.9474563  21.01043317 21.05384586
  20.82112494 20.94546876 20.61173139 20.4282421  20.62302648 20.66272457
  21.48912821 20.16309854 20.70573796 20.79225772 20.29514483 20.60230563
  21.0836797  20.94143315 20.61978611 20.95644658 20.04709878 20.76579245
  20.56862054 20.37934338 20.58727944 20.97671808 20.48116498 20.49257831
  20.2118144  21.00235839 20.12015628 20.75264664 20.71119076 20.65652157
  21.03740355 20.70477516]
[19.6533726  19.14129829 20.38970343 20.09367798 19.8899283  20.37856396
  29.64951829 20.33611649 19.2871082  20.15404219 20.47247651 19.63480462
  19.84055891 20.01349832 19.34276    20.13062858 20.4925426  19.56531237
  19.46582474 20.0264795  19.570403   19.79384564 19.78172937 19.49579062
  20.3660737  20.12556487 19.86085906 20.03237958 19.75711813 20.00369883
  19.79468887 19.6503894  20.10578522 19.62080613 19.56641704 19.95492163
  19.9081131  19.21924858 19.74492238 19.85786865 19.65958066 19.67861559
  19.43886935 20.05794317 19.54235052 19.70965419 19.7889781  20.25728661
  20.00757007 20.03448714]
[20.43550122 19.68717717 20.84559181 20.18007798 20.63470897 20.95459479
  20.33611649 30.69737838 20.24808861 20.3229387  20.64954927 20.02759055
  20.62828017 20.40251332 19.71014623 21.05491024 20.86569491 20.61301895
  20.16095211 20.52218245 19.93945444 19.992042   20.31848248 20.56065177
  20.84153119 20.17492996 20.84725812 20.57518601 20.4274624  20.44821508
  20.60183376 20.63378358 20.38048644 20.66893269 19.9899492  20.32068645
  20.33139928 19.95755868 20.39278614 20.45552407 20.03327534 20.26942682
  20.27661383 20.61992886 20.18124989 19.89941159 20.42106267 20.76622897
  20.80944467 20.29315453]
[19.57807388 19.02907802 19.7956557  19.98027087 20.21882294 20.37764914
  19.2871082  20.24808861 29.35978818 19.98637094 20.16483579 19.51145147
  19.58512417 19.87608096 19.32240877 20.03804723 20.28132216 19.50361799
  19.13328486 19.98463727 19.50779787 19.84380351 19.40499512 19.98115333
  20.56240016 19.61492347 20.12910128 19.9855214  19.9170564  19.3180015
  19.82609489 19.81376411 19.58039644 19.76888543 19.11427106 19.82415067
  19.524186   19.30766084 19.56660511 20.21487818 19.53890173 19.46104494
  19.36301313 19.82795154 19.2718969  19.544579   19.73321628 19.75835065
  20.23805894 19.79919986]
[20.17153952 19.49753151 20.85430142 20.51604308 20.42733019 21.07320628
  20.15404219 20.3229387  19.98637094 30.69526347 20.353097   19.94656708
  19.70449802 19.93849849 19.53309102 20.63114365 20.89444598 19.93192854
  20.10628185 20.55687276 19.72167183 19.74587671 20.05461236 20.19947439
  20.92528836 20.10974109 21.15145906 20.52088296 20.4570628  19.92242391
  20.0736242  20.50803063 20.0360607  19.95173093 19.72051847 20.34821525
  19.98830222 19.67097331 20.59188703 20.40430574 20.04831382 20.03755611
  19.72932922 20.37848426 19.90781429 20.27785174 20.42763803 20.57494513
  20.45962396 20.56680015]
[20.13799216 19.94723296 20.36118008 20.17688493 20.36181935 21.30923585
  20.47247651 20.64954927 20.16483579 20.353097   29.58239301 19.9374929
  19.97297789 20.33704304 20.06069579 20.83210933 20.56395448 19.92768314
  20.08364787 20.65935887 20.0574836  20.04236232 19.97781258 20.55644766
  21.12601354 20.13520102 20.65181987 20.31456501 19.92446901 20.17735204
  20.52587903 20.5199425  20.21721749 20.31162141 19.73880557 20.59495798
  20.06223606 19.7402318  20.43306252 20.18198903 20.23819665 20.44524783
  20.10190014 20.59834825 20.21798815 19.95564412 20.1434338  20.74097022
  20.40654955 20.20797544]
[19.80847207 19.18272639 19.77851523 19.77714353 19.88877959 20.20789091
  19.63480462 20.02759055 19.51145147 19.94656708 19.9374929  28.90423158
  19.24727017 19.74124845 19.34125424 19.98562544 19.94286429 19.4480951
  19.56065651 19.94108443 19.46661713 19.69272048 19.35766508 19.84432101
  20.31343777 19.49530385 20.06371732 20.25467005 19.55186481 19.14549028
  19.84341563 19.65412827 19.52533805 19.68103823 19.5288516  19.59117255
  19.52080445 19.24332118 19.61118112 19.922654   19.70654424 19.42442911
  19.3842615  19.79591969 19.15576581 19.56871215 19.31093284 19.76270008
  19.85218127 19.78375195]
[19.90423507 19.18848826 20.18560816 20.1690366  20.01971612 20.10716233
  19.84055891 20.62828017 19.58512417 19.70449802 19.97297789 19.24727017
  29.43428933 20.10692501 19.21952681 20.10402203 20.37067739 19.34352674
  19.9514451  20.11189598 19.23889496 19.88746281 19.54189616 20.41695207
  20.48118981 20.10134004 20.39856709 20.06780851 19.94781552 20.09365434
  20.21071719 20.03040729 20.00280017 19.568705   19.66682556 19.90187961
  19.61009065 19.47266363 20.39204578 20.40187708 20.00153318 19.93267142
  19.63432747 20.23947068 19.52100849 19.81630159 20.09789009 20.42136831
  20.08541157 19.8209602 ]
[20.13482175 19.74687582 20.36293511 20.23192126 20.35648084 20.64498261
  20.01349832 20.40251332 19.87608096 19.93849849 20.33704304 19.74124845
  20.10692501 29.99915228 19.96992342 20.84483304 20.72956025 20.25430014
  19.8639815  20.33201392 20.23274879 20.19043598 20.17629469 20.42182214
  20.6499798  20.20749404 20.43696866 20.40601951 19.98662748 20.45549515
  20.29253589 19.98771814 19.96294169 19.84154536 19.79573282 20.21266199
  19.87292923 19.62164186 20.03385871 20.52209833 20.03984278 20.20478326
  19.89385565 20.46522966 19.69234297 19.91814227 19.58627411 20.69325411
  19.99711944 20.12088945]
[19.24856351 18.8913577  19.93075491 19.6954297  19.81559357 20.31489905
  19.34276    19.71014623 19.32240877 19.53309102 20.06069579 19.34125424
  19.21952681 19.96992342 28.73203741 19.48257977 19.96387414 19.44146928
  19.51549906 19.54625842 19.34997932 19.27123912 19.17695863 19.61870317
  20.00240736 19.53197728 19.9407781  19.53473655 19.37786041 19.32671788
  19.81262857 19.10174677 19.75644381 19.37149625 19.25197842 19.4965031
  19.16014859 18.78887945 19.81841371 19.49182359 19.4021235  19.3609059
  18.97321365 19.54441196 19.04423639 19.44750742 19.37399349 19.46218739
  19.84244746 19.55183708]
[20.41114056 20.12812485 20.84499251 20.50576332 20.54697088 20.9474563
  20.13062858 21.05491024 20.03804723 20.63114365 20.83210933 19.98562544
  20.10402203 20.84483304 19.48257977 30.84936665 20.72670406 20.25534265
  20.28000231 20.888855   20.37082848 20.26031689 20.29463017 20.29244424
  20.59565623 20.08838925 20.75408779 20.74116013 20.10869596 20.24470387
  20.35029749 20.35794163 20.37599756 20.10975781 19.89117414 20.41624583
  20.32513548 20.05754778 20.69277205 20.6719837  20.08681462 20.57417389
  20.35267945 20.88741189 19.92081748 20.40237569 20.26865307 21.19366968
  20.6347656  20.06442636]
[20.25038371 19.86781172 20.94376727 20.73894468 20.45667235 21.01043317
  20.4925426  20.86569491 20.28132216 20.89444598 20.56395448 19.94286429
  20.37067739 20.72956025 19.96387414 20.72670406 30.45130545 20.37445055
  20.37245931 20.89639748 19.97579227 20.48329002 20.00009466 20.40343625
  20.74149116 20.76022536 20.4770767  20.69770665 20.29824229 20.11885755
  20.39687003 20.64776093 20.6344404  20.33702028 20.28827047 20.48657412
  20.21682203 20.11131751 20.60783776 20.86433744 20.27802383 20.37604946
  20.25374368 20.9045316  20.40800407 20.39792944 20.34444461 20.73129715
  20.72721477 20.14074959]
[19.66090786 19.45665089 20.28146242 19.74999297 20.44727787 21.05384586
  19.56531237 20.61301895 19.50361799 19.93192854 19.92768314 19.4480951
  19.34352674 20.25430014 19.44146928 20.25534265 20.37445055 29.53312182
  19.65426845 20.02947154 19.46281337 19.67520136 19.92933062 20.13361327
  20.16979049 19.75222258 19.95680577 20.21730593 19.56032759 19.86186059
  20.22553809 19.8510764  19.66870935 19.68339394 19.04240213 19.86184902
  19.64160972 19.470472   19.82357307 20.18182572 19.78894857 19.4345997
  19.64830192 20.31448948 19.3589687  19.84813985 19.73984171 20.17165304
  20.16562938 19.66795417]
[19.90760285 19.40668855 20.35538004 20.14710138 20.08918842 20.82112494
  19.46582474 20.16095211 19.13328486 20.10628185 20.08364787 19.56065651
  19.9514451  19.8639815  19.51549906 20.28000231 20.37245931 19.65426845
  29.76050123 19.83923543 19.758259   20.10741738 19.79958414 19.86847425
  20.54480081 19.56133313 20.32585542 19.64824009 19.8347966  20.01247959
  19.95310227 20.20763356 19.72117795 19.66437704 19.50100567 20.26948146
  20.04177046 19.478666   19.97659649 20.01397046 19.87283479 19.79652152
  19.57528046 20.23330153 19.29739053 19.9478909  19.95763813 19.66003871
  20.5625891  19.7619451 ]
[19.99779406 19.84505067 20.56255319 20.26882953 20.69915537 20.94546876
  20.0264795  20.52218245 19.98463727 20.55687276 20.65935887 19.94108443
  20.11189598 20.33201392 19.54625842 20.888855   20.89639748 20.02947154
  19.83923543 30.39063307 20.39043925 19.97789926 20.12338398 20.17835002
  21.08739456 19.8233259  20.3463167  20.65187938 20.23352575 20.16906732
  20.55678753 20.06580073 20.35014448 20.06877436 19.51531154 20.42551211
  20.09943595 19.94701787 20.47875096 20.55546588 20.03233603 20.00128208
  20.02297089 20.51499079 20.20709153 20.1218411  19.85875585 20.92350724
  20.70073376 20.04362298]
[19.74655708 19.26197326 20.18253795 19.88471735 20.17855689 20.61173139
  19.570403   19.93945444 19.50779787 19.72167183 20.0574836  19.46661713
  19.23889496 20.23274879 19.34997932 20.37082848 19.97579227 19.46281337
  19.758259   20.39043925 29.49545325 19.80279061 19.60973996 19.97579991
  20.38822116 19.9221792  20.300652   20.13729946 19.39699133 19.30590074
  19.80200244 19.78494045 19.73339888 19.83958234 19.48253696 20.06943155
  19.85387327 19.27147928 19.68835731 20.07308597 19.78378943 19.80021291
  19.04329332 20.15595957 19.44243147 20.00545601 19.52882927 19.65998837
  19.99872549 19.67765334]
[19.79780835 19.4386618  20.3516895  20.08995731 19.48283327 20.4282421
  19.79384564 19.992042   19.84380351 19.74587671 20.04236232 19.69272048
  19.88746281 20.19043598 19.27123912 20.26031689 20.48329002 19.67520136
  20.10741738 19.97789926 19.80279061 29.72111938 20.18276791 20.32802458
  20.34283452 19.79651457 20.13906336 20.01733982 19.7964066  19.70088908
  20.24134179 20.08012266 19.9553359  19.90269428 19.26134918 19.63412758
  19.96265004 19.23496775 19.91779034 20.08421811 19.95396462 19.86123311
  19.60078024 20.12408502 19.31643132 19.97335745 19.6255504  20.03802073
  20.30619343 19.9740134 ]
[19.78613336 19.38211819 20.31209326 20.30517901 19.85617657 20.62302648
  19.78172937 20.31848248 19.40499512 20.05461236 19.97781258 19.35766508
  19.54189616 20.17629469 19.17695863 20.29463017 20.00009466 19.92933062
  19.79958414 20.12338398 19.60973996 20.18276791 29.65530219 20.04326097
  20.3428841  19.62313666 20.24330782 20.22328088 19.91401093 19.70612901
  19.74664369 19.97405973 19.89086364 19.682041   19.39444663 19.92547291
  19.4277083  19.30593042 20.12090566 19.73453355 19.41151639 19.61183339
  19.87169364 20.09527123 19.17567437 19.6505341  19.65925864 20.17261227
  20.03683839 19.69321987]
[19.9631313  19.54071792 20.27583706 20.25133459 20.33688011 20.66272457
  19.49579062 20.56065177 19.98115333 20.19947439 20.55644766 19.84432101
  20.41695207 20.42182214 19.61870317 20.29244424 20.40343625 20.13361327
  19.86847425 20.17835002 19.97579991 20.32802458 20.04326097 30.11306535
  20.67376971 19.90457255 20.37330358 20.4180808  20.00300554 19.97924803
  20.57392013 20.16379707 19.94406437 20.03301691 19.69166113 20.5633929
  19.87249673 19.70257061 20.02307128 20.39999786 20.23904456 20.35602209
  19.90411828 20.43540647 19.75410385 20.18968735 20.21578059 20.1924488
  20.4000641  20.52861775]
[20.58497458 20.09026123 20.9120333  20.7188874  20.75591876 21.48912821
  20.3660737  20.84153119 20.56240016 20.92528836 21.12601354 20.31343777
  20.48118981 20.6499798  20.00240736 20.59565623 20.74149116 20.16979049
  20.54480081 21.08739456 20.38822116 20.34283452 20.3428841  20.67376971
  30.66197031 20.59120871 21.00671992 20.39356501 20.69858646 20.61783599
  20.5936603  20.83809347 20.4296439  20.36450461 20.04565697 20.62558189
  20.53536489 20.20004919 20.8429758  20.79555542 20.37803237 20.58330599
  20.03700888 21.18510291 20.47380566 20.45220201 20.26808278 20.90483887
  20.80820797 20.51011524]
[19.87840505 19.32326031 19.94032165 20.63772221 20.35800233 20.16309854
  20.12556487 20.17492996 19.61492347 20.10974109 20.13520102 19.49530385
  20.10134004 20.20749404 19.53197728 20.08838925 20.76022536 19.75222258
  19.56133313 19.8233259  19.9221792  19.79651457 19.62313666 19.90457255
  20.59120871 29.65386916 20.53389306 19.91460159 19.94620923 19.85114938
  19.94506944 20.29079779 19.68301442 19.80003748 19.15672774 20.02384808
  19.88769422 19.30521696 19.95710916 19.91165142 19.7655165  20.03701637
  19.25312982 20.44797775 19.40626501 19.63697885 19.74052136 20.57209339
  20.43420466 19.92971634]
[19.91187684 19.72479725 20.88726349 20.57632936 20.96633636 20.70573796
  19.86085906 20.84725812 20.12910128 21.15145906 20.65181987 20.06371732
  20.39856709 20.43696866 19.9407781  20.75408779 20.4770767  19.95680577
  20.32585542 20.3463167  20.300652   20.13906336 20.24330782 20.37330358
  21.00671992 20.53389306 30.77987752 21.06737507 20.18205501 20.36198671
  20.76512894 20.62109437 20.19451676 20.29755712 19.9924703  20.78397574
  20.68562451 19.81094604 20.57185104 20.46157118 20.13224999 20.10775484
  19.92789242 20.79544204 20.34233206 20.20527553 20.08392217 20.53210129
  20.41170442 20.50252323]
[19.95157631 19.66620377 20.29898342 20.51086306 20.04969935 20.79225772
  20.03237958 20.57518601 19.9855214  20.52088296 20.31456501 20.25467005
  20.06780851 20.40601951 19.53473655 20.74116013 20.69770665 20.21730593
  19.64824009 20.65187938 20.13729946 20.01733982 20.22328088 20.4180808
  20.39356501 19.91460159 21.06737507 29.99050054 20.07330249 20.37591607
  20.07024296 20.30186839 20.36160457 20.07705729 19.80963729 20.14846633
  20.16792546 19.64655261 20.42699863 20.28744179 19.89749093 19.9408258
  20.28518014 20.47926524 19.69074924 20.01423378 20.03877154 20.78940578
  20.1370916  20.48409676]
[19.8661589  19.19954181 20.21884009 19.78112534 20.36045709 20.29514483
  19.75711813 20.4274624  19.9170564  20.4570628  19.92446901 19.55186481
  19.94781552 19.98662748 19.37786041 20.10869596 20.29824229 19.56032759
  19.8347966  20.23352575 19.39699133 19.7964066  19.91401093 20.00300554
  20.69858646 19.94620923 20.18205501 20.07330249 29.72747582 19.94976927
  19.99282183 19.61594496 19.84073439 19.5830641  19.41804415 19.94376748
  19.71893285 19.1278892  20.14467445 20.46747271 19.75655711 19.82020699
  19.4865733  20.40473754 19.6424619  19.68550821 19.70257328 20.15007047
  19.8640214  20.14942947]
[19.49184862 19.35612957 20.25218184 19.89553011 20.12131846 20.60230563
  20.00369883 20.44821508 19.3180015  19.92242391 20.17735204 19.14549028
  20.09365434 20.45549515 19.32671788 20.24470387 20.11885755 19.86186059
  20.01247959 20.16906732 19.30590074 19.70088908 19.70612901 19.97924803
  20.61783599 19.85114938 20.36198671 20.37591607 19.94976927 29.81159575
  19.90997059 20.08528181 19.69571905 19.78267043 19.49927931 20.12523844
  19.66605901 19.08665717 20.01004389 20.15769133 19.27158756 19.87191153
  19.55586394 20.20397377 19.97266741 19.99997766 19.74529029 20.44466676
  20.34982286 19.90442408]
[20.20354619 19.4941147  20.46582864 20.54459841 20.36076401 21.0836797
  19.79468887 20.60183376 19.82609489 20.0736242  20.52587903 19.84341563
  20.21071719 20.29253589 19.81262857 20.35029749 20.39687003 20.22553809
  19.95310227 20.55678753 19.80200244 20.24134179 19.74664369 20.57392013
  20.5936603  19.94506944 20.76512894 20.07024296 19.99282183 19.90997059
  30.01750513 19.99525592 19.87281406 19.94192573 19.60249305 20.51630451
  20.12578636 19.78477149 20.13817711 20.51214481 20.2774488  20.21963397
  19.88046423 20.78082092 19.68561644 19.99875552 20.0334364  20.31092508
  20.3791221  20.05965705]
[19.77698707 19.49381908 20.17770466 20.00456346 20.15609934 20.94143315
  19.6503894  20.63378358 19.81376411 20.50803063 20.5199425  19.65412827
  20.03040729 19.98771814 19.10174677 20.35794163 20.64776093 19.8510764
  20.20763356 20.06580073 19.78494045 20.08012266 19.97405973 20.16379707
  20.83809347 20.29079779 20.62109437 20.30186839 19.61594496 20.08528181
  19.99525592 29.7975229  19.42841339 19.7019932  19.83461571 20.15625741
  20.35532863 19.71579087 20.34258363 20.1342948  20.16731822 20.35753999
  19.84354031 20.5141576  19.98161064 20.16509842 19.87491232 20.42296409
  20.58732469 20.06661042]
[19.79035878 19.46781976 20.37680581 19.99532606 20.00727189 20.61978611
  20.10578522 20.38048644 19.58039644 20.0360607  20.21721749 19.52533805
  20.00280017 19.96294169 19.75644381 20.37599756 20.6344404  19.66870935
  19.72117795 20.35014448 19.73339888 19.9553359  19.89086364 19.94406437
  20.4296439  19.68301442 20.19451676 20.36160457 19.84073439 19.69571905
  19.87281406 19.42841339 29.4633363  19.98540848 19.80883762 20.0050415
  20.00256379 19.17304124 20.10801861 20.02449474 19.995461   19.71159743
  19.48886644 20.48653931 19.52026543 19.99657307 19.68178236 20.16437053
  20.18340861 19.82162284]
[19.71892684 19.67451999 20.14167467 19.81058906 19.96578627 20.95644658
  19.62080613 20.66893269 19.76888543 19.95173093 20.31162141 19.68103823
  19.568705   19.84154536 19.37149625 20.10975781 20.33702028 19.68339394
  19.66437704 20.06877436 19.83958234 19.90269428 19.682041   20.03301691
  20.36450461 19.80003748 20.29755712 20.07705729 19.5830641  19.78267043
  19.94192573 19.7019932  19.98540848 29.81354595 19.52181435 20.01842614
  19.70271794 19.19901719 20.15526235 20.03791005 20.05789165 19.85143301
  19.4019564  20.03362913 19.9222898  20.03800404 20.05712451 20.18090051
  20.16128605 19.98538043]
[19.4919929  18.56079493 20.31084195 19.4395493  19.7627803  20.04709878
  19.56641704 19.9899492  19.11427106 19.72051847 19.73880557 19.5288516
  19.66682556 19.79573282 19.25197842 19.89117414 20.28827047 19.04240213
  19.50100567 19.51531154 19.48253696 19.26134918 19.39444663 19.69166113
  20.04565697 19.15672774 19.9924703  19.80963729 19.41804415 19.49927931
  19.60249305 19.83461571 19.80883762 19.52181435 29.70396672 19.82585527
  19.23814169 19.1279033  19.66101124 19.52804644 19.56176007 19.34417895
  19.29854217 20.06295038 19.3219588  19.70898431 19.18086856 19.86033371
  19.63302385 19.56692571]
[20.12802415 19.72635178 20.26283938 20.25433292 20.30043114 20.76579245
  19.95492163 20.32068645 19.82415067 20.34821525 20.59495798 19.59117255
  19.90187961 20.21266199 19.4965031  20.41624583 20.48657412 19.86184902
  20.26948146 20.42551211 20.06943155 19.63412758 19.92547291 20.5633929
  20.62558189 20.02384808 20.78397574 20.14846633 19.94376748 20.12523844
  20.51630451 20.15625741 20.0050415  20.01842614 19.82585527 29.93404297
  20.03701914 19.49053171 20.27412638 19.88304479 19.93536549 20.46445904
  19.74973717 20.38976226 19.52030789 20.01796591 20.39139605 20.4416565
  20.41756561 20.30515937]
[20.0505189  19.22591431 20.45244037 19.99247427 20.11087574 20.56862054
  19.9081131  20.33139928 19.524186   19.98830222 20.06223606 19.52080445
  19.61009065 19.87292923 19.16014859 20.32513548 20.21682203 19.64160972
  20.04177046 20.09943595 19.85387327 19.96265004 19.4277083  19.87249673
  20.53536489 19.88769422 20.68562451 20.16792546 19.71893285 19.66605901
  20.12578636 20.35532863 20.00256379 19.70271794 19.23814169 20.03701914
  29.2844238  19.25998163 19.9135     19.92066796 19.86105891 19.87738313
  19.52681309 20.25058769 19.27958124 19.78951141 19.9055318  20.45759037
  20.13864774 19.80615685]
[19.40505232 18.85582357 19.7386462  19.85909676 19.73336857 20.37934338
  19.21924858 19.95755868 19.30766084 19.67097331 19.7402318  19.24332118
  19.47266363 19.62164186 18.78887945 20.05754778 20.11131751 19.470472
  19.478666   19.94701787 19.27147928 19.23496775 19.30593042 19.70257061
  20.20004919 19.30521696 19.81094604 19.64655261 19.1278892  19.08665717
  19.78477149 19.71579087 19.17304124 19.19901719 19.1279033  19.49053171
  19.25998163 28.99612351 19.40921995 19.81851009 19.22394859 19.22076711
  19.15520474 20.15608331 19.36724201 19.55757114 19.40644902 20.07851825
  19.75916388 19.34909574]
[19.55764405 19.62998885 20.49224397 20.35534871 20.2549404  20.58727944
  19.74492238 20.39278614 19.56660511 20.59188703 20.43306252 19.61118112
  20.39204578 20.03385871 19.81841371 20.69277205 20.60783776 19.82357307
  19.97659649 20.47875096 19.68835731 19.91779034 20.12090566 20.02307128
  20.8429758  19.95710916 20.57185104 20.42699863 20.14467445 20.01004389
  20.13817711 20.34258363 20.10801861 20.15526235 19.66101124 20.27412638
  19.9135     19.40921995 29.91027177 20.2223253  20.23523501 19.96454737
  19.67710762 20.52875083 19.75959449 19.96014035 20.03571834 20.27958934
  20.52659317 19.86315671]
[20.05685547 19.72837809 20.1888956  20.45168261 19.91512385 20.97671808
  19.85786865 20.45552407 20.21487818 20.40430574 20.18198903 19.922654
  20.40187708 20.52209833 19.49182359 20.6719837  20.86433744 20.18182572
  20.01397046 20.55546588 20.07308597 20.08421811 19.73453355 20.39999786
  20.79555542 19.91165142 20.46157118 20.28744179 20.46747271 20.15769133
  20.51214481 20.1342948  20.02449474 20.03791005 19.52804644 19.88304479
  19.92066796 19.81851009 20.2223253  30.01184092 20.21893057 20.2119291
  19.48255771 20.80585274 19.75676128 20.15015139 20.18223529 20.35517917
  20.17950157 20.07702349]
[19.76875536 19.65906639 20.18451333 20.26189887 20.14983015 20.48116498
  19.65958066 20.03327534 19.53890173 20.04831382 20.23819665 19.70654424
  20.00153318 20.03984278 19.4021235  20.08681462 20.27802383 19.78894857
  19.87283479 20.03233603 19.78378943 19.95396462 19.41151639 20.23904456
  20.37803237 19.7655165  20.13224999 19.89749093 19.75655711 19.27158756
  20.2774488  20.16731822 19.995461   20.05789165 19.56176007 19.93536549
  19.86105891 19.22394859 20.23523501 20.21893057 29.62584246 19.74080365
  19.02386233 20.12701192 19.36718177 19.86462555 19.62170806 20.11332373
  19.79621838 19.50362343]
[20.03755236 19.65656413 20.05993522 20.02184258 20.24194381 20.49257831
  19.67861559 20.26942682 19.46104494 20.03755611 20.44524783 19.42442911
  19.93267142 20.20478326 19.3609059  20.57417389 20.37604946 19.4345997
  19.79652152 20.00128208 19.80021291 19.86123311 19.61183339 20.35602209
  20.58330599 20.03701637 20.10775484 19.9408258  19.82020699 19.87191153
  20.21963397 20.35753999 19.71159743 19.85143301 19.34417895 20.46445904
  19.87738313 19.22076711 19.96454737 20.2119291  19.74080365 29.23250197
  19.38148606 20.37123282 19.50122106 19.85693249 19.92550798 20.38462929
  20.28905232 20.17832847]
[19.4141983  19.02911843 20.14348112 19.85389473 19.29639887 20.2118144
  19.43886935 20.27661383 19.36301313 19.72932922 20.10190014 19.3842615
  19.63432747 19.89385565 18.97321365 20.35267945 20.25374368 19.64830192
  19.57528046 20.02297089 19.04329332 19.60078024 19.87169364 19.90411828
  20.03700888 19.25312982 19.92789242 20.28518014 19.4865733  19.55586394
  19.88046423 19.84354031 19.48886644 19.4019564  19.29854217 19.74973717
  19.52681309 19.15520474 19.67710762 19.48255771 19.02386233 19.38148606
  29.26596869 19.90896116 19.10839588 19.56339131 19.78120436 20.00359558
  20.00938703 19.22437836]
[20.24011971 19.52166062 20.83559644 20.25697776 20.7230051  21.00235839
  20.05794317 20.61992886 19.82795154 20.37848426 20.59834825 19.79591969
  20.23947068 20.46522966 19.54441196 20.88741189 20.9045316  20.31448948
  20.23330153 20.51499079 20.15595957 20.12408502 20.09527123 20.43540647
  21.18510291 20.44797775 20.79544204 20.47926524 20.40473754 20.20397377
  20.78082092 20.5141576  20.48653931 20.03362913 20.06295038 20.38976226
  20.25058769 20.15608331 20.52875083 20.80585274 20.12701192 20.37123282
  19.90896116 30.30844336 20.08806032 20.15164709 20.20221387 20.83634959
  20.41995514 20.28202633]
[19.44679337 18.67849383 19.81453688 19.79126342 19.89131526 20.12015628
  19.54235052 20.18124989 19.2718969  19.90781429 20.21798815 19.15576581
  19.52100849 19.69234297 19.04423639 19.92081748 20.40800407 19.3589687
  19.29739053 20.20709153 19.44243147 19.31643132 19.17567437 19.75410385
  20.47380566 19.40626501 20.34233206 19.69074924 19.6424619  19.97266741
  19.68561644 19.98161064 19.52026543 19.9222898  19.3219588  19.52030789
  19.27958124 19.36724201 19.75959449 19.75676128 19.36718177 19.50122106
  19.10839588 20.08806032 29.62694436 19.28380217 19.77806712 19.99044672
  19.63544045 19.70402139]
[19.74642932 19.09268352 20.20084855 19.64324532 19.96008306 20.75264664
  19.70965419 19.89941159 19.544579   20.27785174 19.95564412 19.56871215
  19.81630159 19.91814227 19.44750742 20.40237569 20.39792944 19.84813985
  19.9478909  20.1218411  20.00545601 19.97335745 19.6505341  20.18968735
  20.45220201 19.63697885 20.20527553 20.01423378 19.68550821 19.99997766
  19.99875552 20.16509842 19.99657307 20.03800404 19.70898431 20.01796591
  19.78951141 19.55757114 19.96014035 20.15015139 19.86462555 19.85693249
  19.56339131 20.15164709 19.28380217 29.56778272 19.91430017 20.49334484
  20.15366918 19.82436451]
[19.90579898 19.31160082 20.28716516 20.20322761 19.8624769  20.71119076
  19.7889781  20.42106267 19.73321628 20.42763803 20.1434338  19.31093284
  20.09789009 19.58627411 19.37399349 20.26865307 20.34444461 19.73984171
  19.95763813 19.85875585 19.52882927 19.6255504  19.65925864 20.21578059
  20.26808278 19.74052136 20.08392217 20.03877154 19.70257328 19.74529029
  20.0334364  19.87491232 19.68178236 20.05712451 19.18086856 20.39139605
  19.9055318  19.40644902 20.03571834 20.18223529 19.62170806 19.92550798
  19.78120436 20.20221387 19.77806712 19.91430017 29.11877012 19.85984261
  20.30058175 19.78981147]
[20.2563644  19.89478845 20.46165221 20.44290779 20.35550273 20.65652157
  20.25728661 20.76622897 19.75835065 20.57494513 20.74097022 19.76270008
  20.42136831 20.69325411 19.46218739 21.19366968 20.73129715 20.17165304
  19.66003871 20.92350724 19.65998837 20.03802073 20.17261227 20.1924488
  20.90483887 20.57209339 20.53210129 20.78940578 20.15007047 20.44466676
  20.31092508 20.42296409 20.16437053 20.18090051 19.86033371 20.4416565
  20.45759037 20.07851825 20.27958934 20.35517917 20.11332373 20.38462929
  20.00359558 20.83634959 19.99044672 20.49334484 19.85984261 30.40506537
  20.67740563 20.10799675]
[20.06983214 19.68149996 20.6151909  20.40319879 20.39576021 21.03740355
  20.00757007 20.80944467 20.23805894 20.45962396 20.40654955 19.85218127
  20.08541157 19.99711944 19.84244746 20.6347656  20.72721477 20.16562938
  20.5625891  20.70073376 19.99872549 20.30619343 20.03683839 20.4000641
  20.80820797 20.43420466 20.41170442 20.1370916  19.8640214  20.34982286
  20.3791221  20.58732469 20.18340861 20.16128605 19.63302385 20.41756561
  20.13864774 19.75916388 20.52659317 20.17950157 19.79621838 20.28905232
  20.00938703 20.41995514 19.63544045 20.15366918 20.30058175 20.67740563
  30.52479965 19.9777799 ]
[19.81386843 19.46427816 20.3730766  20.18100216 20.053318   20.70477516
  20.03448714 20.29315453 19.79919986 20.56680015 20.20797544 19.78375195
  19.8209602  20.12088945 19.55183708 20.06442636 20.14074959 19.66795417
  19.7619451  20.04362298 19.67765334 19.9740134  19.69321987 20.52861775
  20.51011524 19.92971634 20.50252323 20.48409676 20.14942947 19.90442408
  20.05965705 20.06661042 19.82162284 19.98538043 19.56692571 20.30515937
  19.80615685 19.34909574 19.86315671 20.07702349 19.50362343 20.17832847
  19.22437836 20.28202633 19.70402139 19.82436451 19.78981147 20.10799675
  19.9777799  29.53353041]
]