7062
50
10
25.23102367916563

[0.08850902 0.02435265 0.04746782 0.04578327 0.0651599  0.09784277
 0.02059575 0.09385122 0.04526915 0.0281921  0.0535219  0.0360029
 0.04516481 0.02497923 0.0804703  0.02976591 0.07818219 0.09629431
 0.07620371 0.0728318  0.07057586 0.05082458 0.08568863 0.08642368
 0.03649808 0.02940628 0.03543677 0.09150451 0.03468995 0.0564075
 0.04144885 0.03817718 0.07802253 0.09178316 0.09148349 0.03071226
 0.05699195 0.03600745 0.0253025  0.06256401 0.07868506 0.03850892
 0.04909976 0.04839396 0.06440664 0.0221244  0.0587004  0.07801242
 0.09966674 0.09513263]

[[29.51876406 19.77682601 20.02351681 19.84196227 19.89663154 19.65459824
  20.6864971  20.17528736 19.47767156 19.51042725 19.47069899 20.00853977
  20.37660101 20.45165955 19.73073955 19.89636906 19.77530125 19.58827517
  19.70503337 20.05856069 19.93579944 20.31463332 19.86864001 19.51682115
  19.23060966 20.35515721 18.97049608 20.58187049 20.08533459 19.68665264
  20.14206452 19.98745308 20.00850741 20.29344583 20.10042932 20.24770966
  20.14843723 20.35952135 19.73151406 20.29179811 20.26740169 19.82623114
  19.80111418 19.59913982 20.17625065 20.10946375 20.38270973 19.72941959
  20.57452655 20.5292533 ]
[19.77682601 29.31598896 20.09575465 20.19223475 19.91662177 20.02747479
  20.33285008 20.2178602  19.0799926  19.83250158 19.59478971 20.00297462
  20.16017533 20.47925531 19.54791516 20.14201821 20.06101237 19.5374551
  19.29038463 19.87902245 20.27459925 20.26523219 19.85531527 19.68825629
  19.60393141 20.43214658 19.38871898 20.56265965 19.90878561 19.20315521
  20.10283778 19.93414265 20.30020024 19.91773852 20.10198663 20.23648962
  20.01450354 20.45590015 19.85114476 20.12018023 20.2596474  19.56146503
  19.8384588  19.30092058 20.14719374 20.28824    20.31418103 19.74409748
  20.41708282 20.16598565]
[20.02351681 20.09575465 29.74164175 20.01139229 19.87147115 19.78907355
  20.32647614 20.37791382 19.32866301 19.34678175 19.58892821 20.11497083
  20.11813557 20.45014314 19.46863296 20.37552518 19.96977361 19.79603968
  19.56039566 20.21296424 19.87353396 20.60976452 20.11266446 20.20715936
  19.62067637 20.60090868 19.4199494  20.38776935 20.17432056 19.44205572
  20.31509284 19.96291729 20.52135707 19.9652394  19.8677908  20.19273788
  20.01838323 20.18723878 19.75365727 20.22994596 20.42300602 19.5717786
  19.9207853  19.34691129 20.27009803 20.25958569 20.0418646  19.71891361
  20.08549707 20.47259871]
[19.84196227 20.19223475 20.01139229 29.9182999  19.93360277 20.21250046
  20.66506045 19.90722115 19.0316167  19.59791743 19.50695595 20.35289088
  20.10718369 20.28783781 19.63024888 20.20113702 20.20345121 19.54287374
  19.14996013 20.17654714 20.11244594 20.41650357 20.02504475 20.20284638
  19.58494717 20.1845894  19.27130343 20.30319042 19.95675082 19.43656712
  20.09487605 19.74416912 20.73413297 20.17774641 20.21992357 20.47249458
  19.85758471 20.31023316 19.79891265 20.39628691 20.20900658 19.78335173
  19.64618271 19.30222794 19.97246774 20.13225915 19.84835938 20.25190277
  20.55664534 20.78692254]
[19.89663154 19.91662177 19.87147115 19.93360277 29.12015303 19.77784463
  20.1532751  19.97957053 19.07288463 18.91183689 19.6220574  19.74794048
  19.91715874 20.10799692 19.5281514  19.36182459 19.81949971 19.40173667
  19.49533478 19.56895143 19.82227954 19.61860148 19.8742661  19.79129793
  19.54488819 19.75937682 18.95039695 20.34919552 19.97158059 19.54923103
  19.48296425 19.1710352  20.32487506 19.78668718 19.73656752 19.99910825
  20.09054728 20.17825932 19.53360469 20.1079985  20.26792737 19.25174822
  19.51054375 19.1100676  19.78300139 19.83913987 19.87099413 19.96141626
  20.30393713 20.25486948]
[19.65459824 20.02747479 19.78907355 20.21250046 19.77784463 29.5534473
  20.21928646 19.98764529 18.94032152 19.75213466 19.46690999 19.73778618
  19.98931798 20.6124203  19.52649176 19.96428233 20.15742887 20.07168331
  19.17706866 19.88788337 19.96875818 20.38971383 19.93153485 20.25272815
  19.56595277 20.32098891 19.37450026 20.03307888 20.07527616 19.87469551
  20.19244282 19.95470315 20.3419652  19.84539237 20.01549848 20.11308658
  20.33084203 20.00233224 19.88067955 20.01165682 20.19928615 19.41931513
  19.38379484 19.38174744 19.82569516 20.11560143 20.09642607 19.96474985
  20.35920013 20.33159457]
[20.6864971  20.33285008 20.32647614 20.66506045 20.1532751  20.21928646
  30.77898853 20.93443702 19.44124713 19.93330433 20.20032883 20.1538265
  20.60942724 21.12670323 20.34156899 20.79387976 20.0941333  19.78635004
  20.02972075 20.53556453 20.12835195 20.57650813 20.20290495 20.07742963
  20.12574747 20.99896726 19.89320798 20.97973281 20.88320926 20.10633282
  20.51801107 20.53121404 21.01714775 20.70133225 20.8150877  20.53051494
  20.57150569 20.66232599 19.86074212 20.89191737 20.59726809 19.95201069
  20.0334179  19.79011894 20.40718506 20.21161123 20.59981212 20.65652004
  20.97941811 20.94234489]
[20.17528736 20.2178602  20.37791382 19.90722115 19.97957053 19.98764529
  20.93443702 30.58539467 19.42763069 19.37978434 19.72115289 20.05495924
  20.50425119 20.22379115 19.64776578 20.35205266 20.08013977 20.04438428
  20.01361575 20.13473368 20.39308224 20.54904356 20.50933468 20.05958119
  19.54240398 20.58514093 19.56185195 20.37674636 20.22629279 20.09917022
  20.34997024 19.8096247  20.81049354 19.86992528 20.34994923 20.31795669
  20.36147213 20.71504671 20.10237601 20.2572288  20.55780056 20.07852829
  19.93019385 20.15016239 20.0228084  20.36807331 20.04353168 20.02846539
  20.74138284 20.83639183]
[19.47767156 19.0799926  19.32866301 19.0316167  19.07288463 18.94032152
  19.44124713 19.42763069 28.18059343 18.94641035 18.83332184 19.03838315
  19.28044635 19.8686472  18.98755364 19.26943391 19.29552418 18.88296355
  18.88085196 19.32117838 19.22075719 19.39122243 19.05571472 19.29980664
  18.42811464 19.52723437 18.66375514 19.51771598 19.58455919 18.78975706
  19.28124419 19.3763845  19.91259421 19.31482912 19.20917869 19.36913786
  19.06298247 19.68580858 18.62989909 19.57851728 19.37210952 19.24879301
  19.13349548 18.87590196 19.248945   18.87984281 19.38505217 19.54837545
  19.76470123 20.04730582]
[19.51042725 19.83250158 19.34678175 19.59791743 18.91183689 19.75213466
  19.93330433 19.37978434 18.94641035 28.89030628 19.03877026 19.38515562
  19.5243261  19.79880518 19.1822616  20.06292799 19.84968092 18.89428825
  19.3230311  19.34410547 19.52114339 20.20321962 19.29289318 19.31113869
  18.88350701 20.12334806 18.91884744 19.84060633 19.62645146 19.18584648
  19.68939627 19.86298615 19.54699365 19.39003617 19.28721844 19.70507932
  19.8552618  19.9227434  19.4264202  19.53176956 19.00091448 19.42874925
  18.97219163 19.12401043 19.75378065 19.38797846 19.81533439 19.64489021
  19.75180596 20.09003007]
[19.47069899 19.59478971 19.58892821 19.50695595 19.6220574  19.46690999
  20.20032883 19.72115289 18.83332184 19.03877026 28.99496391 19.79403756
  19.8632478  20.14976753 19.27184761 19.29304285 19.38288132 19.18231259
  18.9147341  19.71415518 19.3962948  19.97447481 19.61115367 19.41833547
  19.19566737 19.63701561 19.02231033 19.91988219 19.94990501 19.43996085
  19.16819554 19.29331423 19.93454316 19.47704654 19.44311877 19.54032539
  19.63181209 19.59844265 19.66104607 19.63909268 19.67421396 19.42944419
  19.73461466 19.16327312 19.40485189 19.36459303 20.1383209  19.26445032
  19.58376198 20.15129347]
[20.00853977 20.00297462 20.11497083 20.35289088 19.74794048 19.73778618
  20.1538265  20.05495924 19.03838315 19.38515562 19.79403756 29.10713972
  20.21582118 20.22839518 19.78063135 20.11614728 20.08417018 19.43471276
  19.56522014 19.48893355 20.40524326 20.15858293 20.2547726  19.57134668
  19.36081619 20.33097031 19.34191487 20.40931639 20.37137497 19.34060444
  20.0633298  19.92295812 20.24364681 19.89779679 19.82982376 20.32227199
  20.28060872 20.13135034 19.67213919 20.23090023 20.25620345 19.681392
  19.7523087  19.17120597 19.81323255 19.9689505  19.938602   19.8882335
  20.26773452 20.4385504 ]
[20.37660101 20.16017533 20.11813557 20.10718369 19.91715874 19.98931798
  20.60942724 20.50425119 19.28044635 19.5243261  19.8632478  20.21582118
  30.59979109 20.35706921 20.06223092 20.05676527 20.25401136 19.85901335
  19.8661176  20.25787489 20.34933975 20.49686301 20.26237645 19.94421489
  20.20508992 20.52822089 19.5553483  20.50752439 20.86651315 19.8505382
  20.26521226 20.46154507 20.55049311 20.16625042 20.20276754 20.31923818
  20.40796585 20.56790161 19.90005446 20.8101437  20.50789642 19.89546625
  19.78474224 19.75581283 20.46403716 20.16751272 20.65028846 20.21452879
  20.72948423 20.84310408]
[20.45165955 20.47925531 20.45014314 20.28783781 20.10799692 20.6124203
  21.12670323 20.22379115 19.8686472  19.79880518 20.14976753 20.22839518
  20.35706921 30.77160983 19.81727385 20.40424757 20.6978221  19.89879647
  20.28630402 20.13775425 20.51152388 20.85086551 20.36582334 20.32335265
  19.85354521 20.78311541 19.61449217 20.77130794 20.44781294 19.6906959
  20.47725928 20.06691462 20.91405818 20.24646231 20.31626421 20.64727917
  20.71308755 20.97744354 20.16740345 20.57685084 20.29477521 20.49121353
  20.26781078 19.8231492  20.27612145 20.40983894 20.69727845 20.17192365
  20.73770125 20.70310445]
[19.73073955 19.54791516 19.46863296 19.63024888 19.5281514  19.52649176
  20.34156899 19.64776578 18.98755364 19.1822616  19.27184761 19.78063135
  20.06223092 19.81727385 29.06593547 20.13474822 19.5158517  19.03614559
  18.98516895 19.567708   19.74700376 19.68463641 19.84017992 19.16105469
  19.50497102 20.45226225 19.33760636 19.8979078  19.6470927  19.04628803
  19.53272444 19.61773423 20.29428583 19.60292745 19.48784556 20.29448674
  20.203073   20.34627979 19.41385093 20.15742618 19.88919659 19.50891067
  19.61322554 19.14689489 19.92199117 19.9388793  19.98727362 19.63586826
  20.16573727 19.8625306 ]
[19.89636906 20.14201821 20.37552518 20.20113702 19.36182459 19.96428233
  20.79387976 20.35205266 19.26943391 20.06292799 19.29304285 20.11614728
  20.05676527 20.40424757 20.13474822 30.06436883 20.2986516  19.71609364
  19.36187569 20.0266039  20.34144698 20.37847396 19.94874722 20.1778213
  19.85306538 20.76283573 19.67112428 20.66006048 20.70824674 19.93148587
  20.02835692 20.1430906  20.68586314 20.19332117 19.9302592  20.71807474
  20.42428113 20.52944119 19.35340691 20.46754488 20.59600153 19.81415268
  20.08325484 19.68344712 20.18088646 20.3032426  20.23153458 20.07789856
  20.35109409 20.70745148]
[19.77530125 20.06101237 19.96977361 20.20345121 19.81949971 20.15742887
  20.0941333  20.08013977 19.29552418 19.84968092 19.38288132 20.08417018
  20.25401136 20.6978221  19.5158517  20.2986516  29.88570257 19.49077742
  19.70716764 20.08871643 20.28808915 20.07525301 19.8601413  20.33948238
  19.54442175 20.47192514 19.35139473 20.71212016 20.52810352 19.40132638
  20.00855666 20.26530032 20.80580775 20.10265376 19.3496916  20.531589
  20.06630454 20.37223565 19.82958959 20.1444386  20.11327229 20.09896737
  19.69818786 19.49997252 20.14762038 20.31809249 20.54249361 19.82966631
  20.6269646  20.21995268]
[19.58827517 19.5374551  19.79603968 19.54287374 19.40173667 20.07168331
  19.78635004 20.04438428 18.88296355 18.89428825 19.18231259 19.43471276
  19.85901335 19.89879647 19.03614559 19.71609364 19.49077742 29.13532716
  18.96912694 19.62396685 19.7640215  19.99312116 19.5065336  19.27235336
  19.06305    20.03264454 19.01444007 19.86972854 19.90760951 19.53698935
  19.44480059 19.65692751 19.91224686 19.88865903 19.26892881 19.962495
  19.85988068 20.01085682 19.35504351 19.91976556 19.91346834 19.61402752
  19.34357089 19.42049479 19.87104978 19.77065385 19.68919006 20.01363645
  19.9571612  19.97719897]
[19.70503337 19.29038463 19.56039566 19.14996013 19.49533478 19.17706866
  20.02972075 20.01361575 18.88085196 19.3230311  18.9147341  19.56522014
  19.8661176  20.28630402 18.98516895 19.36187569 19.70716764 18.96912694
  29.01854981 19.69799667 19.45353922 19.84228768 19.55366541 19.49739626
  19.17820356 19.70482679 18.73264544 20.1394697  19.9394247  19.33137102
  19.56984604 19.58256735 19.73055219 19.48125564 19.49438208 19.75178281
  19.90082678 20.16312628 19.67548898 19.70601326 19.49088347 19.23375147
  19.91404649 19.19034409 19.36868405 19.47895989 19.99877494 19.59982261
  20.28300789 19.85352947]
[20.05856069 19.87902245 20.21296424 20.17654714 19.56895143 19.88788337
  20.53556453 20.13473368 19.32117838 19.34410547 19.71415518 19.48893355
  20.25787489 20.13775425 19.567708   20.0266039  20.08871643 19.62396685
  19.69799667 30.06152211 19.96607658 20.40512849 19.99063526 20.00538682
  19.25642026 20.22000221 19.04670929 20.19267588 20.33507776 19.45680226
  19.60176803 19.96436112 20.28335209 20.09199553 19.81091719 20.46534274
  20.03042571 20.64359258 19.87797737 20.06577858 20.17524783 19.94737911
  19.52294561 19.3712125  19.82112226 20.3440615  20.1066176  19.64630662
  20.31559177 20.62030282]
[19.93579944 20.27459925 19.87353396 20.11244594 19.82227954 19.96875818
  20.12835195 20.39308224 19.22075719 19.52114339 19.3962948  20.40524326
  20.34933975 20.51152388 19.74700376 20.34144698 20.28808915 19.7640215
  19.45353922 19.96607658 29.96814407 20.60117473 20.47974003 20.10789848
  19.57870855 20.59113555 19.77112879 20.45095948 20.16680514 19.49099893
  20.60699948 19.86528994 20.67044053 19.87825629 20.42806032 20.37795696
  20.2527184  20.33256164 19.87065962 20.44660071 20.06261013 20.04926908
  20.09342789 19.85928726 20.51576741 20.29185445 20.36447406 20.33358162
  20.5067913  20.71821161]
[20.31463332 20.26523219 20.60976452 20.41650357 19.61860148 20.38971383
  20.57650813 20.54904356 19.39122243 20.20321962 19.97447481 20.15858293
  20.49686301 20.85086551 19.68463641 20.37847396 20.07525301 19.99312116
  19.84228768 20.40512849 20.60117473 30.32516328 20.43823357 20.24263622
  19.53016674 20.7567229  19.10963801 20.78041579 20.15610828 19.65487322
  19.85281091 19.99472816 20.35828923 20.36947455 20.32622324 20.43734143
  20.5194659  20.19050483 20.02740841 20.37186322 20.5019287  20.16796338
  20.41953663 19.80720899 20.43255511 20.31453764 20.46442081 20.28502351
  20.4121221  20.83701818]
[19.86864001 19.85531527 20.11266446 20.02504475 19.8742661  19.93153485
  20.20290495 20.50933468 19.05571472 19.29289318 19.61115367 20.2547726
  20.26237645 20.36582334 19.84017992 19.94874722 19.8601413  19.5065336
  19.55366541 19.99063526 20.47974003 20.43823357 29.9140194  20.43189713
  19.67324086 20.40174511 19.46372913 20.08403135 20.04939432 19.30879796
  20.12758048 19.86948589 20.55625523 20.06483326 19.91199008 20.23194765
  20.3086763  19.98774614 19.85453182 20.23003689 19.71930711 19.91877722
  19.99309584 19.41743755 20.20814542 20.02601506 20.17989234 20.29127103
  20.09373835 20.41460013]
[19.51682115 19.68825629 20.20715936 20.20284638 19.79129793 20.25272815
  20.07742963 20.05958119 19.29980664 19.31113869 19.41833547 19.57134668
  19.94421489 20.32335265 19.16105469 20.1778213  20.33948238 19.27235336
  19.49739626 20.00538682 20.10789848 20.24263622 20.43189713 29.58272197
  19.42308615 20.11893166 19.25630421 20.67896843 20.18659344 19.57104213
  20.08751487 19.76562761 20.4885523  19.65317768 20.15713075 20.09820024
  20.40606516 20.07970104 19.88551157 20.22475237 20.1458349  19.59177218
  19.25310241 19.43397998 20.32796763 19.76097908 19.93640773 19.98240679
  20.33369037 20.2415587 ]
[19.23060966 19.60393141 19.62067637 19.58494717 19.54488819 19.56595277
  20.12574747 19.54240398 18.42811464 18.88350701 19.19566737 19.36081619
  20.20508992 19.85354521 19.50497102 19.85306538 19.54442175 19.06305
  19.17820356 19.25642026 19.57870855 19.53016674 19.67324086 19.42308615
  28.68406924 19.51920695 19.07508607 20.04080834 19.59013471 19.31479294
  19.76937734 19.55875783 19.78253632 19.67612482 19.4804039  19.66268915
  19.51387853 19.67993661 19.24137901 19.40364467 19.90380375 19.53360261
  19.28908029 19.04197578 19.79010645 19.68753821 20.0743605  19.37558635
  19.86656129 20.08142438]
[20.35515721 20.43214658 20.60090868 20.1845894  19.75937682 20.32098891
  20.99896726 20.58514093 19.52723437 20.12334806 19.63701561 20.33097031
  20.52822089 20.78311541 20.45226225 20.76283573 20.47192514 20.03264454
  19.70482679 20.22000221 20.59113555 20.7567229  20.40174511 20.11893166
  19.51920695 30.53640425 19.86190116 20.81010982 20.45113718 20.10600364
  20.50252584 20.11890442 20.93819213 20.70204839 20.37330193 20.46104461
  20.78869398 20.43405584 20.08988952 20.28060319 20.35044187 20.18186781
  20.2987915  19.8322684  20.71205843 20.24917766 19.84580201 20.1881767
  20.98313984 20.87078919]
[18.97049608 19.38871898 19.4199494  19.27130343 18.95039695 19.37450026
  19.89320798 19.56185195 18.66375514 18.91884744 19.02231033 19.34191487
  19.5553483  19.61449217 19.33760636 19.67112428 19.35139473 19.01444007
  18.73264544 19.04670929 19.77112879 19.10963801 19.46372913 19.25630421
  19.07508607 19.86190116 28.66981192 20.01274994 19.56398763 19.01049141
  19.38591042 19.23705344 19.76359887 19.37687515 19.31564479 19.89218362
  19.319216   19.68542155 19.34055315 19.80132313 19.26229106 19.68247169
  19.05672834 18.54911064 19.50306543 19.24620257 19.50363752 19.64282866
  19.84762917 20.09533925]
[20.58187049 20.56265965 20.38776935 20.30319042 20.34919552 20.03307888
  20.97973281 20.37674636 19.51771598 19.84060633 19.91988219 20.40931639
  20.50752439 20.77130794 19.8979078  20.66006048 20.71212016 19.86972854
  20.1394697  20.19267588 20.45095948 20.78041579 20.08403135 20.67896843
  20.04080834 20.81010982 20.01274994 30.84973208 20.84244806 20.17982335
  20.39220189 20.26767703 20.82180955 21.00274498 20.14568587 20.67823642
  20.6315706  20.67813958 19.97386562 20.76936884 21.1331029  20.41768857
  20.35819773 20.05081611 20.49613183 20.34632684 20.60794887 20.38087098
  21.07178976 21.08438949]
[20.08533459 19.90878561 20.17432056 19.95675082 19.97158059 20.07527616
  20.88320926 20.22629279 19.58455919 19.62645146 19.94990501 20.37137497
  20.86651315 20.44781294 19.6470927  20.70824674 20.52810352 19.90760951
  19.9394247  20.33507776 20.16680514 20.15610828 20.04939432 20.18659344
  19.59013471 20.45113718 19.56398763 20.84244806 30.82609865 19.51692363
  20.65291198 20.12960676 20.32776417 20.16104771 20.36337759 20.47364814
  20.43198966 20.37502724 19.67851981 20.72980883 20.46921502 20.23248558
  20.21907547 19.73006248 20.13119585 20.1697361  20.46594402 20.17548248
  20.56839855 21.04033254]
[19.68665264 19.20315521 19.44205572 19.43656712 19.54923103 19.87469551
  20.10633282 20.09917022 18.78975706 19.18584648 19.43996085 19.34060444
  19.8505382  19.6906959  19.04628803 19.93148587 19.40132638 19.53698935
  19.33137102 19.45680226 19.49099893 19.65487322 19.30879796 19.57104213
  19.31479294 20.10600364 19.01049141 20.17982335 19.51692363 28.66670302
  19.75177751 19.64297249 20.02469749 19.35868298 19.93175886 20.01322383
  19.54811876 20.00973721 19.23124485 19.85323266 19.84216057 19.56683551
  19.39819701 19.202953   19.62061759 19.47227061 19.89481098 19.64446194
  19.5971546  20.30948255]
[20.14206452 20.10283778 20.31509284 20.09487605 19.48296425 20.19244282
  20.51801107 20.34997024 19.28124419 19.68939627 19.16819554 20.0633298
  20.26521226 20.47725928 19.53272444 20.02835692 20.00855666 19.44480059
  19.56984604 19.60176803 20.60699948 19.85281091 20.12758048 20.08751487
  19.76937734 20.50252584 19.38591042 20.39220189 20.65291198 19.75177751
  29.87189021 20.15837193 20.19924444 19.89079663 19.90189026 20.1208465
  20.15545745 20.18817026 20.12331642 20.54946523 19.94747656 19.74149267
  20.00186774 19.64122243 20.17553539 20.22084571 20.28232085 19.9453665
  20.24754696 20.68001546]
[19.98745308 19.93414265 19.96291729 19.74416912 19.1710352  19.95470315
  20.53121404 19.8096247  19.3763845  19.86298615 19.29331423 19.92295812
  20.46154507 20.06691462 19.61773423 20.1430906  20.26530032 19.65692751
  19.58256735 19.96436112 19.86528994 19.99472816 19.86948589 19.76562761
  19.55875783 20.11890442 19.23705344 20.26767703 20.12960676 19.64297249
  20.15837193 29.50611741 20.18110801 20.13612404 19.97723729 20.15300154
  20.2506578  20.53249021 19.37855838 20.00469057 19.86537126 19.84783113
  19.64367573 19.47149609 20.13563507 19.85757896 20.2170813  20.18961526
  20.26706733 20.35221278]
[20.00850741 20.30020024 20.52135707 20.73413297 20.32487506 20.3419652
  21.01714775 20.81049354 19.91259421 19.54699365 19.93454316 20.24364681
  20.55049311 20.91405818 20.29428583 20.68586314 20.80580775 19.91224686
  19.73055219 20.28335209 20.67044053 20.35828923 20.55625523 20.4885523
  19.78253632 20.93819213 19.76359887 20.82180955 20.32776417 20.02469749
  20.19924444 20.18110801 31.01549029 19.99461482 20.22079465 20.48253223
  20.74523315 20.56845549 20.37704399 20.60868413 20.40269073 20.31059247
  20.2335075  20.0610804  20.48943749 20.01883838 20.4862271  20.31425067
  20.92631061 21.14566098]
[20.29344583 19.91773852 19.9652394  20.17774641 19.78668718 19.84539237
  20.70133225 19.86992528 19.31482912 19.39003617 19.47704654 19.89779679
  20.16625042 20.24646231 19.60292745 20.19332117 20.10265376 19.88865903
  19.48125564 20.09199553 19.87825629 20.36947455 20.06483326 19.65317768
  19.67612482 20.70204839 19.37687515 21.00274498 20.16104771 19.35868298
  19.89079663 20.13612404 19.99461482 29.73781929 19.62391664 20.21735281
  20.35972471 20.30459188 19.95894698 20.24405402 20.07769074 20.17378518
  19.87075824 19.23808583 20.17698072 20.1616612  19.95769107 20.33544256
  20.23983375 20.61113552]
[20.10042932 20.10198663 19.8677908  20.21992357 19.73656752 20.01549848
  20.8150877  20.34994923 19.20917869 19.28721844 19.44311877 19.82982376
  20.20276754 20.31626421 19.48784556 19.9302592  19.3496916  19.26892881
  19.49438208 19.81091719 20.42806032 20.32622324 19.91199008 20.15713075
  19.4804039  20.37330193 19.31564479 20.14568587 20.36337759 19.93175886
  19.90189026 19.97723729 20.22079465 19.62391664 29.34276849 20.09281646
  20.16812948 20.35435439 19.82308254 20.52634349 19.96984609 19.82171348
  19.85929819 19.2108626  20.11493624 20.04839216 20.20598161 19.88204768
  20.76425709 20.60388929]
[20.24770966 20.23648962 20.19273788 20.47249458 19.99910825 20.11308658
  20.53051494 20.31795669 19.36913786 19.70507932 19.54032539 20.32227199
  20.31923818 20.64727917 20.29448674 20.71807474 20.531589   19.962495
  19.75178281 20.46534274 20.37795696 20.43734143 20.23194765 20.09820024
  19.66268915 20.46104461 19.89218362 20.67823642 20.47364814 20.01322383
  20.1208465  20.15300154 20.48253223 20.21735281 20.09281646 30.25083421
  20.53123158 20.73338273 20.24038292 20.34472601 20.28186622 20.43449063
  19.83720229 19.32131295 20.1240675  20.55546903 20.54453913 20.36264427
  20.81851183 21.32439453]
[20.14843723 20.01450354 20.01838323 19.85758471 20.09054728 20.33084203
  20.57150569 20.36147213 19.06298247 19.8552618  19.63181209 20.28060872
  20.40796585 20.71308755 20.203073   20.42428113 20.06630454 19.85988068
  19.90082678 20.03042571 20.2527184  20.5194659  20.3086763  20.40606516
  19.51387853 20.78869398 19.319216   20.6315706  20.43198966 19.54811876
  20.15545745 20.2506578  20.74523315 20.35972471 20.16812948 20.53123158
  30.24867378 20.3791251  19.73069258 20.26835777 20.48273811 19.91888941
  20.11203099 19.68276814 20.3174982  20.25844008 20.25438045 20.21288561
  20.36089796 20.55926777]
[20.35952135 20.45590015 20.18723878 20.31023316 20.17825932 20.00233224
  20.66232599 20.71504671 19.68580858 19.9227434  19.59844265 20.13135034
  20.56790161 20.97744354 20.34627979 20.52944119 20.37223565 20.01085682
  20.16312628 20.64359258 20.33256164 20.19050483 19.98774614 20.07970104
  19.67993661 20.43405584 19.68542155 20.67813958 20.37502724 20.00973721
  20.18817026 20.53249021 20.56845549 20.30459188 20.35435439 20.73338273
  20.3791251  30.47194685 20.16450441 20.46961504 19.98655537 20.09001912
  20.29146595 19.65204508 20.31723987 20.48792583 20.71111508 20.3445738
  20.63147874 21.15459844]
[19.73151406 19.85114476 19.75365727 19.79891265 19.53360469 19.88067955
  19.86074212 20.10237601 18.62989909 19.4264202  19.66104607 19.67213919
  19.90005446 20.16740345 19.41385093 19.35340691 19.82958959 19.35504351
  19.67548898 19.87797737 19.87065962 20.02740841 19.85453182 19.88551157
  19.24137901 20.08988952 19.34055315 19.97386562 19.67851981 19.23124485
  20.12331642 19.37855838 20.37704399 19.95894698 19.82308254 20.24038292
  19.73069258 20.16450441 29.00429159 19.68439429 20.17646242 19.6206832
  19.51805841 19.49100781 19.98912993 19.51597068 20.43346622 19.94033456
  20.19249536 20.49774094]
[20.29179811 20.12018023 20.22994596 20.39628691 20.1079985  20.01165682
  20.89191737 20.2572288  19.57851728 19.53176956 19.63909268 20.23090023
  20.8101437  20.57685084 20.15742618 20.46754488 20.1444386  19.91976556
  19.70601326 20.06577858 20.44660071 20.37186322 20.23003689 20.22475237
  19.40364467 20.28060319 19.80132313 20.76936884 20.72980883 19.85323266
  20.54946523 20.00469057 20.60868413 20.24405402 20.52634349 20.34472601
  20.26835777 20.46961504 19.68439429 30.59748526 20.50746168 19.90282623
  20.2323121  19.69777012 20.49331327 20.2508609  20.43649164 20.19513603
  20.62277863 21.00262931]
[20.26740169 20.2596474  20.42300602 20.20900658 20.26792737 20.19928615
  20.59726809 20.55780056 19.37210952 19.00091448 19.67421396 20.25620345
  20.50789642 20.29477521 19.88919659 20.59600153 20.11327229 19.91346834
  19.49088347 20.17524783 20.06261013 20.5019287  19.71930711 20.1458349
  19.90380375 20.35044187 19.26229106 21.1331029  20.46921502 19.84216057
  19.94747656 19.86537126 20.40269073 20.07769074 19.96984609 20.28186622
  20.48273811 19.98655537 20.17646242 20.50746168 29.8998448  19.79648515
  20.17830128 19.54323313 20.22330185 20.49213633 20.12485952 19.9576826
  20.55517841 20.46199093]
[19.82623114 19.56146503 19.5717786  19.78335173 19.25174822 19.41931513
  19.95201069 20.07852829 19.24879301 19.42874925 19.42944419 19.681392
  19.89546625 20.49121353 19.50891067 19.81415268 20.09896737 19.61402752
  19.23375147 19.94737911 20.04926908 20.16796338 19.91877722 19.59177218
  19.53360261 20.18186781 19.68247169 20.41768857 20.23248558 19.56683551
  19.74149267 19.84783113 20.31059247 20.17378518 19.82171348 20.43449063
  19.91888941 20.09001912 19.6206832  19.90282623 19.79648515 29.32876743
  19.57691219 19.64679751 19.79530764 20.16485887 20.37777769 19.53224972
  20.1614714  20.66222479]
[19.80111418 19.8384588  19.9207853  19.64618271 19.51054375 19.38379484
  20.0334179  19.93019385 19.13349548 18.97219163 19.73461466 19.7523087
  19.78474224 20.26781078 19.61322554 20.08325484 19.69818786 19.34357089
  19.91404649 19.52294561 20.09342789 20.41953663 19.99309584 19.25310241
  19.28908029 20.2987915  19.05672834 20.35819773 20.21907547 19.39819701
  20.00186774 19.64367573 20.2335075  19.87075824 19.85929819 19.83720229
  20.11203099 20.29146595 19.51805841 20.2323121  20.17830128 19.57691219
  29.55922551 19.30842491 19.54651506 20.0519771  20.0510945  19.85997903
  20.43361504 20.02250722]
[19.59913982 19.30092058 19.34691129 19.30222794 19.1100676  19.38174744
  19.79011894 20.15016239 18.87590196 19.12401043 19.16327312 19.17120597
  19.75581283 19.8231492  19.14689489 19.68344712 19.49997252 19.42049479
  19.19034409 19.3712125  19.85928726 19.80720899 19.41743755 19.43397998
  19.04197578 19.8322684  18.54911064 20.05081611 19.73006248 19.202953
  19.64122243 19.47149609 20.0610804  19.23808583 19.2108626  19.32131295
  19.68276814 19.65204508 19.49100781 19.69777012 19.54323313 19.64679751
  19.30842491 28.93581883 19.72505045 19.36087984 20.00778712 19.74645897
  19.93050908 20.00974024]
[20.17625065 20.14719374 20.27009803 19.97246774 19.78300139 19.82569516
  20.40718506 20.0228084  19.248945   19.75378065 19.40485189 19.81323255
  20.46403716 20.27612145 19.92199117 20.18088646 20.14762038 19.87104978
  19.36868405 19.82112226 20.51576741 20.43255511 20.20814542 20.32796763
  19.79010645 20.71205843 19.50306543 20.49613183 20.13119585 19.62061759
  20.17553539 20.13563507 20.48943749 20.17698072 20.11493624 20.1240675
  20.3174982  20.31723987 19.98912993 20.49331327 20.22330185 19.79530764
  19.54651506 19.72505045 30.33820186 20.09733767 20.53138698 19.95831908
  20.15331545 20.97033965]
[20.10946375 20.28824    20.25958569 20.13225915 19.83913987 20.11560143
  20.21161123 20.36807331 18.87984281 19.38797846 19.36459303 19.9689505
  20.16751272 20.40983894 19.9388793  20.3032426  20.31809249 19.77065385
  19.47895989 20.3440615  20.29185445 20.31453764 20.02601506 19.76097908
  19.68753821 20.24917766 19.24620257 20.34632684 20.1697361  19.47227061
  20.22084571 19.85757896 20.01883838 20.1616612  20.04839216 20.55546903
  20.25844008 20.48792583 19.51597068 20.2508609  20.49213633 20.16485887
  20.0519771  19.36087984 20.09733767 29.70039966 20.21945273 19.75072598
  20.40145211 20.79134884]
[20.38270973 20.31418103 20.0418646  19.84835938 19.87099413 20.09642607
  20.59981212 20.04353168 19.38505217 19.81533439 20.1383209  19.938602
  20.65028846 20.69727845 19.98727362 20.23153458 20.54249361 19.68919006
  19.99877494 20.1066176  20.36447406 20.46442081 20.17989234 19.93640773
  20.0743605  19.84580201 19.50363752 20.60794887 20.46594402 19.89481098
  20.28232085 20.2170813  20.4862271  19.95769107 20.20598161 20.54453913
  20.25438045 20.71111508 20.43346622 20.43649164 20.12485952 20.37777769
  20.0510945  20.00778712 20.53138698 20.21945273 30.17710792 20.42584855
  20.42329499 20.53337772]
[19.72941959 19.74409748 19.71891361 20.25190277 19.96141626 19.96474985
  20.65652004 20.02846539 19.54837545 19.64489021 19.26445032 19.8882335
  20.21452879 20.17192365 19.63586826 20.07789856 19.82966631 20.01363645
  19.59982261 19.64630662 20.33358162 20.28502351 20.29127103 19.98240679
  19.37558635 20.1881767  19.64282866 20.38087098 20.17548248 19.64446194
  19.9453665  20.18961526 20.31425067 20.33544256 19.88204768 20.36264427
  20.21288561 20.3445738  19.94033456 20.19513603 19.9576826  19.53224972
  19.85997903 19.74645897 19.95831908 19.75072598 20.42584855 29.16293996
  20.32420183 20.20987846]
[20.57452655 20.41708282 20.08549707 20.55664534 20.30393713 20.35920013
  20.97941811 20.74138284 19.76470123 19.75180596 19.58376198 20.26773452
  20.72948423 20.73770125 20.16573727 20.35109409 20.6269646  19.9571612
  20.28300789 20.31559177 20.5067913  20.4121221  20.09373835 20.33369037
  19.86656129 20.98313984 19.84762917 21.07178976 20.56839855 19.5971546
  20.24754696 20.26706733 20.92631061 20.23983375 20.76425709 20.81851183
  20.36089796 20.63147874 20.19249536 20.62277863 20.55517841 20.1614714
  20.43361504 19.93050908 20.15331545 20.40145211 20.42329499 20.32420183
  30.37348792 20.92892981]
[20.5292533  20.16598565 20.47259871 20.78692254 20.25486948 20.33159457
  20.94234489 20.83639183 20.04730582 20.09003007 20.15129347 20.4385504
  20.84310408 20.70310445 19.8625306  20.70745148 20.21995268 19.97719897
  19.85352947 20.62030282 20.71821161 20.83701818 20.41460013 20.2415587
  20.08142438 20.87078919 20.09533925 21.08438949 21.04033254 20.30948255
  20.68001546 20.35221278 21.14566098 20.61113552 20.60388929 21.32439453
  20.55926777 21.15459844 20.49774094 21.00262931 20.46199093 20.66222479
  20.02250722 20.00974024 20.97033965 20.79134884 20.53337772 20.20987846
  20.92892981 30.67788344]
]