4446
100
10
26.541389474882948

[0.05932415 0.04544664 0.04937308 0.09390637 0.05670486 0.09021763
 0.0867142  0.03051463 0.03239259 0.07428963 0.08723974 0.04141851
 0.06633788 0.0704068  0.03033056 0.04911158 0.02153573 0.05575018
 0.04559477 0.06578718 0.07671905 0.02627779 0.06273605 0.09421025
 0.09042091 0.06519669 0.0780631  0.07064395 0.0822846  0.05601168
 0.02750096 0.09452129 0.07550558 0.0396884  0.04536668 0.07477811
 0.05057251 0.07963468 0.02160957 0.06614202 0.08398921 0.09465502
 0.08967812 0.07658371 0.03409776 0.08752742 0.03349769 0.03157724
 0.06596279 0.06808247 0.09127026 0.07634147 0.09237818 0.07758643
 0.06138726 0.05102642 0.03773248 0.07385599 0.06790767 0.04595637
 0.09916881 0.07066332 0.05128952 0.06373348 0.07973335 0.0932248
 0.02277545 0.03098491 0.03144298 0.02119089 0.07733564 0.0604177
 0.05535529 0.0322472  0.029063   0.09363442 0.04256218 0.02111784
 0.05033971 0.02377782 0.06336478 0.08092531 0.0825952  0.07132521
 0.07307211 0.084051   0.05231217 0.09493911 0.03276456 0.0382874
 0.03346676 0.025354   0.08831669 0.04469964 0.07222948 0.02870027
 0.02207055 0.04109988 0.06079537 0.08009015]

[[29.70904609 20.29584605 19.96434865 20.46358978 20.6515573  19.99850401
  20.21833472 20.52106626 20.1736485  19.7440247  19.47573197 19.4788011
  20.10478139 20.00185663 20.09302723 19.34894767 19.73031902 19.84428645
  19.50665597 19.59283603 19.49083376 19.50466632 20.00109435 19.97072373
  20.01523968 19.85542802 19.53125108 20.53988927 19.91313331 19.93668105
  20.23721312 19.91245576 20.66026699 19.50946155 19.78157809 19.86271557
  20.38508438 19.99844113 20.21793022 20.49282225 19.69143002 19.69034827
  20.12779567 19.71866632 19.67914658 19.13532849 19.83546458 19.9419641
  20.06616923 20.21348604 19.80837806 19.94090828 20.16948925 20.17899574
  20.25763681 19.64735151 20.07024187 20.34429271 20.16080001 19.66972577
  20.23194022 20.11355124 19.93789245 19.73649743 19.73768461 20.27859701
  19.24340976 20.08352501 20.11982505 19.92527824 19.66623395 19.72531279
  19.65943745 19.83996043 20.15556509 19.9176291  19.83688582 19.8448312
  19.71294149 20.02173482 20.16098575 20.12546669 20.39505826 19.20097472
  19.88825072 20.1863164  20.3046664  20.25338233 20.22893022 19.99455161
  19.96209126 19.91239763 19.61381033 20.53636633 20.14161933 20.04172976
  20.1353301  20.04939797 19.92805753 20.05776588]
[20.29584605 30.49690761 20.24478195 20.80503437 20.7134911  20.26069638
  20.6788505  20.94373939 20.34214806 20.5047973  19.84024531 19.87819033
  20.56125604 20.56026329 20.16310617 20.57859591 20.47479658 20.38941518
  19.89442813 20.32511289 20.43099414 19.88089507 20.29781167 20.3590157
  20.11211407 20.4351394  20.07094327 20.75007676 20.5563245  20.31909073
  20.18570265 20.30929671 21.08040106 19.73219049 20.34984266 20.26554467
  20.87780361 20.20255288 20.36898234 20.84046728 19.99253302 20.04999001
  20.76239222 20.29817604 19.6177082  19.79657467 20.33318144 20.37932091
  20.12405473 20.63366015 20.14607641 20.32266117 20.23277881 20.36650307
  20.42431655 20.15317473 19.67799256 20.35592906 20.68218757 20.26934223
  20.79354354 20.30123107 20.66491651 20.1903123  20.05050367 20.69501842
  19.63373019 20.69381608 20.41581207 19.98441859 20.21783812 20.28079261
  19.92283911 20.18937728 20.60658203 19.661664   20.04538433 20.17679756
  20.46143682 20.4694813  20.30033038 20.34749029 20.87112291 19.91339004
  20.59597031 20.48582078 20.85419314 20.62232644 20.4362568  20.36367755
  20.36173334 20.17583512 19.8280733  20.71850345 20.82307437 20.41032951
  20.37854488 20.46369366 19.92305788 20.28228014]
[19.96434865 20.24478195 29.58185541 19.91431221 20.83074749 20.34960725
  20.43053425 20.43449951 19.90138233 20.09206559 19.87661549 20.09686602
  20.35297411 20.04705943 20.00301265 20.14550611 20.11906035 20.24976667
  19.4347404  19.96409249 19.9962317  19.92491437 19.97139314 20.09762249
  20.25640612 19.80813571 19.81439667 20.60841282 20.32349232 19.80617641
  20.02464901 20.2056713  20.90809724 19.3042181  19.99355484 20.25888491
  19.99628744 19.68197304 19.99556383 20.25648938 20.16464653 19.63472648
  20.19769753 20.06757517 19.91993151 19.38192083 19.88167061 20.49959144
  20.00717551 20.61385853 19.72229384 20.34586219 19.80082515 20.46481705
  20.17453406 20.31613389 19.78241924 20.48583139 20.17976961 20.02609073
  20.55808588 20.36369745 20.24784699 20.31232673 19.71804644 20.66085844
  19.3433568  20.56728401 19.91296914 19.64875671 19.7368636  20.28513692
  19.82361048 20.12875347 20.03370186 19.749798   20.13009609 20.1158358
  20.25232125 20.32312692 19.67314645 20.18842013 20.56512671 19.67772329
  19.92952766 20.23091637 20.88698405 20.41117685 20.29626975 20.27916201
  20.03373446 20.2360009  19.61236543 20.64106627 20.20130813 20.24688594
  20.30536138 20.16544165 20.03488314 20.11916339]
[20.46358978 20.80503437 19.91431221 30.71757124 20.64837389 20.18764986
  20.75558546 20.82589893 20.19064825 20.76325439 19.97602513 19.82328756
  20.35220194 20.59379441 20.37324774 20.00197541 20.64979393 20.14180261
  19.89189694 20.5577123  20.00421382 19.97743075 19.80035074 19.88629762
  19.92410742 19.91491744 20.0205746  20.48494383 20.32354834 20.32130837
  20.13244728 20.67536927 20.90384291 20.33700504 20.06690059 20.44764357
  20.6440689  20.00256911 20.4302621  20.67725168 20.05436176 19.55941462
  20.91794958 20.06408675 20.06058831 19.53976337 20.35618274 20.78629644
  19.90317301 21.07182143 20.04969819 20.48646737 20.29884647 20.26455402
  20.48633992 20.66838742 19.77241579 20.64595926 20.65075266 20.22637154
  20.72355044 20.51053055 20.39822862 20.33886351 20.03701383 20.65037641
  19.44928246 20.12655463 19.95759746 19.88181361 19.88366274 20.0097232
  20.06239963 19.96620402 20.48021995 20.34445694 19.69441364 20.23672551
  20.10470371 20.45020076 20.3440621  20.56408853 20.67960498 19.8926096
  20.42664276 20.38011713 20.7451373  20.66793703 20.68392233 20.10739804
  20.49148766 20.26846245 19.79388616 20.63396686 20.61978755 20.60490769
  20.00476483 20.33480894 20.35468407 20.74122884]
[20.6515573  20.7134911  20.83074749 20.64837389 30.84380623 20.45062058
  20.36302559 20.93725323 20.84957164 20.56134622 20.11794423 20.30411823
  20.53564553 20.26402507 20.39139405 19.81415746 20.67536075 20.84914013
  19.99279907 20.36837787 20.16496869 20.07460659 20.45149853 20.53643292
  20.22794533 20.13762964 20.76386933 20.56887871 20.62368166 20.41887849
  20.46013659 20.439066   21.09012926 19.66907699 20.83988233 20.78827107
  20.94871334 19.86126483 20.63668029 21.21906865 20.07168115 20.168572
  21.31232874 20.37721441 20.19147566 19.97590254 20.69127683 21.24983077
  19.98463712 20.75017436 20.61447096 20.29450806 20.82334809 20.48552678
  20.65181429 20.4718181  20.47628291 20.48184524 20.74916649 19.97934849
  20.96364307 20.77103581 20.28498872 20.54345175 20.34853864 20.9395647
  19.9757353  20.82863474 20.45283371 20.17820088 20.09690132 20.52186214
  20.43980762 20.29136689 20.72028367 20.18648164 20.47028827 20.59528743
  20.42647319 20.4024854  20.39807915 20.33283642 21.19883945 20.04276798
  20.06223948 20.50274208 21.1246988  20.70701474 20.52290598 20.79609289
  20.20267894 20.47022222 19.9380232  20.5106918  20.68142176 20.40481958
  20.28759039 20.78426246 20.18523882 20.4410589 ]
[19.99850401 20.26069638 20.34960725 20.18764986 20.45062058 30.01948139
  20.3402544  20.62430901 20.08547151 20.37966373 20.01670794 19.77242325
  20.24416883 20.04732817 20.05336913 19.7204255  19.82068543 20.00780913
  19.69159398 20.12613512 19.74412373 19.88006869 20.10132337 20.13501824
  19.79651284 19.96092154 20.29305641 20.53338652 20.46661274 20.17733876
  20.17660547 19.69760722 20.75652898 19.43432856 20.0650065  20.28904167
  20.01751665 20.16438067 20.20275452 20.73663304 20.45599702 19.78419929
  20.7155035  19.90543878 19.97639924 19.36666988 19.9904839  20.38122234
  19.4125279  20.28073379 20.12913552 20.41716576 20.01047882 19.87138598
  20.5592712  20.07013498 19.76072018 20.29392322 20.20078959 19.67097019
  20.24178849 20.18174209 20.10075918 20.16698877 19.93233348 20.07645677
  19.41735677 20.14566541 20.01799591 19.7724728  19.91011694 20.26352821
  19.64858468 20.12200951 20.13117681 19.90684534 19.44434778 20.16017974
  20.1150797  20.15621571 20.1959889  19.82246899 20.4231956  19.96307593
  20.44302435 20.42549152 20.52708971 20.55463908 20.44556905 20.3294788
  19.90883591 19.79999643 19.8558883  20.87930067 20.36463274 19.93191369
  20.41033288 20.12501539 20.59949445 20.05803615]
[20.21833472 20.6788505  20.43053425 20.75558546 20.36302559 20.3402544
  30.78687518 20.8918813  20.00504447 20.584154   20.32795274 20.53530525
  20.39880889 20.62793065 20.63430687 19.97336261 20.62400505 20.64049623
  19.819686   20.30115925 20.03610358 19.94384376 20.4730563  20.55610681
  20.38696847 20.3537203  20.1398097  20.82155935 20.67887825 20.55094653
  20.69569761 20.46520124 21.35055977 20.08701869 20.53341297 20.84075484
  20.55080502 19.99034861 20.51710484 20.99780822 20.39607089 20.34549086
  20.63051665 20.81304056 20.25582258 19.78734686 20.50908386 21.00520443
  20.64210728 20.68461449 20.41811335 20.61805259 20.99641028 20.50276708
  20.96355353 20.5018054  20.76373271 20.81443583 21.01839438 20.58784149
  21.18887796 21.02000706 20.60501878 20.32947496 20.40600318 20.87684917
  19.82334766 20.53222971 20.23542203 20.49834194 20.22770632 20.28917275
  19.74633372 20.22138197 20.38558754 20.2182111  20.0503858  20.46228714
  20.82967363 20.49590984 20.2381096  20.62130697 20.84682921 20.18061617
  20.31677436 20.95239162 20.88112445 21.05385894 20.77254183 20.32402783
  20.48173248 20.50596612 19.91763688 20.72021293 20.84887255 20.71157047
  20.62942298 20.60432947 20.12046069 20.81233277]
[20.52106626 20.94373939 20.43449951 20.82589893 20.93725323 20.62430901
  20.8918813  30.80100164 20.18180002 20.45458467 20.1007254  20.19948161
  20.75218085 20.89125496 20.52568314 20.0311555  20.36432806 20.38161482
  20.08102222 20.86096621 20.18199024 20.08024235 20.79350773 20.60437246
  20.73731158 20.32537721 20.47954572 20.43283033 20.61371055 20.7110924
  20.67288007 20.47410106 21.55776258 19.83541205 20.58936656 20.6685023
  20.76310121 20.02738068 20.85066212 20.88282815 20.34530329 20.07010148
  20.92390838 20.51975974 20.17571649 20.18140725 20.72319611 20.86432182
  20.12939299 21.10327533 20.21613594 20.79837703 20.70206973 20.75031982
  20.53365217 20.8609159  20.24216423 20.75193317 20.7596083  20.31907598
  21.58275463 20.56065807 20.41681613 20.75423688 20.90739742 20.97492658
  20.25592728 20.47901959 21.04580269 20.43337773 20.3273205  20.48160416
  19.95323086 20.08278888 20.81690966 19.86497241 20.40950687 20.45209438
  20.86711733 20.42236911 20.51834896 20.50155021 21.2672412  20.22408635
  20.57277786 20.473665   21.37066633 20.90526844 20.72115308 20.4472949
  20.52391721 20.31682889 20.06852023 21.285214   21.06968102 20.90944747
  20.37176866 20.51454106 20.66957518 20.56478138]
[20.1736485  20.34214806 19.90138233 20.19064825 20.84957164 20.08547151
  20.00504447 20.18180002 29.28404783 20.05583972 19.95829974 19.75115459
  19.95393052 19.72752484 20.27420826 19.49188947 19.69571189 19.66477384
  19.58443134 19.82822934 19.40169552 19.46526035 19.81638094 19.82503962
  19.88920164 19.9991351  19.80120298 20.3080868  19.94536505 20.42498352
  20.0221271  19.83016069 21.13296136 19.31524217 20.11213534 19.79560372
  20.47963743 19.79958396 19.717211   20.5192779  19.61687452 19.12973238
  20.12089092 19.85209766 19.96916352 19.74238514 19.93348241 19.80898552
  19.43934228 20.2105011  20.0307735  20.16897301 19.75006165 19.89667889
  20.34289267 19.98262547 19.95457002 20.30249255 20.31139124 19.67681249
  20.33368368 20.39103002 20.00424895 19.85538881 19.3839514  19.98005608
  19.11434437 19.98095768 19.5108517  19.50047336 19.76486065 19.72823104
  19.62219805 19.73390616 20.14498101 19.30903793 19.5268717  19.46685884
  19.52533559 20.22250805 19.97419344 19.7425596  20.24407606 19.65405691
  19.86976428 19.82213323 20.48424136 20.49997654 20.04460655 19.4032525
  19.85476723 20.03421854 19.14527396 20.54157158 20.22745995 19.87541031
  19.46393636 20.08184505 19.99276185 20.23562413]
[19.7440247  20.5047973  20.09206559 20.76325439 20.56134622 20.37966373
  20.584154   20.45458467 20.05583972 30.02262662 19.75119206 19.89187125
  20.23068197 19.95581029 20.07545598 19.71661047 20.05039123 20.09855503
  19.47408786 19.9928207  19.44413832 19.70731324 19.91499768 20.07403739
  19.9731233  19.9245802  19.94020047 20.4745312  19.89560091 20.50089625
  20.27133379 19.88465025 21.14563268 19.75100388 19.83083173 20.52282743
  20.24490197 20.11566834 20.18930073 20.29958311 20.20199663 19.11307576
  20.42481961 19.54963831 19.39484832 19.42630617 19.80419947 20.18089554
  19.4478831  20.18215928 20.05381152 20.01157485 20.21619086 20.00074561
  20.05569408 19.94523567 19.69903693 20.07717408 19.81516855 19.44599912
  20.51151618 20.29119024 20.34702929 20.06636737 19.79434105 20.31496254
  19.13210845 20.09498752 19.89272719 19.68713793 19.80770595 20.11604388
  19.42009529 19.75173233 20.1879004  19.73162908 19.95877312 20.14069563
  19.80728287 20.07267327 20.05640432 19.56613212 20.44847643 19.60163133
  19.87603223 20.08472081 20.35047448 20.27786459 20.08584062 20.08992558
  19.85299857 19.85186456 19.3629152  20.14599043 20.14471859 20.35530132
  20.01325052 19.84856089 19.59905461 20.46698132]
[19.47573197 19.84024531 19.87661549 19.97602513 20.11794423 20.01670794
  20.32795274 20.1007254  19.95829974 19.75119206 29.45853417 19.78865043
  19.95755646 19.63209428 19.84659447 19.59888256 19.60568442 20.13765359
  19.63265685 19.98926954 19.45420391 19.56931419 19.74842573 19.5877904
  19.62973335 19.86210355 19.96967207 19.93712024 20.14276284 20.31466679
  19.65412406 19.47631496 19.98695342 19.20682884 20.06292842 19.95732076
  20.39987278 19.47513921 19.82999063 20.14218789 19.63995466 19.43332452
  20.06351798 19.68041565 19.39481949 19.37931782 19.66293401 20.40098748
  19.63597164 20.27995348 19.84514615 19.95293873 19.91788506 20.1009147
  20.19000397 19.73927069 19.78910065 20.18523689 20.1483711  19.58896975
  20.12279187 20.33326093 19.69043677 19.82065595 19.80475265 20.11725792
  19.06225377 19.72015924 19.75305106 19.29036647 19.69347784 19.9369918
  19.43285708 19.62235668 20.14561995 19.55227878 19.94595337 19.44689976
  19.86854139 19.9434356  19.57051891 19.86622151 20.31354239 19.5391517
  19.70655911 20.00089001 20.47958797 20.54071394 19.9416622  19.68318263
  20.03994052 19.62684069 19.52928353 20.22927476 20.13641934 20.05943734
  19.61390671 19.76901499 19.83068957 19.50279508]
[19.4788011  19.87819033 20.09686602 19.82328756 20.30411823 19.77242325
  20.53530525 20.19948161 19.75115459 19.89187125 19.78865043 29.51791153
  19.60241189 19.62516    19.71119295 19.32648166 19.81097867 19.92311366
  19.08049881 19.78276411 19.32850608 19.40783123 19.73175437 19.91484645
  19.78433561 20.07641543 19.74819304 20.04147038 19.58153782 19.93311145
  19.74986267 19.72609419 20.29707848 19.25976684 19.96818835 20.23686916
  20.37675918 19.20006857 20.32514237 20.29602115 19.87757615 19.43505712
  20.11051422 19.82205686 19.69350744 19.50966082 20.04051839 20.15069389
  19.65516727 20.13782691 19.75464984 20.05715323 20.1029634  19.42185006
  19.92517978 19.34945897 19.86948931 19.99307867 20.09275259 19.98203237
  20.09657972 20.07062161 19.6573511  19.8827332  19.43559793 20.38506031
  18.89408157 20.10499163 19.6553374  19.49684904 20.04867152 20.30970546
  19.39372946 19.38891649 20.0045305  19.41462131 19.87013068 19.94771015
  19.95956314 20.050981   19.84835112 19.83250595 20.25475584 19.34878154
  19.97014465 19.54811986 20.33053188 20.16325544 19.94611168 19.87091434
  19.59674834 19.41944432 19.33868758 20.46453974 20.17350727 19.65235071
  20.06551205 20.15827351 19.6107607  20.06465663]
[20.10478139 20.56125604 20.35297411 20.35220194 20.53564553 20.24416883
  20.39880889 20.75218085 19.95393052 20.23068197 19.95755646 19.60241189
  29.94271562 20.06879055 20.36750752 19.7479745  19.9221675  19.94488594
  19.66729162 20.08545151 19.5231777  19.96550683 19.96864155 20.15937148
  20.02562071 20.00981404 20.02592159 20.3915585  20.32200178 20.17397453
  20.37071461 20.09076385 20.91114585 19.51668466 19.94158806 20.02564544
  20.60315609 20.21128151 19.97506525 20.3234632  19.9035819  19.72135725
  20.37521187 20.28831392 19.95421753 19.16289143 19.89189016 20.584403
  20.25399127 20.46191825 20.00554573 20.442062   20.3195936  20.16823326
  20.32867138 20.2660752  19.65875376 20.03248084 20.27761426 19.56445907
  20.50342359 20.33224546 20.34893646 20.12882566 19.9552611  20.5364378
  19.53259319 20.14035073 20.00393353 19.71664806 19.64784608 19.78850111
  19.71193124 19.60916561 20.48117211 20.10009877 19.93965645 19.98429462
  20.12148155 20.35599904 19.89630935 19.96637238 20.48308814 19.82983089
  19.96958663 20.14186736 20.46505915 20.35667812 20.31676923 20.18492732
  20.30780685 19.75546119 19.77555009 20.52765552 20.21548704 20.05350984
  20.0929461  20.40988198 19.96500451 20.04737739]
[20.00185663 20.56026329 20.04705943 20.59379441 20.26402507 20.04732817
  20.62793065 20.89125496 19.72752484 19.95581029 19.63209428 19.62516
  20.06879055 30.07407825 20.28294423 19.85269218 20.60290438 20.09194226
  19.55617305 20.08914498 19.71902532 19.54640869 20.30226307 20.10758949
  20.17671492 19.89296786 20.19352378 20.34140865 20.60299714 20.34911698
  20.07235841 20.02640253 20.57293077 19.82151351 19.89407137 20.56675405
  20.33551767 19.59328886 19.9664969  20.11717241 19.72177408 19.314916
  20.49077072 20.13637696 19.9961225  19.70249959 20.14746408 20.17069825
  19.86952244 20.12379242 20.16825691 20.18066748 20.43957545 20.29474667
  20.44959717 19.73167052 20.06780044 20.28182687 19.99506043 19.65059437
  20.38435567 20.47523478 20.09038462 20.38487147 19.93121136 20.51903487
  19.32048738 20.48276495 20.08096141 19.55818443 19.75541581 19.62326354
  20.00293057 19.58721436 20.03368704 19.59449685 20.22972673 19.69721773
  20.19472219 20.16103876 19.95095374 19.90274409 20.30515884 19.55027062
  20.29011595 20.09157108 20.63047558 20.7412707  20.07471854 19.75680057
  19.85082029 19.93228534 19.71285593 20.34297309 20.42438712 20.02621265
  20.06102627 20.11290739 20.10139614 20.05531949]
[20.09302723 20.16310617 20.00301265 20.37324774 20.39139405 20.05336913
  20.63430687 20.52568314 20.27420826 20.07545598 19.84659447 19.71119295
  20.36750752 20.28294423 29.69744307 20.13105269 20.21822867 20.0217829
  19.21556157 20.02527613 19.58130824 19.72566709 20.28428992 20.26983961
  19.68479501 19.88483512 20.36973283 20.39641331 20.18600202 20.35001731
  20.34282058 20.20546168 21.09456354 19.41061996 20.36606949 20.26595355
  20.64842943 19.60464715 20.18387665 20.30263462 19.84429284 19.55863576
  20.45176193 20.08441753 20.32106321 19.24741173 20.11185974 20.46020029
  19.6339131  20.36679017 20.13814452 20.01667255 20.2947508  20.10594003
  20.30938199 20.26011116 19.97079153 20.43396249 20.38666582 19.82186357
  20.39399039 20.39472321 20.16545411 20.5723373  19.96060876 20.61543068
  19.23367301 20.21241136 20.00584038 19.92960524 19.39183136 19.86849629
  19.78036633 19.98354331 20.10351173 19.85072091 20.1476378  19.99971799
  19.82849357 20.01352388 19.99495715 20.01807331 20.22534908 20.05963155
  20.06750417 20.08211018 20.6913609  20.41391157 20.26718015 19.99388398
  20.23169305 19.93301092 19.52604653 20.23276766 20.44530082 20.12606946
  19.59448319 20.31452486 19.96668043 20.26253329]
[19.34894767 20.57859591 20.14550611 20.00197541 19.81415746 19.7204255
  19.97336261 20.0311555  19.49188947 19.71661047 19.59888256 19.32648166
  19.7479745  19.85269218 20.13105269 29.6663778  19.83338265 19.85644871
  19.34337773 19.94958611 19.58685821 19.38947448 19.51319564 19.80807834
  19.70363975 19.67121127 19.62545407 20.10212245 19.75942053 20.03023649
  19.67653268 19.77378824 20.17984258 19.6723677  19.87687074 19.817416
  20.07067205 19.08430038 19.79154641 20.26075535 19.61548052 19.27090087
  20.28967706 19.99280282 19.54031964 18.99361275 19.73066342 20.45490862
  19.3416243  20.50650034 19.61111377 19.62573387 19.89101732 19.55540137
  19.96196919 19.58141573 20.10932894 19.76951279 20.13589501 19.62173864
  20.37301219 20.00442213 19.8780231  19.96858691 19.59766396 20.15445291
  19.12359334 20.27957508 19.92753166 19.17392706 19.27042384 19.61986066
  19.56819496 19.50259272 20.17643027 19.25227536 19.95107248 19.61371678
  19.73388505 19.78334455 19.40041654 19.81713431 19.92590952 19.64579711
  20.26693585 19.73873584 20.92577852 20.03283657 19.79789299 19.63419116
  20.09989014 19.26059545 19.45595567 20.26286534 20.33810253 20.15394924
  19.52042493 19.6686183  20.02169513 19.92530698]
[19.73031902 20.47479658 20.11906035 20.64979393 20.67536075 19.82068543
  20.62400505 20.36432806 19.69571189 20.05039123 19.60568442 19.81097867
  19.9221675  20.60290438 20.21822867 19.83338265 29.6913909  19.8578561
  19.75208103 20.23923063 19.3459488  19.37691296 19.64985332 20.13958246
  19.63993204 19.57212232 20.04011352 20.29485976 20.11611317 19.83711413
  20.1220133  19.88088727 20.85765292 19.54453315 20.06460302 20.18673634
  20.54596493 19.18187318 19.94872959 20.17451829 19.84570949 19.66595401
  20.32122295 19.77299026 19.55387793 19.63492713 19.94517013 20.38372981
  19.7361907  20.46326649 19.84192778 19.67508433 20.25508999 20.21787844
  20.49364659 19.92131539 20.01450683 20.10879415 20.20951152 19.70600229
  20.51682727 20.19482493 19.9420125  20.4136609  19.46012918 20.17564239
  19.22810946 19.83290577 20.14360586 19.37202034 19.61795049 20.01331303
  19.47298393 19.87457758 20.20985441 19.83393323 19.70723869 19.29273228
  20.34287481 20.06796793 19.78516428 19.88775312 20.45579595 19.59136978
  20.02557275 19.77250654 20.45037515 19.9838942  20.20928329 20.04246106
  20.45967045 19.80976926 19.50849765 20.48136841 20.18200364 20.15184095
  19.77633516 19.79766534 20.01141449 20.2907763 ]
[19.84428645 20.38941518 20.24976667 20.14180261 20.84914013 20.00780913
  20.64049623 20.38161482 19.66477384 20.09855503 20.13765359 19.92311366
  19.94488594 20.09194226 20.0217829  19.85644871 19.8578561  29.84174369
  19.79397885 20.09580434 19.84743113 19.5366618  20.05285642 20.23032991
  19.76363122 19.85734409 19.76561352 20.38637822 19.98096665 19.8347876
  19.90620752 19.81333904 20.35893147 19.38764445 19.97622398 19.96360306
  20.83326348 19.84404291 20.29639354 20.57470227 20.02959942 19.70974185
  20.33910306 20.04276279 20.03874427 19.64392161 20.10131454 20.68761685
  19.78811792 20.34403679 19.96997103 20.2441831  20.4253388  20.40884919
  20.62107629 19.99986265 19.74253605 20.00576917 20.06033223 19.30358423
  20.3500929  19.96922261 20.17187478 20.40201402 20.21141839 20.18578319
  19.56121967 20.47806171 19.75095245 19.49250149 19.60949889 19.62239326
  19.26929395 19.80194299 19.75974215 19.56884698 19.98700145 19.71989235
  20.36925839 20.16386718 19.88038075 20.00514206 20.36439171 19.5379246
  19.91446838 20.12498049 21.13141051 20.2039385  19.9398458  19.95694484
  20.22761071 20.10377088 19.21017614 20.62676354 19.91741956 20.05631309
  19.77046996 20.28708471 19.98092855 19.92853357]
[19.50665597 19.89442813 19.4347404  19.89189694 19.99279907 19.69159398
  19.819686   20.08102222 19.58443134 19.47408786 19.63265685 19.08049881
  19.66729162 19.55617305 19.21556157 19.34337773 19.75208103 19.79397885
  28.4216077  19.75675329 19.06403895 19.15400918 19.64156809 19.63552952
  19.42050953 19.33422536 19.2850025  19.78321085 19.55867344 19.747123
  19.60933839 19.455811   20.27286057 19.08098824 19.93763699 19.51436016
  20.12982643 19.34699295 19.82137499 19.97869504 19.54225012 18.90268406
  19.85198654 19.77896158 19.27827191 18.66842821 19.31642122 19.85411419
  19.23371663 19.67979793 18.95434621 19.5456747  20.10171904 19.53646133
  19.66507158 19.79989324 19.29987262 19.71478165 19.92803203 19.40098107
  20.11596372 19.81835562 19.69862105 19.9211304  19.46743819 19.81325931
  18.92164041 19.82777416 19.28960393 18.83378282 19.03102671 19.27083056
  19.17300742 19.9400696  19.79144247 19.25395391 19.56737011 19.50948143
  19.86394404 19.60771646 19.42311791 19.51780638 20.16097223 19.34150331
  19.44592022 19.31661588 19.96304068 19.91500758 19.79516201 19.4778182
  19.50375038 19.52057798 19.1551346  20.16700627 19.88176614 19.73531148
  19.43546978 19.71628001 19.63249426 19.48796868]
[19.59283603 20.32511289 19.96409249 20.5577123  20.36837787 20.12613512
  20.30115925 20.86096621 19.82822934 19.9928207  19.98926954 19.78276411
  20.08545151 20.08914498 20.02527613 19.94958611 20.23923063 20.09580434
  19.75675329 29.69707564 19.38695232 19.7662655  20.13332739 19.96756986
  19.62955903 19.78794816 20.0314779  20.2419191  20.27344626 20.0850002
  20.08710344 19.91066946 20.64045749 19.3718406  19.83365158 20.1768569
  20.15811902 19.84610742 19.93159896 20.33905538 19.65617555 19.2728005
  20.56598622 19.87549245 19.64008693 19.84672763 20.16896673 20.15752587
  19.49328896 20.12030403 19.65900553 19.6883091  19.99567462 20.15750786
  20.03637349 19.72093749 19.90060723 20.11928569 20.10344018 19.53825229
  20.24307149 20.35972914 20.02189654 19.93429521 19.87612053 20.4670352
  19.31025697 20.11068995 19.85357004 19.60448255 19.47084889 19.5324342
  19.6461388  19.57564168 19.72965629 19.57543812 20.26306725 19.53595688
  20.06150564 20.20501894 19.70256388 19.97834613 20.68672418 19.31716043
  20.32141483 20.00474169 20.7197768  20.06756821 20.16066236 20.10667846
  19.82212696 19.78362508 19.59729157 20.23833468 20.22714158 20.26848754
  19.78717323 20.08855044 19.84664034 19.79619933]
[19.49083376 20.43099414 19.9962317  20.00421382 20.16496869 19.74412373
  20.03610358 20.18199024 19.40169552 19.44413832 19.45420391 19.32850608
  19.5231777  19.71902532 19.58130824 19.58685821 19.3459488  19.84743113
  19.06403895 19.38695232 29.00342574 19.28132627 19.59444603 19.59360697
  19.58311305 19.63428789 19.41532123 19.93877439 19.88032945 19.89496751
  19.5856194  19.88927299 19.95483464 19.58493635 19.76326187 19.71249806
  19.89846571 19.36002921 19.97834624 20.70287033 19.44662433 19.54123973
  20.06995993 19.75438767 19.307939   18.94220134 20.16140289 19.9555333
  19.60914368 19.62165585 19.40201875 19.6388255  19.76802217 19.95528129
  19.81113846 19.75985541 19.29350255 19.91791071 19.90068285 19.09283993
  20.43822177 20.05567922 19.87892242 19.84579637 19.42313364 19.85127143
  19.01885641 19.87816987 19.44985699 19.36230213 19.62651648 19.56207008
  19.24577381 19.25066296 19.82278586 19.6271698  19.05419423 19.30553315
  19.9457112  19.87548641 19.72213199 19.91207168 20.47936882 19.35886697
  19.96398307 19.65785277 20.29334127 20.52710357 20.09588746 19.76067974
  19.95751704 19.42056114 19.17684905 20.07580038 19.90318679 19.86274501
  19.5043209  19.75131543 20.04196236 19.83646619]
[19.50466632 19.88089507 19.92491437 19.97743075 20.07460659 19.88006869
  19.94384376 20.08024235 19.46526035 19.70731324 19.56931419 19.40783123
  19.96550683 19.54640869 19.72566709 19.38947448 19.37691296 19.5366618
  19.15400918 19.7662655  19.28132627 28.56087018 19.72865375 19.48356523
  19.67287754 19.72784318 19.64642292 19.86646005 19.55339902 19.66527464
  19.64324678 19.72620821 20.44830496 18.96539828 19.45556688 20.07794872
  20.38264553 19.82630365 19.09201097 20.00965838 19.52040516 19.34342267
  19.97716758 19.66007267 19.39724754 19.46990149 19.43867727 20.04878736
  18.93623837 20.06867243 19.22519042 19.88189465 19.97022268 19.69628137
  19.83398039 19.28686198 19.26640528 20.09259046 19.91236572 19.34891725
  20.15528773 19.52207162 19.68421067 19.82491055 19.14364988 20.13333002
  19.09379166 20.22928666 19.61640224 19.50054624 19.27684219 19.64058139
  19.06640713 19.06536496 19.84096356 19.4276453  19.32189828 19.49413861
  19.74219609 19.89237134 19.51192519 19.75972694 20.20829865 19.37083629
  19.45269722 20.08002383 20.19135874 19.84729158 19.6382737  19.85022044
  19.66630955 19.57472939 19.3273176  19.90788474 19.76650016 19.83215952
  19.62838832 19.69032955 19.77036182 19.85996093]
[20.00109435 20.29781167 19.97139314 19.80035074 20.45149853 20.10132337
  20.4730563  20.79350773 19.81638094 19.91499768 19.74842573 19.73175437
  19.96864155 20.30226307 20.28428992 19.51319564 19.64985332 20.05285642
  19.64156809 20.13332739 19.59444603 19.72865375 29.97609059 19.62529493
  19.89774739 19.93587059 20.13526621 20.20733754 20.15597937 20.02820716
  19.80246    20.09335037 20.536752   19.89000762 19.92112197 20.35794683
  20.39420048 19.9198671  20.00802429 20.41257592 19.77636798 19.7740888
  20.4226393  20.17309439 19.44329311 19.80482126 20.15219965 20.2178277
  19.79416553 20.22805732 20.10221983 20.12843297 20.51791197 20.21703183
  19.61965697 19.58616396 20.18866709 20.27765913 20.46658112 19.73708786
  20.68141796 19.87292329 19.9183354  20.31638436 19.58242543 20.65513942
  19.3025356  19.93927733 19.97369469 19.89872905 19.75627656 19.69490224
  19.43419998 20.09464232 20.23134508 19.78122982 20.23855877 19.94600682
  20.16916114 19.99582185 19.68030588 19.78959221 20.76413473 19.82786682
  20.01881947 20.2102556  20.55088294 20.43846098 20.49345346 19.74744913
  20.4415559  19.8073808  19.43584493 20.51962112 20.10054285 20.21941288
  20.15431103 20.12023997 19.83141827 20.26838609]
[19.97072373 20.3590157  20.09762249 19.88629762 20.53643292 20.13501824
  20.55610681 20.60437246 19.82503962 20.07403739 19.5877904  19.91484645
  20.15937148 20.10758949 20.26983961 19.80807834 20.13958246 20.23032991
  19.63552952 19.96756986 19.59360697 19.48356523 19.62529493 29.51094481
  19.73751829 20.00542602 19.9519599  20.46677191 20.12013146 19.84202989
  20.31507549 20.13506377 20.50440562 19.2914815  19.72829048 19.45572362
  20.37007898 19.61995834 19.86356662 20.33685014 19.95347749 19.71939779
  20.36546376 19.90443765 19.76424195 19.49000301 19.92963242 20.44480276
  19.89490933 20.33682822 19.97376552 20.24117816 19.83582205 19.91613549
  20.05324075 19.77495686 19.49110572 20.04251077 20.42214629 19.65693933
  20.63105734 20.0103751  19.89037431 20.20547803 19.45446604 20.65176947
  19.14285808 20.50266577 19.83881539 19.87290306 19.70806523 19.61767526
  19.78208102 19.94895365 19.94359725 19.60245528 20.14432596 19.44989881
  19.66855782 20.10096683 20.17739483 20.05439983 20.42675669 19.55960545
  20.05311225 19.86411601 20.61513579 20.39084929 20.12606272 20.24676458
  19.86457385 19.52581212 19.67096302 20.40984758 20.20544768 20.08855377
  20.04118276 19.76662829 20.00994831 20.04500705]
[20.01523968 20.11211407 20.25640612 19.92410742 20.22794533 19.79651284
  20.38696847 20.73731158 19.88920164 19.9731233  19.62973335 19.78433561
  20.02562071 20.17671492 19.68479501 19.70363975 19.63993204 19.76363122
  19.42050953 19.62955903 19.58311305 19.67287754 19.89774739 19.73751829
  29.65608104 19.81055163 19.99478863 20.15450607 20.24425225 19.86356605
  19.72382427 20.2174927  20.82886665 19.05500969 19.88889361 20.27345961
  19.81178181 19.3176061  19.79119241 20.2034178  19.80751818 19.47746399
  20.29208856 19.78014517 19.52656267 19.11980771 20.01584998 20.25221608
  19.60023411 20.24587639 19.5379965  19.70854892 20.13477446 19.91292593
  20.26724497 19.81179661 19.74047985 20.18375768 20.4458903  19.28015573
  20.82867768 19.9445176  20.04447063 20.23711977 19.52396637 20.26784566
  19.09942691 20.10341527 19.92105665 19.47562829 19.47904597 20.0143875
  19.40586744 19.61251009 20.06599628 19.53321124 19.98923985 19.51670467
  19.91037113 19.85141893 19.6781088  19.93944379 20.20418177 19.4535593
  19.86666751 20.11208053 20.27458589 20.40095298 19.79966497 19.84963599
  20.07283136 19.43660813 19.58830372 19.9216204  20.068225   20.2263771
  19.34838989 20.14954119 19.94724963 19.94747449]
[19.85542802 20.4351394  19.80813571 19.91491744 20.13762964 19.96092154
  20.3537203  20.32537721 19.9991351  19.9245802  19.86210355 20.07641543
  20.00981404 19.89296786 19.88483512 19.67121127 19.57212232 19.85734409
  19.33422536 19.78794816 19.63428789 19.72784318 19.93587059 20.00542602
  19.81055163 29.37900653 19.8196266  20.47236671 20.23827401 20.2322278
  19.84317639 20.01592247 20.38190089 19.28255022 20.03602008 19.91735152
  20.60258098 19.82535052 20.18409184 20.3127345  19.64549386 19.39689125
  20.50189832 20.02979635 19.72548779 19.29135478 19.92635515 20.04695414
  19.70617184 20.19838221 19.88607773 19.89307119 20.07701437 19.727782
  20.39035645 20.04245551 19.79257025 20.32648342 20.23911634 19.88733076
  20.32559415 19.99355107 19.98294922 20.07470728 19.43950149 20.17772215
  18.97570576 20.29868668 20.03796304 19.80345351 19.57305944 19.70331195
  19.57251153 19.92510994 20.30930626 19.79560211 19.38047317 19.69179395
  20.17405255 19.84318573 19.91847769 19.88898825 20.19832772 19.67278354
  20.08940348 20.12053586 20.66950921 20.38715318 20.23837309 19.98647633
  20.24599139 19.5764401  19.96441892 20.53727032 20.21694562 19.92967502
  20.04686894 20.09147823 19.94503641 19.94742865]
[19.53125108 20.07094327 19.81439667 20.0205746  20.76386933 20.29305641
  20.1398097  20.47954572 19.80120298 19.94020047 19.96967207 19.74819304
  20.02592159 20.19352378 20.36973283 19.62545407 20.04011352 19.76561352
  19.2850025  20.0314779  19.41532123 19.64642292 20.13526621 19.9519599
  19.99478863 19.8196266  29.76878844 20.18661963 20.11778498 20.0248875
  20.01949922 19.65938059 20.69822039 19.39224987 20.09598908 20.19434589
  20.20652823 19.76643197 20.15337235 20.36828758 19.91620481 19.35129532
  20.56250487 19.75314206 19.89098434 19.36509747 19.55038239 20.2358053
  19.84778992 20.06037092 19.89470336 20.08769361 19.95286466 20.29159807
  20.3825466  19.85089923 19.87822898 20.09367968 20.14849886 19.57550445
  20.31289886 20.18925112 19.97992339 20.07125707 19.80435355 20.14040407
  19.18288833 20.05268497 20.04408951 19.8502173  19.83039307 19.9684307
  19.41012753 19.89735355 20.42027105 19.86142719 19.81112943 19.98406629
  20.08626398 19.92036153 19.55267254 20.03271625 20.63778461 19.439113
  20.21715258 20.38739915 20.43841611 20.32421898 20.39162646 20.17829231
  20.06744422 19.56522474 19.67949894 20.57587213 20.08603956 20.19339874
  19.92968581 19.94250415 20.07875044 20.17088401]
[20.53988927 20.75007676 20.60841282 20.48494383 20.56887871 20.53338652
  20.82155935 20.43283033 20.3080868  20.4745312  19.93712024 20.04147038
  20.3915585  20.34140865 20.39641331 20.10212245 20.29485976 20.38637822
  19.78321085 20.2419191  19.93877439 19.86646005 20.20733754 20.46677191
  20.15450607 20.47236671 20.18661963 30.39829149 20.65507204 20.2109964
  20.80238513 20.4788927  20.58253499 19.84248203 20.45824391 20.96491261
  20.56334398 19.81949065 20.14257881 20.7894193  19.99874294 19.87753937
  20.50958812 20.09234297 20.43623725 19.27821041 20.55234572 20.21306309
  20.04338567 20.58290972 20.4030669  20.27187747 20.75567497 20.31139514
  20.48036936 20.09111251 20.05017384 20.96076472 20.46976338 20.15981391
  21.00582644 20.64407323 20.60845383 20.26738537 20.2617035  20.59165988
  19.58963102 20.41014779 20.12825577 19.93567171 19.99812491 20.15947435
  19.93474598 20.31170285 20.20476776 19.95495256 20.11200614 20.43396405
  20.77617767 20.20052893 20.15419117 20.09507872 20.79185271 20.08674456
  20.11155285 20.46613379 20.72401722 20.82398005 20.52489193 20.53356562
  20.34378557 20.09689828 19.71426602 20.77206373 20.56249795 20.47089155
  20.32455767 20.09758426 20.2541598  20.22410378]
[19.91313331 20.5563245  20.32349232 20.32354834 20.62368166 20.46661274
  20.67887825 20.61371055 19.94536505 19.89560091 20.14276284 19.58153782
  20.32200178 20.60299714 20.18600202 19.75942053 20.11611317 19.98096665
  19.55867344 20.27344626 19.88032945 19.55339902 20.15597937 20.12013146
  20.24425225 20.23827401 20.11778498 20.65507204 30.2092781  20.12539996
  19.81745934 20.67680228 21.25875225 19.261214   20.07720836 20.20850796
  20.40508064 20.42515326 20.27612462 20.32617121 19.9763351  19.76445119
  20.58198755 19.55110989 20.17070444 19.42596082 20.44561502 20.47320483
  20.27573614 20.61357482 20.21214171 20.38684922 20.02790666 20.44282716
  20.28141339 20.57253192 19.91963432 20.70027204 20.6295251  19.71310148
  20.46556035 20.46140958 20.36444235 20.12763012 19.74326828 20.61800856
  19.31664636 20.44515889 20.26072448 20.02626228 19.94555852 19.77302127
  20.08102064 19.82635979 19.76597239 19.97777686 19.85384821 20.18876539
  20.39165773 19.84932251 20.01413637 20.32498771 20.70461833 20.05119268
  20.13595828 20.35304332 20.79110117 20.50676169 20.35398365 19.69199477
  20.26134778 19.90882944 19.56492183 20.63151403 20.12980485 19.85677756
  19.93591024 20.18637251 20.29379703 20.33632013]
[19.93668105 20.31909073 19.80617641 20.32130837 20.41887849 20.17733876
  20.55094653 20.7110924  20.42498352 20.50089625 20.31466679 19.93311145
  20.17397453 20.34911698 20.35001731 20.03023649 19.83711413 19.8347876
  19.747123   20.0850002  19.89496751 19.66527464 20.02820716 19.84202989
  19.86356605 20.2322278  20.0248875  20.2109964  20.12539996 29.85579855
  19.96921318 20.01965646 20.67260063 19.70369641 20.14869948 20.0160266
  20.42630401 19.88264026 20.54698628 20.50830575 20.139504   19.13537272
  20.70200862 19.96430288 20.14501138 19.636129   20.23569442 20.24738798
  19.91328589 20.51568544 20.02113415 19.99356914 20.29090712 19.81623619
  20.79300491 20.02055285 20.24069607 20.60449957 20.37486038 19.59709474
  21.00644181 20.51467189 20.35496788 20.38555036 19.95638658 20.5951403
  19.45031062 20.3088207  20.46702471 19.76265864 19.75474918 20.13681262
  19.49930178 19.72995436 20.56466535 20.06534334 19.88073453 19.86662382
  20.01776248 20.1777073  20.66127663 20.25553956 20.80841181 19.8035538
  20.24978392 20.19320953 20.67528458 20.45854273 20.16664836 20.28056747
  20.19919623 19.6264819  19.6414719  20.59838711 20.23005014 20.09741748
  19.89072206 20.0126148  20.45670087 20.15642831]
[20.23721312 20.18570265 20.02464901 20.13244728 20.46013659 20.17660547
  20.69569761 20.67288007 20.0221271  20.27133379 19.65412406 19.74986267
  20.37071461 20.07235841 20.34282058 19.67653268 20.1220133  19.90620752
  19.60933839 20.08710344 19.5856194  19.64324678 19.80246    20.31507549
  19.72382427 19.84317639 20.01949922 20.80238513 19.81745934 19.96921318
  30.26045194 20.11368969 20.60835125 19.49871714 20.04543288 20.22342758
  20.19390128 19.68025804 20.37579301 20.24733661 19.80341402 19.50416028
  20.51851851 20.1104609  19.64976124 19.32143992 20.11877012 20.11601141
  20.02643147 20.48708567 19.91622662 20.13348315 20.08507346 20.06368013
  19.94271677 20.37323661 20.07125403 20.04658526 20.45761776 19.57468545
  20.63812236 20.45752828 19.90543225 20.41389697 19.75644142 20.33056721
  19.13197227 20.16364812 19.97639059 19.40442715 19.99208945 19.9545074
  19.41205075 19.71366635 20.24799058 19.92915625 20.1026065  20.13680557
  20.27868668 20.33243792 19.86028821 19.86568801 21.00529589 19.60226013
  19.95667094 20.27018324 20.43686245 20.90890448 20.1939261  20.30489388
  19.93970524 19.5994502  19.37961238 20.25428241 20.45792992 20.13970848
  19.62074573 20.01181768 19.7082914  20.2462984 ]
[19.91245576 20.30929671 20.2056713  20.67536927 20.439066   19.69760722
  20.46520124 20.47410106 19.83016069 19.88465025 19.47631496 19.72609419
  20.09076385 20.02640253 20.20546168 19.77378824 19.88088727 19.81333904
  19.455811   19.91066946 19.88927299 19.72620821 20.09335037 20.13506377
  20.2174927  20.01592247 19.65938059 20.4788927  20.67680228 20.01965646
  20.11368969 29.99861474 20.57099261 19.53657411 20.1177191  19.84706315
  20.12790665 19.87388223 20.05393457 20.45552639 19.80999282 20.05725556
  20.29497571 20.084669   19.62480271 19.85270283 20.44497083 20.45592136
